{"coordinates": [[[9.0, 10.0, 10.0], [10.0, 10.0, 10.0], [8.33, 10.0, 9.999], [11.66, 10.0, 10.0]]], "HF": [-77.32691869502], "elements": [["C", "C", "H", "H"]], "S": [[[1.0, -0.2157, 0.19014, -0.0, -0.0, -0.0, 0.0, 0.0, 0.0, -0.0, 0.0, 0.0, -0.0, 0.0, 0.001195, 0.04229, 0.087092, 0.0, -0.08016, 0.0, 0.0, -0.146886, 0.0, -0.085937, -0.0, 0.0, 0.148847, -0.0, 0.061534, 0.098331, 1.1e-05, 0.11517, 0.0, 0.000336, 0.018512, -0.0, -0.000213, 0.0], [-0.2157, 1.0, 0.718332, 0.0, 0.0, 0.0, -0.0, 0.0, -0.0, 0.0, 0.0, 0.0, -0.0, 0.0, 0.04229, 0.254133, 0.393821, 0.0, -0.329109, 0.0, -0.0, -0.520537, -0.0, -0.151279, -0.0, 0.0, 0.262024, -0.0, 0.328916, 0.439631, 3.4e-05, 0.366236, 0.0, 0.010864, 0.111317, -1e-06, -0.012499, 0.0], [0.19014, 0.718332, 1.0, 0.0, 0.0, 0.0, -0.0, 0.0, -0.0, 0.0, 0.0, 0.0, -0.0, 0.0, 0.087092, 0.393821, 0.663413, 0.0, -0.260913, 0.0, -0.0, -0.606811, -0.0, -0.066732, 0.0, 0.0, 0.115584, 0.0, 0.469981, 0.745608, 2.3e-05, 0.244918, 0.0, 0.084567, 0.277967, -4e-06, -0.080481, 0.0], [-0.0, 0.0, 0.0, 1.0, 0.0, 0.0, 0.530759, 0.0, 0.0, -0.0, -0.0, -0.0, 0.0, -0.0, 0.0, 0.0, 0.0, 0.175626, 0.0, 0.0, 0.284683, 0.0, 0.0, 0.0, -0.368294, -0.0, -0.0, -0.0, -3.8e-05, -2e-05, 0.236957, -6.1e-05, 0.0, 1e-06, 5e-06, 0.002468, -1e-06, -0.0], [-0.0, 0.0, 0.0, 0.0, 1.0, 0.0, 0.0, 0.530759, 0.0, 0.0, -0.0, -0.0, -0.0, -0.0, 0.08016, 0.329109, 0.260913, 0.0, -0.374941, 0.0, -0.0, -0.069628, -0.0, -0.113921, 0.0, 0.0, 0.197316, 0.0, -0.40717, -0.208457, -6.1e-05, -0.411073, 0.0, 0.020353, 0.104734, -1e-06, -0.025823, -0.0], [-0.0, 0.0, 0.0, 0.0, 0.0, 1.0, 0.0, 0.0, 0.530759, 0.0, -0.0, -0.0, 0.0, -0.0, 0.0, 0.0, 0.0, 0.0, 0.0, 0.175626, 0.0, 0.0, 0.284683, 0.0, -0.0, -0.0, -0.0, -0.368294, 0.0, 0.0, -0.0, -0.0, 0.236957, 0.0, 0.0, 0.0, 0.0, 0.002468], [0.0, -0.0, -0.0, 0.530759, 0.0, 0.0, 1.0, 0.0, 0.0, 0.0, 0.0, 0.0, 0.0, 0.0, 0.0, -0.0, -0.0, 0.284683, 0.0, 0.0, 0.677026, 0.0, 0.0, 0.0, -0.242639, 0.0, 0.0, 0.0, -5.3e-05, -4.9e-05, 0.298774, -2.9e-05, 0.0, 1e-05, 1.9e-05, 0.049832, -1e-05, 0.0], [0.0, 0.0, 0.0, 0.0, 0.530759, 0.0, 0.0, 1.0, 0.0, 0.0, 0.0, 0.0, 0.0, 0.0, 0.146886, 0.520537, 0.606811, -0.0, -0.069628, -0.0, 0.0, 0.148883, 0.0, 0.054432, 0.0, 0.0, -0.094279, 0.0, -0.563459, -0.526686, -2.9e-05, -0.004999, 0.0, 0.22818, 0.426784, -1e-05, -0.179335, 0.0], [0.0, -0.0, -0.0, 0.0, 0.0, 0.530759, 0.0, 0.0, 1.0, 0.0, 0.0, 0.0, 0.0, 0.0, 0.0, -0.0, -0.0, 0.0, 0.0, 0.284683, 0.0, 0.0, 0.677026, 0.0, 0.0, 0.0, 0.0, -0.242639, -0.0, 0.0, 0.0, 0.0, 0.298774, -0.0, 0.0, 0.0, 0.0, 0.049832], [-0.0, 0.0, 0.0, -0.0, 0.0, 0.0, 0.0, 0.0, 0.0, 1.0, 0.0, 0.0, 0.0, 0.0, -0.085937, -0.151279, -0.066732, 0.0, 0.113921, 0.0, 0.0, -0.054432, 0.0, 0.17599, 0.0, 0.0, 0.116298, 0.0, -0.204168, -0.0383, -8.3e-05, -0.072269, 0.0, -0.021235, -0.04167, 2e-06, 0.031123, 0.0], [0.0, 0.0, 0.0, -0.0, -0.0, -0.0, 0.0, 0.0, 0.0, 0.0, 1.0, 0.0, 0.0, 0.0, 0.0, 0.0, 0.0, 0.368294, 0.0, 0.0, 0.242639, 0.0, 0.0, 0.0, -0.444518, 0.0, 0.0, 0.0, 6.6e-05, 1.2e-05, -0.466639, 6.7e-05, 0.0, 3e-06, 6e-06, 0.011381, -5e-06, 0.0], [0.0, 0.0, 0.0, -0.0, -0.0, -0.0, 0.0, 0.0, 0.0, 0.0, 0.0, 1.0, 0.0, 0.0, 0.0, 0.0, 0.0, -0.0, -0.0, -0.0, 0.0, 0.0, 0.0, 0.0, 0.0, 0.243134, 0.0, 0.0, -0.0, 0.0, 0.0, 0.0, -4.4e-05, 0.0, 0.0, 0.0, 0.0, 1e-06], [-0.0, -0.0, -0.0, 0.0, -0.0, 0.0, 0.0, 0.0, 0.0, 0.0, 0.0, 0.0, 1.0, 0.0, 0.148847, 0.262024, 0.115584, -0.0, -0.197316, -0.0, 0.0, 0.094279, 0.0, 0.116298, 0.0, 0.0, 0.041701, 0.0, 0.35363, 0.066338, 5.6e-05, 0.125173, 0.0, 0.036781, 0.072174, -3e-06, -0.053907, 0.0], [0.0, 0.0, 0.0, -0.0, -0.0, -0.0, 0.0, 0.0, 0.0, 0.0, 0.0, 0.0, 0.0, 1.0, 0.0, 0.0, 0.0, 0.0, 0.0, 0.368294, 0.0, 0.0, 0.242639, 0.0, 0.0, 0.0, 0.0, -0.444518, -0.0, 0.0, 0.0, 0.0, -0.466639, 0.0, 0.0, 0.0, 0.0, 0.011381], [0.001195, 0.04229, 0.087092, 0.0, 0.08016, 0.0, 0.0, 0.146886, 0.0, -0.085937, 0.0, 0.0, 0.148847, 0.0, 1.0, -0.2157, 0.19014, -0.0, -0.0, -0.0, 0.0, 0.0, 0.0, -0.0, 0.0, 0.0, -0.0, 0.0, 0.000336, 0.018512, 0.0, 0.000213, 0.0, 0.061534, 0.098331, -1.1e-05, -0.11517, 0.0], [0.04229, 0.254133, 0.393821, 0.0, 0.329109, 0.0, -0.0, 0.520537, -0.0, -0.151279, 0.0, 0.0, 0.262024, 0.0, -0.2157, 1.0, 0.718332, 0.0, 0.0, 0.0, -0.0, -0.0, -0.0, 0.0, 0.0, 0.0, -0.0, 0.0, 0.010864, 0.111317, 1e-06, 0.012499, 0.0, 0.328916, 0.439631, -3.4e-05, -0.366236, 0.0], [0.087092, 0.393821, 0.663413, 0.0, 0.260913, 0.0, -0.0, 0.606811, -0.0, -0.066732, 0.0, 0.0, 0.115584, 0.0, 0.19014, 0.718332, 1.0, 0.0, 0.0, 0.0, -0.0, 0.0, -0.0, 0.0, 0.0, 0.0, -0.0, 0.0, 0.084567, 0.277967, 4e-06, 0.080481, 0.0, 0.469981, 0.745608, -2.3e-05, -0.244918, 0.0], [0.0, 0.0, 0.0, 0.175626, 0.0, 0.0, 0.284683, -0.0, 0.0, 0.0, 0.368294, -0.0, -0.0, 0.0, -0.0, 0.0, 0.0, 1.0, 0.0, 0.0, 0.530759, 0.0, 0.0, -0.0, -0.0, -0.0, 0.0, -0.0, -1e-06, -5e-06, 0.002468, -1e-06, 0.0, 3.8e-05, 2e-05, 0.236957, -6.1e-05, -0.0], [-0.08016, -0.329109, -0.260913, 0.0, -0.374941, 0.0, 0.0, -0.069628, 0.0, 0.113921, 0.0, -0.0, -0.197316, 0.0, -0.0, 0.0, 0.0, 0.0, 1.0, 0.0, 0.0, 0.530759, 0.0, 0.0, -0.0, -0.0, -0.0, -0.0, -0.020353, -0.104734, -1e-06, -0.025823, 0.0, 0.40717, 0.208457, -6.1e-05, -0.411073, -0.0], [0.0, 0.0, 0.0, 0.0, 0.0, 0.175626, 0.0, -0.0, 0.284683, 0.0, 0.0, -0.0, -0.0, 0.368294, -0.0, 0.0, 0.0, 0.0, 0.0, 1.0, 0.0, 0.0, 0.530759, 0.0, -0.0, -0.0, 0.0, -0.0, 0.0, 0.0, -0.0, -0.0, 0.002468, 0.0, 0.0, 0.0, 0.0, 0.236957], [0.0, -0.0, -0.0, 0.284683, -0.0, 0.0, 0.677026, 0.0, 0.0, 0.0, 0.242639, 0.0, 0.0, 0.0, 0.0, -0.0, -0.0, 0.530759, 0.0, 0.0, 1.0, 0.0, 0.0, 0.0, 0.0, 0.0, 0.0, 0.0, -1e-05, -1.9e-05, 0.049832, -1e-05, 0.0, 5.3e-05, 4.9e-05, 0.298774, -2.9e-05, 0.0], [-0.146886, -0.520537, -0.606811, 0.0, -0.069628, 0.0, 0.0, 0.148883, 0.0, -0.054432, 0.0, 0.0, 0.094279, 0.0, 0.0, -0.0, 0.0, 0.0, 0.530759, 0.0, 0.0, 1.0, 0.0, -0.0, 0.0, 0.0, 0.0, 0.0, -0.22818, -0.426784, -1e-05, -0.179335, 0.0, 0.563459, 0.526686, -2.9e-05, -0.004999, 0.0], [0.0, -0.0, -0.0, 0.0, -0.0, 0.284683, 0.0, 0.0, 0.677026, 0.0, 0.0, 0.0, 0.0, 0.242639, 0.0, -0.0, -0.0, 0.0, 0.0, 0.530759, 0.0, 0.0, 1.0, 0.0, 0.0, 0.0, 0.0, 0.0, -0.0, 0.0, 0.0, 0.0, 0.049832, -0.0, 0.0, 0.0, 0.0, 0.298774], [-0.085937, -0.151279, -0.066732, 0.0, -0.113921, 0.0, 0.0, 0.054432, 0.0, 0.17599, 0.0, 0.0, 0.116298, 0.0, -0.0, 0.0, 0.0, -0.0, 0.0, 0.0, 0.0, -0.0, 0.0, 1.0, 0.0, 0.0, 0.0, 0.0, -0.021235, -0.04167, -2e-06, -0.031123, 0.0, -0.204168, -0.0383, 8.3e-05, 0.072269, 0.0], [-0.0, -0.0, 0.0, -0.368294, 0.0, -0.0, -0.242639, 0.0, 0.0, 0.0, -0.444518, 0.0, 0.0, 0.0, 0.0, 0.0, 0.0, -0.0, -0.0, -0.0, 0.0, 0.0, 0.0, 0.0, 1.0, 0.0, 0.0, 0.0, 3e-06, 6e-06, -0.011381, 5e-06, 0.0, 6.6e-05, 1.2e-05, 0.466639, -6.7e-05, 0.0], [0.0, 0.0, 0.0, -0.0, 0.0, -0.0, 0.0, 0.0, 0.0, 0.0, 0.0, 0.243134, 0.0, 0.0, 0.0, 0.0, 0.0, -0.0, -0.0, -0.0, 0.0, 0.0, 0.0, 0.0, 0.0, 1.0, 0.0, 0.0, -0.0, 0.0, 0.0, 0.0, -1e-06, 0.0, 0.0, 0.0, 0.0, 4.4e-05], [0.148847, 0.262024, 0.115584, -0.0, 0.197316, -0.0, 0.0, -0.094279, 0.0, 0.116298, 0.0, 0.0, 0.041701, 0.0, -0.0, -0.0, -0.0, 0.0, -0.0, 0.0, 0.0, 0.0, 0.0, 0.0, 0.0, 0.0, 1.0, 0.0, 0.036781, 0.072174, 3e-06, 0.053907, 0.0, 0.35363, 0.066338, -5.6e-05, -0.125173, 0.0], [-0.0, -0.0, 0.0, -0.0, 0.0, -0.368294, 0.0, 0.0, -0.242639, 0.0, 0.0, 0.0, 0.0, -0.444518, 0.0, 0.0, 0.0, -0.0, -0.0, -0.0, 0.0, 0.0, 0.0, 0.0, 0.0, 0.0, 0.0, 1.0, -0.0, 0.0, 0.0, 0.0, -0.011381, 0.0, 0.0, 0.0, 0.0, 0.466639], [0.061534, 0.328916, 0.469981, -3.8e-05, -0.40717, 0.0, -5.3e-05, -0.563459, -0.0, -0.204168, 6.6e-05, -0.0, 0.35363, -0.0, 0.000336, 0.010864, 0.084567, -1e-06, -0.020353, 0.0, -1e-05, -0.22818, -0.0, -0.021235, 3e-06, -0.0, 0.036781, -0.0, 1.0, 0.68486, -0.0, -0.0, -0.0, 0.0001, 0.014515, -0.0, -5.7e-05, -0.0], [0.098331, 0.439631, 0.745608, -2e-05, -0.208457, 0.0, -4.9e-05, -0.526686, 0.0, -0.0383, 1.2e-05, 0.0, 0.066338, 0.0, 0.018512, 0.111317, 0.277967, -5e-06, -0.104734, 0.0, -1.9e-05, -0.426784, 0.0, -0.04167, 6e-06, 0.0, 0.072174, 0.0, 0.68486, 1.0, 0.0, -0.0, -0.0, 0.014515, 0.089318, -1e-06, -0.014473, -0.0], [1.1e-05, 3.4e-05, 2.3e-05, 0.236957, -6.1e-05, -0.0, 0.298774, -2.9e-05, 0.0, -8.3e-05, -0.466639, 0.0, 5.6e-05, 0.0, 0.0, 1e-06, 4e-06, 0.002468, -1e-06, -0.0, 0.049832, -1e-05, 0.0, -2e-06, -0.011381, 0.0, 3e-06, 0.0, -0.0, 0.0, 1.0, 0.0, 0.0, 0.0, 1e-06, 1e-06, -0.0, 0.0], [0.11517, 0.366236, 0.244918, -6.1e-05, -0.411073, -0.0, -2.9e-05, -0.004999, 0.0, -0.072269, 6.7e-05, 0.0, 0.125173, 0.0, 0.000213, 0.012499, 0.080481, -1e-06, -0.025823, -0.0, -1e-05, -0.179335, 0.0, -0.031123, 5e-06, 0.0, 0.053907, 0.0, -0.0, -0.0, 0.0, 1.0, 0.0, 5.7e-05, 0.014473, -0.0, -1.6e-05, 0.0], [0.0, 0.0, 0.0, 0.0, 0.0, 0.236957, 0.0, 0.0, 0.298774, 0.0, 0.0, -4.4e-05, 0.0, -0.466639, 0.0, 0.0, 0.0, 0.0, 0.0, 0.002468, 0.0, 0.0, 0.049832, 0.0, 0.0, -1e-06, 0.0, -0.011381, -0.0, -0.0, 0.0, 0.0, 1.0, -0.0, -0.0, 0.0, 0.0, 1e-06], [0.000336, 0.010864, 0.084567, 1e-06, 0.020353, 0.0, 1e-05, 0.22818, -0.0, -0.021235, 3e-06, 0.0, 0.036781, 0.0, 0.061534, 0.328916, 0.469981, 3.8e-05, 0.40717, 0.0, 5.3e-05, 0.563459, -0.0, -0.204168, 6.6e-05, 0.0, 0.35363, 0.0, 0.0001, 0.014515, 0.0, 5.7e-05, -0.0, 1.0, 0.68486, -0.0, -0.0, -0.0], [0.018512, 0.111317, 0.277967, 5e-06, 0.104734, 0.0, 1.9e-05, 0.426784, 0.0, -0.04167, 6e-06, 0.0, 0.072174, 0.0, 0.098331, 0.439631, 0.745608, 2e-05, 0.208457, 0.0, 4.9e-05, 0.526686, 0.0, -0.0383, 1.2e-05, 0.0, 0.066338, 0.0, 0.014515, 0.089318, 1e-06, 0.014473, -0.0, 0.68486, 1.0, -0.0, 0.0, -0.0], [-0.0, -1e-06, -4e-06, 0.002468, -1e-06, 0.0, 0.049832, -1e-05, 0.0, 2e-06, 0.011381, 0.0, -3e-06, 0.0, -1.1e-05, -3.4e-05, -2.3e-05, 0.236957, -6.1e-05, 0.0, 0.298774, -2.9e-05, 0.0, 8.3e-05, 0.466639, 0.0, -5.6e-05, 0.0, -0.0, -1e-06, 1e-06, -0.0, 0.0, -0.0, -0.0, 1.0, 0.0, 0.0], [-0.000213, -0.012499, -0.080481, -1e-06, -0.025823, 0.0, -1e-05, -0.179335, 0.0, 0.031123, -5e-06, 0.0, -0.053907, 0.0, -0.11517, -0.366236, -0.244918, -6.1e-05, -0.411073, 0.0, -2.9e-05, -0.004999, 0.0, 0.072269, -6.7e-05, 0.0, -0.125173, 0.0, -5.7e-05, -0.014473, -0.0, -1.6e-05, 0.0, -0.0, 0.0, 0.0, 1.0, 0.0], [0.0, 0.0, 0.0, -0.0, -0.0, 0.002468, 0.0, 0.0, 0.049832, 0.0, 0.0, 1e-06, 0.0, 0.011381, 0.0, 0.0, 0.0, -0.0, -0.0, 0.236957, 0.0, 0.0, 0.298774, 0.0, 0.0, 4.4e-05, 0.0, 0.466639, -0.0, -0.0, 0.0, 0.0, 1e-06, -0.0, -0.0, 0.0, 0.0, 1.0]]], "h": [[[-14.071300268453705, 2.985515977605464, -2.6819764219837876, 1e-06, -0.002232, 0.0, 0.0, -0.001611, -0.0, 0.003405, -0.0, -0.0, -0.005898, 0.0, -0.01796950191580218, -0.5935835824429072, -1.2255978007121702, 0.0, 1.1365101368792492, 0.0, 0.0, 2.0741896162380913, -0.0, 1.2251274076471061, 0.0, 0.0, -2.121981102645529, 0.0, -0.8636285505330303, -1.3820732350483214, -0.00015467993395299078, -1.6367049084878134, -0.0, -0.0041833143462004455, -0.258853176121615, 0.0, 0.0023335296301806394, 0.0], [2.985515977605464, -4.998644268453706, -3.1427655742108875, 5e-06, -0.082146, -0.0, 4e-06, -0.081658, 0.0, 0.126224, -1.1e-05, -0.0, -0.218626, -0.0, -0.5935835824429072, -1.1857875141159457, -1.881697842663707, -0.0, 1.5122739439395305, 0.0, 1e-06, 2.199419070917087, 0.0, 0.4727445207704082, 0.0, -0.0, -0.8188216376453139, 0.0, -1.562171468734719, -1.9944310039715711, -0.000132192523127426, -1.4211850264734116, -0.0, -0.08725916386048106, -0.5864594734404611, 8.152721268453706e-06, 0.11508586313440287, 0.0], [-2.6819764219837876, -3.1427655742108875, -5.068254268453706, 6e-06, -0.107131, 0.0, 7e-06, -0.178641, 0.0, 0.18105, -1.4e-05, 0.0, -0.313588, -0.0, -1.2255978007121702, -1.881697842663707, -3.4559302748686784, -1e-06, 1.4626739643160618, 0.0, 0.0, 3.052641945631662, 0.0, 0.5169413956864527, -2e-06, -0.0, -0.8953721350929531, -0.0, -2.3870690944691413, -3.634211199529231, -0.00013151258917443523, -1.4034871876271449, -0.0, -0.49029417950932463, -1.4498644728282712, 2.9610885073814825e-05, 0.49957816040642267, 0.0], [1e-06, 5e-06, 6e-06, -4.1834722684537065, -7e-06, -0.0, -2.4412211877232206, -6e-06, 0.0, -1e-06, -0.036911, 0.0, 7e-06, 0.0, -0.0, 0.0, 1e-06, -0.8888558254934507, -0.0, -0.0, -1.3492621488672065, -3e-06, -0.0, -0.0, 1.6276483268438893, 0.0, 1e-06, 0.0, 0.00018680340820124083, 0.00010005442536907414, -1.0847363736089848, 0.0002643159973756761, 0.0, -6.1527212684537065e-06, -2.4763606342268532e-05, -0.01885791609054375, 8.152721268453706e-06, 0.0], [-0.002232, -0.082146, -0.107131, -7e-06, -4.451270268453706, -0.0, -6e-06, -2.7019831877232203, 0.0, 0.101586, 1.6e-05, 0.0, -0.175952, 0.0, -1.1365101368792492, -1.5122739439395305, -1.4626739643160618, -0.0, 1.839337465115301, 0.0, -1e-06, 0.32640667647989463, 0.0, 0.45329215962351466, -0.0, 0.0, -0.7851213498062114, -0.0, 2.0028015188762955, 1.0014838174580543, 0.0002643159973756761, 1.7204785899870703, 0.0, -0.16078533597683828, -0.6198041093302304, 1.2152721268453707e-05, 0.22690772131528003, 0.0], [0.0, -0.0, 0.0, -0.0, -0.0, -4.1834722684537065, 0.0, 0.0, -2.4412211877232206, 0.0, 0.0, 3e-06, 0.0, -0.036911, -0.0, 0.0, -0.0, -0.0, 0.0, -0.8888558254934507, -0.0, -0.0, -1.3492621488672065, 0.0, 0.0, 0.0, 0.0, 1.6276483268438893, 0.0, 0.0, 0.0, 0.0, -1.0847363736089848, -0.0, -0.0, 0.0, -0.0, -0.01885791609054375], [0.0, 4e-06, 7e-06, -2.4412211877232206, -6e-06, 0.0, -4.172375268453706, -1e-05, -0.0, -2e-06, -0.043229, -0.0, 8e-06, 0.0, -0.0, -1e-06, 0.0, -1.3492621488672065, -1e-06, -0.0, -2.8785712694961387, -4e-06, -0.0, -0.0, 1.051020135856339, -0.0, -1e-06, 0.0, 0.00024309422722804642, 0.00021448334215423158, -1.2823781442609874, 0.00013142891678515748, -0.0, -4.9527212684537064e-05, -8.390170410062041e-05, -0.24178440624958508, 4.9527212684537064e-05, 0.0], [-0.001611, -0.081658, -0.178641, -6e-06, -2.7019831877232203, 0.0, -1e-05, -4.647920268453706, 0.0, 0.140462, 1.7e-05, 0.0, -0.243288, -0.0, -2.0741896162380913, -2.199419070917087, -3.052641945631662, -3e-06, 0.32640667647989463, 0.0, -4e-06, -0.7095606006111931, -0.0, -0.16882192408447214, -6e-06, -0.0, 0.292408408468547, 0.0, 2.5836911732016565, 2.244629153996809, 0.00013142891678515748, 0.09385045362100009, -0.0, -1.2263799390357666, -2.1200379938357465, 6.752721268453706e-05, 1.0315832686781454, -0.0], [-0.0, 0.0, 0.0, 0.0, 0.0, -2.4412211877232206, -0.0, 0.0, -4.172375268453706, 0.0, 0.0, 2e-06, -0.0, -0.043229, 0.0, 0.0, 0.0, -0.0, 0.0, -1.3492621488672065, -0.0, 0.0, -2.8785712694961387, -0.0, 0.0, -0.0, 0.0, 1.051020135856339, 0.0, -0.0, -0.0, -0.0, -1.2823781442609874, 0.0, -0.0, 0.0, 0.0, -0.24178440624958508], [0.003405, 0.126224, 0.18105, -1e-06, 0.101586, 0.0, -2e-06, 0.140462, 0.0, -3.218376268453706, 7e-06, 0.0, 0.310895, -0.0, 1.2251274076471061, 0.4727445207704082, 0.5169413956864527, 0.0, -0.45329215962351466, 0.0, 0.0, 0.16882192408447214, 0.0, -0.6428954160351678, -0.0, 0.0, -0.4779151780786291, -0.0, 0.8741927959376562, 0.24830522458177695, 0.0002836758652816576, 0.12033001334988089, 0.0, 0.16210403613561444, 0.29402589525646594, -1.9305442536907414e-05, -0.2532911440380847, -0.0], [-0.0, -1.1e-05, -1.4e-05, -0.036911, 1.6e-05, 0.0, -0.043229, 1.7e-05, 0.0, 7e-06, -3.221501268453706, 0.0, -2.1e-05, -0.0, -0.0, -0.0, -2e-06, -1.6276483268438893, 0.0, 0.0, -1.051020135856339, 6e-06, 0.0, -0.0, 1.4322283528105044, -0.0, -0.0, -0.0, -0.0002820796037179446, -6.683265522144447e-05, 1.669508699989969, -0.00019423232498639833, 0.0, -1.845816380536112e-05, -2.8916327610722237e-05, -0.07941412075627163, 3.2763606342268534e-05, 0.0], [-0.0, -0.0, 0.0, 0.0, 0.0, 3e-06, -0.0, 0.0, 2e-06, 0.0, 0.0, -3.0388812684537063, 0.0, -4e-06, 0.0, -0.0, -0.0, 0.0, 0.0, 0.0, 0.0, 0.0, 0.0, 0.0, 0.0, -0.9188167328842234, -0.0, -0.0, 0.0, -0.0, -0.0, 0.0, 0.00015771973581196305, -0.0, -0.0, -0.0, 0.0, -5.152721268453706e-06], [-0.005898, -0.218626, -0.313588, 7e-06, -0.175952, 0.0, 8e-06, -0.243288, -0.0, 0.310895, -2.1e-05, 0.0, -3.577366268453706, 0.0, -2.121981102645529, -0.8188216376453139, -0.8953721350929531, -1e-06, 0.7851213498062114, 0.0, 1e-06, -0.292408408468547, -0.0, -0.4779151780786291, -0.0, -0.0, -0.091047629615788, 0.0, -1.5141488221632842, -0.43007922350668193, -0.00017855239103340754, -0.2084155793361558, -0.0, -0.28077624097499576, -0.5092645048293778, 2.845816380536112e-05, 0.43871474541853395, -0.0], [0.0, -0.0, -0.0, 0.0, 0.0, -0.036911, 0.0, -0.0, -0.043229, -0.0, -0.0, -4e-06, 0.0, -3.221501268453706, 0.0, -0.0, 0.0, 0.0, -0.0, -1.6276483268438893, 0.0, -0.0, -1.051020135856339, 0.0, -0.0, -0.0, 0.0, 1.4322283528105044, 0.0, 0.0, 0.0, -0.0, 1.669508699989969, 0.0, 0.0, 0.0, 0.0, -0.07941412075627163], [-0.01796950191580218, -0.5935835824429072, -1.2255978007121702, -0.0, -1.1365101368792492, -0.0, -0.0, -2.0741896162380913, 0.0, 1.2251274076471061, -0.0, 0.0, -2.121981102645529, 0.0, -14.071300268453705, 2.985515977605464, -2.6819764219837876, -1e-06, 0.002232, 0.0, -0.0, 0.001611, 0.0, 0.003405, -0.0, -0.0, -0.005898, 0.0, -0.0041833143462004455, -0.258853176121615, -0.0, -0.0023335296301806394, 0.0, -0.8636285505330303, -1.3820732350483214, 0.00015467993395299078, 1.6367049084878134, 0.0], [-0.5935835824429072, -1.1857875141159457, -1.881697842663707, 0.0, -1.5122739439395305, 0.0, -1e-06, -2.199419070917087, 0.0, 0.4727445207704082, -0.0, -0.0, -0.8188216376453139, -0.0, 2.985515977605464, -4.998644268453706, -3.1427655742108875, -5e-06, 0.082146, 0.0, -4e-06, 0.081658, 0.0, 0.126224, -1.1e-05, -0.0, -0.218626, -0.0, -0.08725916386048106, -0.5864594734404611, -8.152721268453706e-06, -0.11508586313440287, 0.0, -1.562171468734719, -1.9944310039715711, 0.000132192523127426, 1.4211850264734116, -0.0], [-1.2255978007121702, -1.881697842663707, -3.4559302748686784, 1e-06, -1.4626739643160618, -0.0, 0.0, -3.052641945631662, 0.0, 0.5169413956864527, -2e-06, -0.0, -0.8953721350929531, 0.0, -2.6819764219837876, -3.1427655742108875, -5.068254268453706, -6e-06, 0.107131, -0.0, -7e-06, 0.178641, 0.0, 0.18105, -1.4e-05, -0.0, -0.313588, 0.0, -0.49029417950932463, -1.4498644728282712, -2.9610885073814825e-05, -0.49957816040642267, -0.0, -2.3870690944691413, -3.634211199529231, 0.00013151258917443523, 1.4034871876271449, -0.0], [0.0, -0.0, -1e-06, -0.8888558254934507, -0.0, -0.0, -1.3492621488672065, -3e-06, -0.0, 0.0, -1.6276483268438893, 0.0, -1e-06, 0.0, -1e-06, -5e-06, -6e-06, -4.1834722684537065, -7e-06, -0.0, -2.4412211877232206, -6e-06, -0.0, 1e-06, 0.036911, 0.0, -7e-06, 0.0, 6.1527212684537065e-06, 2.4763606342268532e-05, -0.01885791609054375, 8.152721268453706e-06, -0.0, -0.00018680340820124083, -0.00010005442536907414, -1.0847363736089848, 0.0002643159973756761, 0.0], [1.1365101368792492, 1.5122739439395305, 1.4626739643160618, -0.0, 1.839337465115301, 0.0, -1e-06, 0.32640667647989463, 0.0, -0.45329215962351466, 0.0, 0.0, 0.7851213498062114, -0.0, 0.002232, 0.082146, 0.107131, -7e-06, -4.451270268453706, 0.0, -6e-06, -2.7019831877232203, 0.0, -0.101586, -1.6e-05, 0.0, 0.175952, 0.0, 0.16078533597683828, 0.6198041093302304, 1.2152721268453707e-05, 0.22690772131528003, 0.0, -2.0028015188762955, -1.0014838174580543, 0.0002643159973756761, 1.7204785899870703, 0.0], [0.0, 0.0, 0.0, -0.0, 0.0, -0.8888558254934507, -0.0, 0.0, -1.3492621488672065, 0.0, 0.0, 0.0, 0.0, -1.6276483268438893, 0.0, 0.0, -0.0, -0.0, 0.0, -4.1834722684537065, -0.0, 0.0, -2.4412211877232206, 0.0, 0.0, -3e-06, -0.0, 0.036911, -0.0, -0.0, 0.0, 0.0, -0.01885791609054375, -0.0, 0.0, 0.0, 0.0, -1.0847363736089848], [0.0, 1e-06, 0.0, -1.3492621488672065, -1e-06, -0.0, -2.8785712694961387, -4e-06, -0.0, 0.0, -1.051020135856339, 0.0, 1e-06, 0.0, -0.0, -4e-06, -7e-06, -2.4412211877232206, -6e-06, -0.0, -4.172375268453706, -1e-05, -0.0, 2e-06, 0.043229, 0.0, -8e-06, 0.0, 4.9527212684537064e-05, 8.390170410062041e-05, -0.24178440624958508, 4.9527212684537064e-05, -0.0, -0.00024309422722804642, -0.00021448334215423158, -1.2823781442609874, 0.00013142891678515748, 0.0], [2.0741896162380913, 2.199419070917087, 3.052641945631662, -3e-06, 0.32640667647989463, -0.0, -4e-06, -0.7095606006111931, 0.0, 0.16882192408447214, 6e-06, 0.0, -0.292408408468547, -0.0, 0.001611, 0.081658, 0.178641, -6e-06, -2.7019831877232203, 0.0, -1e-05, -4.647920268453706, 0.0, -0.140462, -1.7e-05, 0.0, 0.243288, -0.0, 1.2263799390357666, 2.1200379938357465, 6.752721268453706e-05, 1.0315832686781454, -0.0, -2.5836911732016565, -2.244629153996809, 0.00013142891678515748, 0.09385045362100009, 0.0], [-0.0, 0.0, 0.0, -0.0, 0.0, -1.3492621488672065, -0.0, -0.0, -2.8785712694961387, 0.0, 0.0, 0.0, -0.0, -1.051020135856339, 0.0, 0.0, 0.0, -0.0, 0.0, -2.4412211877232206, -0.0, 0.0, -4.172375268453706, 0.0, 0.0, -2e-06, -0.0, 0.043229, 0.0, -0.0, -0.0, -0.0, -0.24178440624958508, 0.0, -0.0, 0.0, 0.0, -1.2823781442609874], [1.2251274076471061, 0.4727445207704082, 0.5169413956864527, -0.0, 0.45329215962351466, 0.0, -0.0, -0.16882192408447214, -0.0, -0.6428954160351678, -0.0, 0.0, -0.4779151780786291, 0.0, 0.003405, 0.126224, 0.18105, 1e-06, -0.101586, 0.0, 2e-06, -0.140462, 0.0, -3.218376268453706, 7e-06, -0.0, 0.310895, 0.0, 0.16210403613561444, 0.29402589525646594, 1.9305442536907414e-05, 0.2532911440380847, -0.0, 0.8741927959376562, 0.24830522458177695, -0.0002836758652816576, -0.12033001334988089, 0.0], [0.0, 0.0, -2e-06, 1.6276483268438893, -0.0, 0.0, 1.051020135856339, -6e-06, 0.0, -0.0, 1.4322283528105044, 0.0, -0.0, -0.0, -0.0, -1.1e-05, -1.4e-05, 0.036911, -1.6e-05, 0.0, 0.043229, -1.7e-05, 0.0, 7e-06, -3.221501268453706, -0.0, -2.1e-05, 0.0, -1.845816380536112e-05, -2.8916327610722237e-05, 0.07941412075627163, -3.2763606342268534e-05, -0.0, -0.0002820796037179446, -6.683265522144447e-05, -1.669508699989969, 0.00019423232498639833, 0.0], [0.0, -0.0, -0.0, 0.0, 0.0, 0.0, -0.0, -0.0, -0.0, 0.0, -0.0, -0.9188167328842234, -0.0, -0.0, -0.0, -0.0, -0.0, 0.0, 0.0, -3e-06, 0.0, 0.0, -2e-06, -0.0, -0.0, -3.0388812684537063, 0.0, -4e-06, 0.0, 0.0, -0.0, 0.0, 5.152721268453706e-06, -0.0, 0.0, 0.0, 0.0, -0.00015771973581196305], [-2.121981102645529, -0.8188216376453139, -0.8953721350929531, 1e-06, -0.7851213498062114, 0.0, -1e-06, 0.292408408468547, 0.0, -0.4779151780786291, -0.0, -0.0, -0.091047629615788, 0.0, -0.005898, -0.218626, -0.313588, -7e-06, 0.175952, -0.0, -8e-06, 0.243288, -0.0, 0.310895, -2.1e-05, 0.0, -3.577366268453706, -0.0, -0.28077624097499576, -0.5092645048293778, -2.845816380536112e-05, -0.43871474541853395, -0.0, -1.5141488221632842, -0.43007922350668193, 0.00017855239103340754, 0.2084155793361558, 0.0], [0.0, 0.0, -0.0, 0.0, -0.0, 1.6276483268438893, 0.0, 0.0, 1.051020135856339, -0.0, -0.0, -0.0, 0.0, 1.4322283528105044, 0.0, -0.0, 0.0, 0.0, 0.0, 0.036911, 0.0, -0.0, 0.043229, 0.0, 0.0, -4e-06, -0.0, -3.221501268453706, 0.0, -0.0, -0.0, 0.0, 0.07941412075627163, -0.0, 0.0, 0.0, 0.0, -1.669508699989969], [-0.8636285505330303, -1.562171468734719, -2.3870690944691413, 0.00018680340820124083, 2.0028015188762955, 0.0, 0.00024309422722804642, 2.5836911732016565, 0.0, 0.8741927959376562, -0.0002820796037179446, 0.0, -1.5141488221632842, 0.0, -0.0041833143462004455, -0.08725916386048106, -0.49029417950932463, 6.1527212684537065e-06, 0.16078533597683828, -0.0, 4.9527212684537064e-05, 1.2263799390357666, 0.0, 0.16210403613561444, -1.845816380536112e-05, 0.0, -0.28077624097499576, 0.0, -4.458561268453706, -3.272514687913205, -2.7e-05, -0.281898, 0.0, -0.0009562721268453707, -0.08909374921160554, 0.0, 0.0006567051123018612, 0.0], [-1.3820732350483214, -1.9944310039715711, -3.634211199529231, 0.00010005442536907414, 1.0014838174580543, 0.0, 0.00021448334215423158, 2.244629153996809, -0.0, 0.24830522458177695, -6.683265522144447e-05, -0.0, -0.43007922350668193, 0.0, -0.258853176121615, -0.5864594734404611, -1.4498644728282712, 2.4763606342268532e-05, 0.6198041093302304, -0.0, 8.390170410062041e-05, 2.1200379938357465, -0.0, 0.29402589525646594, -2.8916327610722237e-05, 0.0, -0.5092645048293778, -0.0, -3.272514687913205, -4.527627268453706, -2.6e-05, -0.274551, 0.0, -0.08909374921160554, -0.4709967582557481, 7.152721268453706e-06, 0.09586033491833049, 0.0], [-0.00015467993395299078, -0.000132192523127426, -0.00013151258917443523, -1.0847363736089848, 0.0002643159973756761, 0.0, -1.2823781442609874, 0.00013142891678515748, -0.0, 0.0002836758652816576, 1.669508699989969, -0.0, -0.00017855239103340754, 0.0, -0.0, -8.152721268453706e-06, -2.9610885073814825e-05, -0.01885791609054375, 1.2152721268453707e-05, 0.0, -0.24178440624958508, 6.752721268453706e-05, -0.0, 1.9305442536907414e-05, 0.07941412075627163, -0.0, -2.845816380536112e-05, -0.0, -2.7e-05, -2.6e-05, -3.0721582684537063, -3.5e-05, 0.0, -0.0, -7.152721268453706e-06, -1.0152721268453705e-05, 0.0, -0.0], [-1.6367049084878134, -1.4211850264734116, -1.4034871876271449, 0.0002643159973756761, 1.7204785899870703, 0.0, 0.00013142891678515748, 0.09385045362100009, -0.0, 0.12033001334988089, -0.00019423232498639833, 0.0, -0.2084155793361558, -0.0, -0.0023335296301806394, -0.11508586313440287, -0.49957816040642267, 8.152721268453706e-06, 0.22690772131528003, 0.0, 4.9527212684537064e-05, 1.0315832686781454, -0.0, 0.2532911440380847, -3.2763606342268534e-05, 0.0, -0.43871474541853395, 0.0, -0.281898, -0.274551, -3.5e-05, -3.443500268453706, -0.0, -0.0006567051123018612, -0.09586033491833049, 0.0, 0.0002274435402952593, -0.0], [-0.0, -0.0, -0.0, 0.0, 0.0, -1.0847363736089848, -0.0, -0.0, -1.2823781442609874, 0.0, 0.0, 0.00015771973581196305, -0.0, 1.669508699989969, 0.0, 0.0, -0.0, -0.0, 0.0, -0.01885791609054375, -0.0, -0.0, -0.24178440624958508, -0.0, -0.0, 5.152721268453706e-06, -0.0, 0.07941412075627163, 0.0, 0.0, 0.0, -0.0, -3.0721582684537063, 0.0, 0.0, -0.0, -0.0, -1.0152721268453705e-05], [-0.0041833143462004455, -0.08725916386048106, -0.49029417950932463, -6.1527212684537065e-06, -0.16078533597683828, -0.0, -4.9527212684537064e-05, -1.2263799390357666, 0.0, 0.16210403613561444, -1.845816380536112e-05, -0.0, -0.28077624097499576, 0.0, -0.8636285505330303, -1.562171468734719, -2.3870690944691413, -0.00018680340820124083, -2.0028015188762955, -0.0, -0.00024309422722804642, -2.5836911732016565, 0.0, 0.8741927959376562, -0.0002820796037179446, -0.0, -1.5141488221632842, -0.0, -0.0009562721268453707, -0.08909374921160554, -0.0, -0.0006567051123018612, 0.0, -4.458561268453706, -3.272514687913205, 2.7e-05, 0.281898, 0.0], [-0.258853176121615, -0.5864594734404611, -1.4498644728282712, -2.4763606342268532e-05, -0.6198041093302304, -0.0, -8.390170410062041e-05, -2.1200379938357465, -0.0, 0.29402589525646594, -2.8916327610722237e-05, -0.0, -0.5092645048293778, 0.0, -1.3820732350483214, -1.9944310039715711, -3.634211199529231, -0.00010005442536907414, -1.0014838174580543, 0.0, -0.00021448334215423158, -2.244629153996809, -0.0, 0.24830522458177695, -6.683265522144447e-05, 0.0, -0.43007922350668193, 0.0, -0.08909374921160554, -0.4709967582557481, -7.152721268453706e-06, -0.09586033491833049, 0.0, -3.272514687913205, -4.527627268453706, 2.6e-05, 0.274551, 0.0], [0.0, 8.152721268453706e-06, 2.9610885073814825e-05, -0.01885791609054375, 1.2152721268453707e-05, 0.0, -0.24178440624958508, 6.752721268453706e-05, 0.0, -1.9305442536907414e-05, -0.07941412075627163, -0.0, 2.845816380536112e-05, 0.0, 0.00015467993395299078, 0.000132192523127426, 0.00013151258917443523, -1.0847363736089848, 0.0002643159973756761, 0.0, -1.2823781442609874, 0.00013142891678515748, 0.0, -0.0002836758652816576, -1.669508699989969, 0.0, 0.00017855239103340754, 0.0, 0.0, 7.152721268453706e-06, -1.0152721268453705e-05, 0.0, -0.0, 2.7e-05, 2.6e-05, -3.0721582684537063, -3.5e-05, -0.0], [0.0023335296301806394, 0.11508586313440287, 0.49957816040642267, 8.152721268453706e-06, 0.22690772131528003, -0.0, 4.9527212684537064e-05, 1.0315832686781454, 0.0, -0.2532911440380847, 3.2763606342268534e-05, 0.0, 0.43871474541853395, 0.0, 1.6367049084878134, 1.4211850264734116, 1.4034871876271449, 0.0002643159973756761, 1.7204785899870703, 0.0, 0.00013142891678515748, 0.09385045362100009, 0.0, -0.12033001334988089, 0.00019423232498639833, 0.0, 0.2084155793361558, 0.0, 0.0006567051123018612, 0.09586033491833049, 0.0, 0.0002274435402952593, -0.0, 0.281898, 0.274551, -3.5e-05, -3.443500268453706, 0.0], [0.0, 0.0, 0.0, 0.0, 0.0, -0.01885791609054375, 0.0, -0.0, -0.24178440624958508, -0.0, 0.0, -5.152721268453706e-06, -0.0, -0.07941412075627163, 0.0, -0.0, -0.0, 0.0, 0.0, -1.0847363736089848, 0.0, 0.0, -1.2823781442609874, 0.0, 0.0, -0.00015771973581196305, 0.0, -1.669508699989969, 0.0, 0.0, -0.0, -0.0, -1.0152721268453705e-05, 0.0, 0.0, -0.0, 0.0, -3.0721582684537063]]], "energy": [-77.18746685], "Enn": [24.8003762463], "x": [0.0], "y": [0.0], "z": [0.0], "xx": [40.447452], "yy": [10.025462], "zz": [10.025462], "xy": [-0.0], "yz": [0.0], "xz": [0.000885], "atomic_charge": [[-0.192613, -0.192613, 0.192613, 0.192613]], "bond_order": [[[0, 1, 2.4754], [0, 2, 0.8874], [1, 3, 0.8874]]], "Ee": [[61882.5, 64919.8, 79803.1]], "T": [[[0.0, 0.0, 0.0], [0.0, 0.0, 6e-05], [0.0, 0.0, 0.0]]], "alpha": [[[27.37165, 0.06266, 0.00305], [0.06266, 9.18538, 0.00523], [0.00305, 0.00523, 9.18538]]]}