{"coordinates": [[[9.332, 10.0, 10.0], [10.667, 10.0, 10.0], [8.778, 9.07, 10.07], [8.778, 10.92, 9.929], [11.221, 10.92, 9.929], [11.221, 9.07, 10.07]]], "HF": [-78.58349901571], "elements": [["C", "C", "H", "H", "H", "H"]], "S": [[[1.0, -0.2157, 0.19014, -0.0, -0.0, -0.0, 0.0, 0.0, 0.0, -0.0, 0.0, 0.0, -0.0, 0.0, 0.000662, 0.024754, 0.072426, 0.0, -0.049978, 0.0, 0.0, -0.136945, 0.0, -0.059149, -0.0, 0.0, 0.10245, -0.0, 0.058036, 0.096663, -0.007007, 0.054842, 0.091948, 0.058045, 0.096667, 0.007009, 0.054845, -0.09197, 0.000771, 0.024747, 1.7e-05, -0.000452, -0.000222, 0.000771, 0.024747, -1.7e-05, -0.000452, 0.000222], [-0.2157, 1.0, 0.718332, 0.0, 0.0, 0.0, -0.0, -0.0, -0.0, 0.0, 0.0, 0.0, -0.0, 0.0, 0.024754, 0.194233, 0.341384, 0.0, -0.269923, 0.0, -0.0, -0.505169, -0.0, -0.147946, -0.0, 0.0, 0.25625, -0.0, 0.317728, 0.433528, -0.023526, 0.184117, 0.308689, 0.317757, 0.433544, 0.023528, 0.184101, -0.308718, 0.019694, 0.141506, 0.000828, -0.022099, -0.010871, 0.019694, 0.141506, -0.000828, -0.022099, 0.010871], [0.19014, 0.718332, 1.0, 0.0, 0.0, 0.0, -0.0, 0.0, -0.0, 0.0, 0.0, 0.0, -0.0, 0.0, 0.072426, 0.341384, 0.602043, 0.0, -0.24891, 0.0, -0.0, -0.613863, -0.0, -0.07099, 0.0, 0.0, 0.122958, 0.0, 0.461773, 0.738124, -0.015974, 0.125017, 0.209602, 0.461795, 0.738144, 0.015975, 0.125001, -0.209613, 0.113874, 0.330067, 0.003482, -0.092886, -0.045693, 0.113874, 0.330067, -0.003482, -0.092886, 0.045693], [-0.0, 0.0, 0.0, 1.0, 0.0, 0.0, 0.530759, 0.0, 0.0, -0.0, 0.0, -0.0, 0.0, 0.0, 0.0, 0.0, 0.0, 0.12166, 0.0, 0.0, 0.245725, 0.0, 0.0, 0.0, -0.285477, -0.0, -0.0, -0.0, 0.025947, 0.013655, 0.22286, 0.02129, 0.035695, -0.02595, -0.013655, 0.22289, -0.021289, 0.0357, -0.001188, -0.004208, 0.005314, 0.00161, 0.000792, 0.001188, 0.004208, 0.005314, -0.00161, 0.000792], [-0.0, 0.0, 0.0, 0.0, 1.0, 0.0, 0.0, 0.530759, 0.0, 0.0, -0.0, 0.0, 0.0, -0.0, 0.049978, 0.269923, 0.24891, 0.0, -0.341102, 0.0, -0.0, -0.132264, -0.0, -0.144149, 0.0, 0.0, 0.249674, 0.0, -0.203068, -0.106866, 0.02129, 0.058957, -0.27936, -0.203055, -0.106851, -0.021289, 0.059024, 0.279348, 0.031687, 0.112232, 0.00161, -0.037576, -0.021128, 0.031687, 0.112232, -0.00161, -0.037576, 0.021128], [-0.0, 0.0, 0.0, 0.0, 0.0, 1.0, 0.0, 0.0, 0.530759, 0.0, 0.0, -0.0, 0.0, 0.0, 0.0, 0.0, 0.0, 0.0, 0.0, 0.12166, 0.0, 0.0, 0.245725, 0.0, -0.0, -0.0, -0.0, -0.285477, -0.340463, -0.17917, 0.035695, -0.27936, -0.242792, 0.340502, 0.179178, 0.0357, 0.279348, -0.242827, 0.015588, 0.05521, 0.000792, -0.021128, -0.005019, -0.015588, -0.05521, 0.000792, 0.021128, -0.005019], [0.0, -0.0, -0.0, 0.530759, 0.0, 0.0, 1.0, 0.0, 0.0, 0.0, 0.0, 0.0, 0.0, 0.0, 0.0, -0.0, -0.0, 0.245725, 0.0, 0.0, 0.617356, 0.0, 0.0, 0.0, -0.233481, 0.0, 0.0, 0.0, 0.036825, 0.03467, 0.292035, 0.010316, 0.017296, -0.036827, -0.034671, 0.292049, -0.010315, 0.017297, -0.00951, -0.015781, 0.067761, 0.008158, 0.004013, 0.00951, 0.015781, 0.067761, -0.008158, 0.004013], [0.0, -0.0, 0.0, 0.0, 0.530759, 0.0, 0.0, 1.0, 0.0, 0.0, 0.0, 0.0, 0.0, 0.0, 0.136945, 0.505169, 0.613863, -0.0, -0.132264, -0.0, 0.0, 0.021843, 0.0, 0.032881, 0.0, 0.0, -0.056951, 0.0, -0.288204, -0.271335, 0.010316, 0.212616, -0.135363, -0.288165, -0.271293, -0.010315, 0.212655, 0.135346, 0.253664, 0.420939, 0.008158, -0.149542, -0.107048, 0.253664, 0.420939, -0.008158, -0.149542, 0.107048], [0.0, -0.0, -0.0, 0.0, 0.0, 0.530759, 0.0, 0.0, 1.0, 0.0, 0.0, 0.0, 0.0, 0.0, 0.0, -0.0, -0.0, 0.0, 0.0, 0.245725, 0.0, 0.0, 0.617356, 0.0, 0.0, 0.0, 0.0, -0.233481, -0.4832, -0.454918, 0.017296, -0.135363, 0.066404, 0.483223, 0.45493, 0.017297, 0.135346, 0.066407, 0.124784, 0.20707, 0.004013, -0.107048, 0.015408, -0.124784, -0.20707, 0.004013, 0.107048, 0.015408], [-0.0, 0.0, 0.0, -0.0, 0.0, 0.0, 0.0, 0.0, 0.0, 1.0, 0.0, 0.0, 0.0, 0.0, -0.059149, -0.147946, -0.07099, 0.0, 0.144149, 0.0, 0.0, -0.032881, 0.0, 0.148515, 0.0, 0.0, 0.044157, 0.0, -0.200096, -0.038605, 0.056415, -0.039787, -0.066706, -0.2001, -0.038603, -0.05642, -0.039768, 0.066687, -0.034144, -0.046004, -0.003104, 0.047014, 0.023127, -0.034144, -0.046004, 0.003104, 0.047014, -0.023127], [0.0, 0.0, 0.0, 0.0, -0.0, 0.0, 0.0, 0.0, 0.0, 0.0, 1.0, 0.0, 0.0, 0.0, 0.0, 0.0, 0.0, 0.285477, 0.0, 0.0, 0.233481, 0.0, 0.0, 0.0, -0.434552, 0.0, 0.0, 0.0, -0.023441, -0.004523, -0.229342, 0.009288, -0.034116, 0.02344, 0.004522, -0.229329, -0.009296, -0.034114, -0.003578, -0.004821, 0.020427, 0.005403, 0.003039, 0.003578, 0.004821, 0.020427, -0.005403, 0.003039], [0.0, 0.0, 0.0, -0.0, 0.0, -0.0, 0.0, 0.0, 0.0, 0.0, 0.0, 1.0, 0.0, 0.0, 0.0, 0.0, 0.0, -0.0, -0.0, -0.0, 0.0, 0.0, 0.0, 0.0, 0.0, 0.174009, 0.0, 0.0, -0.039301, -0.007582, -0.384513, -0.034116, -0.027563, -0.039306, -0.007583, 0.384561, -0.034114, 0.027566, -0.00176, -0.002372, 0.010049, 0.003039, 0.00072, -0.00176, -0.002372, -0.010049, 0.003039, -0.00072], [-0.0, -0.0, -0.0, 0.0, 0.0, 0.0, 0.0, 0.0, 0.0, 0.0, 0.0, 0.0, 1.0, 0.0, 0.10245, 0.25625, 0.122958, -0.0, -0.249674, -0.0, 0.0, 0.056951, 0.0, 0.044157, 0.0, 0.0, 0.097528, 0.0, -0.166116, -0.032049, 0.018425, -0.376143, 0.147105, -0.166168, -0.032057, -0.018431, -0.376151, -0.147075, 0.036176, 0.048741, 0.002341, -0.041789, -0.040882, 0.036176, 0.048741, -0.002341, -0.041789, 0.040882], [0.0, 0.0, 0.0, 0.0, -0.0, 0.0, 0.0, 0.0, 0.0, 0.0, 0.0, 0.0, 0.0, 1.0, 0.0, 0.0, 0.0, 0.0, 0.0, 0.285477, 0.0, 0.0, 0.233481, 0.0, 0.0, 0.0, 0.0, -0.434552, 0.307581, 0.059343, -0.034116, -0.121869, 0.215714, -0.307561, -0.059334, -0.034114, 0.12198, 0.215702, 0.046954, 0.063263, 0.003039, -0.070891, -0.019213, -0.046954, -0.063263, 0.003039, 0.070891, -0.019213], [0.000662, 0.024754, 0.072426, 0.0, 0.049978, 0.0, 0.0, 0.136945, 0.0, -0.059149, 0.0, 0.0, 0.10245, 0.0, 1.0, -0.2157, 0.19014, -0.0, -0.0, -0.0, 0.0, -0.0, 0.0, -0.0, 0.0, 0.0, -0.0, 0.0, 0.000771, 0.024747, -1.7e-05, 0.000452, 0.000222, 0.000771, 0.024751, 1.7e-05, 0.000452, -0.000222, 0.058036, 0.096663, 0.007007, -0.054842, -0.091948, 0.058036, 0.096663, -0.007007, -0.054842, 0.091948], [0.024754, 0.194233, 0.341384, 0.0, 0.269923, 0.0, -0.0, 0.505169, -0.0, -0.147946, 0.0, 0.0, 0.25625, 0.0, -0.2157, 1.0, 0.718332, 0.0, -0.0, 0.0, -0.0, 0.0, -0.0, 0.0, 0.0, 0.0, -0.0, 0.0, 0.019694, 0.141506, -0.000828, 0.022099, 0.010871, 0.019701, 0.141524, 0.000829, 0.022107, -0.010876, 0.317728, 0.433528, 0.023526, -0.184117, -0.308689, 0.317728, 0.433528, -0.023526, -0.184117, 0.308689], [0.072426, 0.341384, 0.602043, 0.0, 0.24891, 0.0, -0.0, 0.613863, -0.0, -0.07099, 0.0, 0.0, 0.122958, 0.0, 0.19014, 0.718332, 1.0, 0.0, -0.0, 0.0, -0.0, 0.0, -0.0, 0.0, 0.0, 0.0, -0.0, 0.0, 0.113874, 0.330067, -0.003482, 0.092886, 0.045693, 0.113893, 0.330098, 0.003483, 0.092898, -0.045701, 0.461773, 0.738124, 0.015974, -0.125017, -0.209602, 0.461773, 0.738124, -0.015974, -0.125017, 0.209602], [0.0, 0.0, 0.0, 0.12166, 0.0, 0.0, 0.245725, -0.0, 0.0, 0.0, 0.285477, -0.0, -0.0, 0.0, -0.0, 0.0, 0.0, 1.0, 0.0, 0.0, 0.530759, 0.0, 0.0, -0.0, 0.0, -0.0, 0.0, 0.0, 0.001188, 0.004208, 0.005314, 0.00161, 0.000792, -0.001188, -0.004208, 0.005316, -0.001611, 0.000792, -0.025947, -0.013655, 0.22286, 0.02129, 0.035695, 0.025947, 0.013655, 0.22286, -0.02129, 0.035695], [-0.049978, -0.269923, -0.24891, 0.0, -0.341102, 0.0, 0.0, -0.132264, 0.0, 0.144149, 0.0, -0.0, -0.249674, 0.0, -0.0, -0.0, -0.0, 0.0, 1.0, 0.0, 0.0, 0.530759, 0.0, -0.0, -0.0, 0.0, 0.0, -0.0, -0.031687, -0.112232, 0.00161, -0.037576, -0.021128, -0.031696, -0.112242, -0.001611, -0.037587, 0.021136, 0.203068, 0.106866, 0.02129, 0.058957, -0.27936, 0.203068, 0.106866, -0.02129, 0.058957, 0.27936], [0.0, 0.0, 0.0, 0.0, 0.0, 0.12166, 0.0, -0.0, 0.245725, 0.0, 0.0, -0.0, -0.0, 0.285477, -0.0, 0.0, 0.0, 0.0, 0.0, 1.0, 0.0, 0.0, 0.530759, 0.0, 0.0, -0.0, 0.0, 0.0, -0.015588, -0.05521, 0.000792, -0.021128, -0.005019, 0.015593, 0.055217, 0.000792, 0.021136, -0.005021, 0.340463, 0.17917, 0.035695, -0.27936, -0.242792, -0.340463, -0.17917, 0.035695, 0.27936, -0.242792], [0.0, -0.0, -0.0, 0.245725, -0.0, 0.0, 0.617356, 0.0, 0.0, 0.0, 0.233481, 0.0, 0.0, 0.0, 0.0, -0.0, -0.0, 0.530759, 0.0, 0.0, 1.0, 0.0, 0.0, 0.0, 0.0, 0.0, 0.0, 0.0, 0.00951, 0.015781, 0.067761, 0.008158, 0.004013, -0.009511, -0.015782, 0.067773, -0.008159, 0.004014, -0.036825, -0.03467, 0.292035, 0.010316, 0.017296, 0.036825, 0.03467, 0.292035, -0.010316, 0.017296], [-0.136945, -0.505169, -0.613863, 0.0, -0.132264, 0.0, 0.0, 0.021843, 0.0, -0.032881, 0.0, 0.0, 0.056951, 0.0, -0.0, 0.0, 0.0, 0.0, 0.530759, 0.0, 0.0, 1.0, 0.0, 0.0, 0.0, 0.0, 0.0, 0.0, -0.253664, -0.420939, 0.008158, -0.149542, -0.107048, -0.253691, -0.420955, -0.008159, -0.149545, 0.10706, 0.288204, 0.271335, 0.010316, 0.212616, -0.135363, 0.288204, 0.271335, -0.010316, 0.212616, 0.135363], [0.0, -0.0, -0.0, 0.0, -0.0, 0.245725, 0.0, 0.0, 0.617356, 0.0, 0.0, 0.0, 0.0, 0.233481, 0.0, -0.0, -0.0, 0.0, 0.0, 0.530759, 0.0, 0.0, 1.0, 0.0, 0.0, 0.0, 0.0, 0.0, -0.124784, -0.20707, 0.004013, -0.107048, 0.015408, 0.124803, 0.207089, 0.004014, 0.10706, 0.01541, 0.4832, 0.454918, 0.017296, -0.135363, 0.066404, -0.4832, -0.454918, 0.017296, 0.135363, 0.066404], [-0.059149, -0.147946, -0.07099, 0.0, -0.144149, 0.0, 0.0, 0.032881, 0.0, 0.148515, 0.0, 0.0, 0.044157, 0.0, -0.0, 0.0, 0.0, -0.0, -0.0, 0.0, 0.0, 0.0, 0.0, 1.0, 0.0, 0.0, 0.0, 0.0, -0.034144, -0.046004, 0.003104, -0.047014, -0.023127, -0.034153, -0.046006, -0.003105, -0.047026, 0.023134, -0.200096, -0.038605, -0.056415, 0.039787, 0.066706, -0.200096, -0.038605, 0.056415, 0.039787, -0.066706], [-0.0, -0.0, 0.0, -0.285477, 0.0, -0.0, -0.233481, 0.0, 0.0, 0.0, -0.434552, 0.0, 0.0, 0.0, 0.0, 0.0, 0.0, 0.0, -0.0, 0.0, 0.0, 0.0, 0.0, 0.0, 1.0, 0.0, 0.0, 0.0, -0.003578, -0.004821, -0.020427, -0.005403, -0.003039, 0.003579, 0.004822, -0.020435, 0.005404, -0.00304, -0.023441, -0.004523, 0.229342, -0.009288, 0.034116, 0.023441, 0.004523, 0.229342, 0.009288, 0.034116], [0.0, 0.0, 0.0, -0.0, 0.0, -0.0, 0.0, 0.0, 0.0, 0.0, 0.0, 0.174009, 0.0, 0.0, 0.0, 0.0, 0.0, -0.0, 0.0, -0.0, 0.0, 0.0, 0.0, 0.0, 0.0, 1.0, 0.0, 0.0, -0.00176, -0.002372, -0.010049, -0.003039, -0.00072, -0.001761, -0.002372, 0.010053, -0.00304, 0.000721, -0.039301, -0.007582, 0.384513, 0.034116, 0.027563, -0.039301, -0.007582, -0.384513, 0.034116, -0.027563], [0.10245, 0.25625, 0.122958, -0.0, 0.249674, -0.0, 0.0, -0.056951, 0.0, 0.044157, 0.0, 0.0, 0.097528, 0.0, -0.0, -0.0, -0.0, 0.0, 0.0, 0.0, 0.0, 0.0, 0.0, 0.0, 0.0, 0.0, 1.0, 0.0, 0.036176, 0.048741, -0.002341, 0.041789, 0.040882, 0.036183, 0.048741, 0.002342, 0.041796, -0.040895, -0.166116, -0.032049, -0.018425, 0.376143, -0.147105, -0.166116, -0.032049, 0.018425, 0.376143, 0.147105], [-0.0, -0.0, 0.0, -0.0, 0.0, -0.285477, 0.0, 0.0, -0.233481, 0.0, 0.0, 0.0, 0.0, -0.434552, 0.0, 0.0, 0.0, 0.0, -0.0, 0.0, 0.0, 0.0, 0.0, 0.0, 0.0, 0.0, 0.0, 1.0, 0.046954, 0.063263, -0.003039, 0.070891, 0.019213, -0.046968, -0.063268, -0.00304, -0.070912, 0.019221, 0.307581, 0.059343, 0.034116, 0.121869, -0.215714, -0.307581, -0.059343, 0.034116, -0.121869, -0.215714], [0.058036, 0.317728, 0.461773, 0.025947, -0.203068, -0.340463, 0.036825, -0.288204, -0.4832, -0.200096, -0.023441, -0.039301, -0.166116, 0.307581, 0.000771, 0.019694, 0.113874, 0.001188, -0.031687, -0.015588, 0.00951, -0.253664, -0.124784, -0.034144, -0.003578, -0.00176, 0.036176, 0.046954, 1.0, 0.68486, -0.0, -0.0, -0.0, 0.045031, 0.203875, 0.004495, -3e-06, -0.058983, 0.00037, 0.025693, 1.2e-05, -0.000213, -0.000162, 0.005924, 0.085642, -0.0, -0.006522, -0.0], [0.096663, 0.433528, 0.738124, 0.013655, -0.106866, -0.17917, 0.03467, -0.271335, -0.454918, -0.038605, -0.004523, -0.007582, -0.032049, 0.059343, 0.024747, 0.141506, 0.330067, 0.004208, -0.112232, -0.05521, 0.015781, -0.420939, -0.20707, -0.046004, -0.004821, -0.002372, 0.048741, 0.063263, 0.68486, 1.0, 0.0, 0.0, 0.0, 0.203875, 0.469367, 0.01055, -7e-06, -0.13843, 0.025693, 0.12796, 0.001139, -0.019651, -0.014948, 0.085642, 0.272622, 0.0, -0.07177, 0.0], [-0.007007, -0.023526, -0.015974, 0.22286, 0.02129, 0.035695, 0.292035, 0.010316, 0.017296, 0.056415, -0.229342, -0.384513, 0.018425, -0.034116, -1.7e-05, -0.000828, -0.003482, 0.005314, 0.00161, 0.000792, 0.067761, 0.008158, 0.004013, 0.003104, -0.020427, -0.010049, -0.002341, -0.003039, -0.0, 0.0, 1.0, 0.0, 0.0, -0.004495, -0.01055, 0.010455, 0.0, 0.007533, -1.2e-05, -0.001139, 5e-06, 4e-06, 3e-06, -0.0, 0.0, 0.000433, 0.0, 0.0], [0.054842, 0.184117, 0.125017, 0.02129, 0.058957, -0.27936, 0.010316, 0.212616, -0.135363, -0.039787, 0.009288, -0.034116, -0.376143, -0.121869, 0.000452, 0.022099, 0.092886, 0.00161, -0.037576, -0.021128, 0.008158, -0.149542, -0.107048, -0.047014, -0.005403, -0.003039, 0.041789, 0.070891, -0.0, 0.0, 0.0, 1.0, 0.0, 3e-06, 7e-06, 0.0, 0.011029, -5e-06, 0.000213, 0.019651, 4e-06, -6.9e-05, -5.6e-05, 0.006522, 0.07177, 0.0, -0.006274, 0.0], [0.091948, 0.308689, 0.209602, 0.035695, -0.27936, -0.242792, 0.017296, -0.135363, 0.066404, -0.066706, -0.034116, -0.027563, 0.147105, 0.215714, 0.000222, 0.010871, 0.045693, 0.000792, -0.021128, -0.005019, 0.004013, -0.107048, 0.015408, -0.023127, -0.003039, -0.00072, 0.040882, 0.019213, -0.0, 0.0, 0.0, 0.0, 1.0, 0.058983, 0.13843, 0.007533, -5e-06, -0.087818, 0.000162, 0.014948, 3e-06, -5.6e-05, -3.8e-05, -0.0, 0.0, 0.0, -0.0, 0.000433], [0.058045, 0.317757, 0.461795, -0.02595, -0.203055, 0.340502, -0.036827, -0.288165, 0.483223, -0.2001, 0.02344, -0.039306, -0.166168, -0.307561, 0.000771, 0.019701, 0.113893, -0.001188, -0.031696, 0.015593, -0.009511, -0.253691, 0.124803, -0.034153, 0.003579, -0.001761, 0.036183, -0.046968, 0.045031, 0.203875, -0.004495, 3e-06, 0.058983, 1.0, 0.68486, -0.0, -0.0, 0.0, 0.005926, 0.085657, -0.0, -0.006525, 0.0, 0.00037, 0.025698, -1.2e-05, -0.000213, 0.000162], [0.096667, 0.433544, 0.738144, -0.013655, -0.106851, 0.179178, -0.034671, -0.271293, 0.45493, -0.038603, 0.004522, -0.007583, -0.032057, -0.059334, 0.024751, 0.141524, 0.330098, -0.004208, -0.112242, 0.055217, -0.015782, -0.420955, 0.207089, -0.046006, 0.004822, -0.002372, 0.048741, -0.063268, 0.203875, 0.469367, -0.01055, 7e-06, 0.13843, 0.68486, 1.0, -0.0, -0.0, 0.0, 0.085657, 0.272651, -0.0, -0.071781, 0.0, 0.025698, 0.127974, -0.001139, -0.019653, 0.01495], [0.007009, 0.023528, 0.015975, 0.22289, -0.021289, 0.0357, 0.292049, -0.010315, 0.017297, -0.05642, -0.229329, 0.384561, -0.018431, -0.034114, 1.7e-05, 0.000829, 0.003483, 0.005316, -0.001611, 0.000792, 0.067773, -0.008159, 0.004014, -0.003105, -0.020435, 0.010053, 0.002342, -0.00304, 0.004495, 0.01055, 0.010455, 0.0, 0.007533, -0.0, -0.0, 1.0, 0.0, 0.0, -0.0, -0.0, 0.000433, 0.0, 0.0, 1.2e-05, 0.001139, 5e-06, -4e-06, 3e-06], [0.054845, 0.184101, 0.125001, -0.021289, 0.059024, 0.279348, -0.010315, 0.212655, 0.135346, -0.039768, -0.009296, -0.034114, -0.376151, 0.12198, 0.000452, 0.022107, 0.092898, -0.001611, -0.037587, 0.021136, -0.008159, -0.149545, 0.10706, -0.047026, 0.005404, -0.00304, 0.041796, -0.070912, -3e-06, -7e-06, 0.0, 0.011029, -5e-06, -0.0, -0.0, 0.0, 1.0, 0.0, 0.006525, 0.071781, 0.0, -0.006278, 0.0, 0.000213, 0.019653, -4e-06, -6.9e-05, 5.6e-05], [-0.09197, -0.308718, -0.209613, 0.0357, 0.279348, -0.242827, 0.017297, 0.135346, 0.066407, 0.066687, -0.034114, 0.027566, -0.147075, 0.215702, -0.000222, -0.010876, -0.045701, 0.000792, 0.021136, -0.005021, 0.004014, 0.10706, 0.01541, 0.023134, -0.00304, 0.000721, -0.040895, 0.019221, -0.058983, -0.13843, 0.007533, -5e-06, -0.087818, 0.0, 0.0, 0.0, 0.0, 1.0, 0.0, 0.0, 0.0, 0.0, 0.000433, -0.000162, -0.01495, 3e-06, 5.6e-05, -3.8e-05], [0.000771, 0.019694, 0.113874, -0.001188, 0.031687, 0.015588, -0.00951, 0.253664, 0.124784, -0.034144, -0.003578, -0.00176, 0.036176, 0.046954, 0.058036, 0.317728, 0.461773, -0.025947, 0.203068, 0.340463, -0.036825, 0.288204, 0.4832, -0.200096, -0.023441, -0.039301, -0.166116, 0.307581, 0.00037, 0.025693, -1.2e-05, 0.000213, 0.000162, 0.005926, 0.085657, -0.0, 0.006525, 0.0, 1.0, 0.68486, -0.0, -0.0, 0.0, 0.045031, 0.203875, -0.004495, -0.0, 0.058983], [0.024747, 0.141506, 0.330067, -0.004208, 0.112232, 0.05521, -0.015781, 0.420939, 0.20707, -0.046004, -0.004821, -0.002372, 0.048741, 0.063263, 0.096663, 0.433528, 0.738124, -0.013655, 0.106866, 0.17917, -0.03467, 0.271335, 0.454918, -0.038605, -0.004523, -0.007582, -0.032049, 0.059343, 0.025693, 0.12796, -0.001139, 0.019651, 0.014948, 0.085657, 0.272651, -0.0, 0.071781, 0.0, 0.68486, 1.0, -0.0, 0.0, 0.0, 0.203875, 0.469367, -0.01055, 0.0, 0.13843], [1.7e-05, 0.000828, 0.003482, 0.005314, 0.00161, 0.000792, 0.067761, 0.008158, 0.004013, -0.003104, 0.020427, 0.010049, 0.002341, 0.003039, 0.007007, 0.023526, 0.015974, 0.22286, 0.02129, 0.035695, 0.292035, 0.010316, 0.017296, -0.056415, 0.229342, 0.384513, -0.018425, 0.034116, 1.2e-05, 0.001139, 5e-06, 4e-06, 3e-06, -0.0, -0.0, 0.000433, 0.0, 0.0, -0.0, -0.0, 1.0, 0.0, 0.0, 0.004495, 0.01055, 0.010455, 0.0, 0.007533], [-0.000452, -0.022099, -0.092886, 0.00161, -0.037576, -0.021128, 0.008158, -0.149542, -0.107048, 0.047014, 0.005403, 0.003039, -0.041789, -0.070891, -0.054842, -0.184117, -0.125017, 0.02129, 0.058957, -0.27936, 0.010316, 0.212616, -0.135363, 0.039787, -0.009288, 0.034116, 0.376143, 0.121869, -0.000213, -0.019651, 4e-06, -6.9e-05, -5.6e-05, -0.006525, -0.071781, 0.0, -0.006278, 0.0, -0.0, 0.0, 0.0, 1.0, 0.0, -0.0, 0.0, 0.0, 0.011029, 0.0], [-0.000222, -0.010871, -0.045693, 0.000792, -0.021128, -0.005019, 0.004013, -0.107048, 0.015408, 0.023127, 0.003039, 0.00072, -0.040882, -0.019213, -0.091948, -0.308689, -0.209602, 0.035695, -0.27936, -0.242792, 0.017296, -0.135363, 0.066404, 0.066706, 0.034116, 0.027563, -0.147105, -0.215714, -0.000162, -0.014948, 3e-06, -5.6e-05, -3.8e-05, 0.0, 0.0, 0.0, 0.0, 0.000433, 0.0, 0.0, 0.0, 0.0, 1.0, -0.058983, -0.13843, 0.007533, 0.0, -0.087818], [0.000771, 0.019694, 0.113874, 0.001188, 0.031687, -0.015588, 0.00951, 0.253664, -0.124784, -0.034144, 0.003578, -0.00176, 0.036176, -0.046954, 0.058036, 0.317728, 0.461773, 0.025947, 0.203068, -0.340463, 0.036825, 0.288204, -0.4832, -0.200096, 0.023441, -0.039301, -0.166116, -0.307581, 0.005924, 0.085642, -0.0, 0.006522, -0.0, 0.00037, 0.025698, 1.2e-05, 0.000213, -0.000162, 0.045031, 0.203875, 0.004495, -0.0, -0.058983, 1.0, 0.68486, -0.0, -0.0, -0.0], [0.024747, 0.141506, 0.330067, 0.004208, 0.112232, -0.05521, 0.015781, 0.420939, -0.20707, -0.046004, 0.004821, -0.002372, 0.048741, -0.063263, 0.096663, 0.433528, 0.738124, 0.013655, 0.106866, -0.17917, 0.03467, 0.271335, -0.454918, -0.038605, 0.004523, -0.007582, -0.032049, -0.059343, 0.085642, 0.272622, 0.0, 0.07177, 0.0, 0.025698, 0.127974, 0.001139, 0.019653, -0.01495, 0.203875, 0.469367, 0.01055, 0.0, -0.13843, 0.68486, 1.0, 0.0, 0.0, 0.0], [-1.7e-05, -0.000828, -0.003482, 0.005314, -0.00161, 0.000792, 0.067761, -0.008158, 0.004013, 0.003104, 0.020427, -0.010049, -0.002341, 0.003039, -0.007007, -0.023526, -0.015974, 0.22286, -0.02129, 0.035695, 0.292035, -0.010316, 0.017296, 0.056415, 0.229342, -0.384513, 0.018425, 0.034116, -0.0, 0.0, 0.000433, 0.0, 0.0, -1.2e-05, -0.001139, 5e-06, -4e-06, 3e-06, -0.004495, -0.01055, 0.010455, 0.0, 0.007533, -0.0, 0.0, 1.0, 0.0, 0.0], [-0.000452, -0.022099, -0.092886, -0.00161, -0.037576, 0.021128, -0.008158, -0.149542, 0.107048, 0.047014, -0.005403, 0.003039, -0.041789, 0.070891, -0.054842, -0.184117, -0.125017, -0.02129, 0.058957, 0.27936, -0.010316, 0.212616, 0.135363, 0.039787, 0.009288, 0.034116, 0.376143, -0.121869, -0.006522, -0.07177, 0.0, -0.006274, -0.0, -0.000213, -0.019653, -4e-06, -6.9e-05, 5.6e-05, -0.0, 0.0, 0.0, 0.011029, 0.0, -0.0, 0.0, 0.0, 1.0, 0.0], [0.000222, 0.010871, 0.045693, 0.000792, 0.021128, -0.005019, 0.004013, 0.107048, 0.015408, -0.023127, 0.003039, -0.00072, 0.040882, -0.019213, 0.091948, 0.308689, 0.209602, 0.035695, 0.27936, -0.242792, 0.017296, 0.135363, 0.066404, -0.066706, 0.034116, -0.027563, 0.147105, -0.215714, -0.0, 0.0, 0.0, 0.0, 0.000433, 0.000162, 0.01495, 3e-06, 5.6e-05, -3.8e-05, 0.058983, 0.13843, 0.007533, 0.0, -0.087818, -0.0, 0.0, 0.0, 0.0, 1.0]]], "h": [[[-14.110597514503137, 2.9954056711783266, -2.6886983518676266, 0.0, -0.000481, 0.0, 0.0, -0.000821, -0.0, 0.002984, -0.0, 0.000305, -0.001188, 0.0, -0.009733993872601076, -0.3449966137800107, -1.0204247676994043, 0.0, 0.7058659392218378, -0.0, 0.0, 1.9376189862286322, -0.0, 0.844481512946346, 0.0, 7e-06, -1.4625951484108464, 0.0, -0.815938595755704, -1.3621812986514166, 0.09977810130712347, -0.7808897552283811, -1.3092611912355343, -0.8160683902343346, -1.3622430961974747, -0.09980350008015249, -0.7809363533879246, 1.3095765777388535, -0.009688727002681918, -0.34691021807440914, -0.0001873895707465533, 0.004691122704555417, 0.002459263806219696, -0.009688727002681918, -0.34691021807440914, 0.0001873895707465533, 0.004691122704555417, -0.002459263806219696], [2.9954056711783266, -5.0291185145031365, -3.1663487137360673, 1e-06, -0.038632, -8e-06, 0.0, -0.049747, -5e-06, 0.117334, -0.0, 0.011554, -0.052499, 2e-06, -0.3449966137800107, -0.9661534408714877, -1.6420973658671387, 0.0, 1.30515800615423, -0.0, 0.0, 2.190775886145035, -2e-06, 0.540751437274681, 0.0, 0.000309, -0.9325767943414287, 1e-06, -1.5241326784800526, -1.9935906368595158, 0.09320376714020079, -0.730091446890774, -1.2229444237754585, -1.5242584606889733, -1.993663827043748, -0.09320816591322979, -0.7300042567065419, 1.2230182059843793, -0.13312271801662476, -0.7156763881212809, -0.006616092034008597, 0.1543752425840048, 0.0868415307991636, -0.13312271801662476, -0.7156753881212808, 0.006616092034008597, 0.1543752425840048, -0.0868415307991636], [-2.6886983518676266, -3.1663487137360673, -5.122668514503137, 1e-06, -0.062335, -7e-06, 0.0, -0.156806, -4e-06, 0.178074, 0.0, 0.015564, -0.105393, -1e-06, -1.0204237676994041, -1.6420953658671387, -3.164564255351012, 0.0, 1.3484902973249757, -0.0, 0.0, 3.1202990039524394, -2e-06, 0.4923124486645777, -0.0, 0.003489, -0.8071901670502766, 1e-06, -2.3533993089616567, -3.653131971631113, 0.0909340001826731, -0.7125367038836385, -1.1931848122128865, -2.353526695464976, -3.6532389593614036, -0.09094219956918762, -0.7124715136994066, 1.193289005464546, -0.6268969399525302, -1.7055239086825067, -0.023160263843499923, 0.4943352157861383, 0.3039195680071918, -0.6268969399525302, -1.7055229086825068, 0.023160263843499923, 0.4943352157861383, -0.3039195680071918], [0.0, 1e-06, 1e-06, -4.221598514503136, -0.0, 0.00708, -2.46431718705117, 0.0, 0.006474, 0.0, -0.022458, -3e-06, -1e-06, -0.007895, 0.0, 0.0, 0.0, -0.6294343633544516, -0.0, 0.000168, -1.1787532512762833, -0.0, 0.001564, -0.0, 1.2976282640008119, 0.0, 0.0, -0.000399, -0.1281664818918129, -0.06743962285554032, -1.029938278622169, -0.09295293889377178, -0.15559810163518947, 0.1281810800513564, 0.06744062285554032, -1.0300682602176041, 0.09294873950725727, -0.155619098567762, 0.007051871179229726, 0.0211760184530292, -0.03566353993806967, -0.009799012288350051, -0.005117914119486484, -0.007051871179229726, -0.0211760184530292, -0.03566353993806967, 0.009799012288350051, -0.005117914119486484], [-0.000481, -0.038632, -0.062335, -0.0, -4.373983514503137, 2e-06, 0.0, -2.6360031870511698, -0.0, 0.051259, 0.0, -0.007895, -0.191771, 0.0, -0.7058649392218377, -1.3051570061542301, -1.3484892973249758, 0.0, 1.694621138870049, -0.0, 0.0, 0.6179216579542429, 0.0, 0.5993963666791127, -0.0, 0.000367, -1.0334026286220561, 0.0, 1.0010080207271228, 0.5037156392588922, -0.09286693889377179, -0.31843423073556143, 1.2185736166915964, 1.0009404287024344, 0.5036386484611747, 0.09286273950725726, -0.31873158963203313, -1.2185132240534222, -0.2125219604850609, -0.627753547295716, -0.01250001228835005, 0.2502371476689699, 0.16402463827842229, -0.2125219604850609, -0.627753547295716, 0.01250001228835005, 0.2502371476689699, -0.16402463827842229], [0.0, -8e-06, -7e-06, 0.00708, 2e-06, -4.313960514503137, 0.006474, -0.0, -2.54877518705117, 8e-06, -0.007895, 2e-06, 1.6e-05, 0.08053, -0.0, -0.0, -3e-06, 0.000168, 1e-06, -0.6316203633544516, 0.001564, 5e-06, -1.1991632512762833, 1e-06, -0.000399, 0.0, -1e-06, 1.3028302640008118, 1.6817367308872815, 0.8848890818035269, -0.15559810163518947, 1.2196976166915963, 0.9998894506292456, -1.681927506961347, -0.884935676895643, -0.155619098567762, -1.2196392240534222, 1.000032429157253, -0.09252903698807488, -0.2778361294657182, -0.005117914119486484, 0.1285876382784223, 0.031107720916291243, 0.09252803698807488, 0.27783312946571814, -0.005117914119486484, -0.1285876382784223, 0.031107720916291243], [0.0, 0.0, 0.0, -2.46431718705117, 0.0, 0.006474, -4.225689514503137, 0.0, 0.010895, -0.0, -0.032168, -2e-06, -1e-06, -0.008941, 0.0, 0.0, 0.0, -1.1787522512762831, -0.0, 0.001564, -2.6659214610475988, -0.0, 0.004353, -0.0, 1.0120629627927067, -0.0, 0.0, 0.00122, -0.169536408396578, -0.15161873045782376, -1.2598438407629236, -0.046897871283614355, -0.07839858915484624, 0.169545807169607, 0.15162292984433826, -1.2599066321741266, 0.04689367189709985, -0.07840378854136075, 0.04619916575292483, 0.070342518585374, -0.31960762960924705, -0.03733159518531659, -0.02039513808270109, -0.04619916575292483, -0.070342518585374, -0.31960762960924705, 0.03733159518531659, -0.02039513808270109], [-0.000821, -0.049747, -0.156806, 0.0, -2.6360031870511698, -0.0, 0.0, -4.637360514503136, -4e-06, 0.098157, -0.0, -0.008941, -0.28664, 4e-06, -1.937617986228632, -2.190770886145035, -3.1202950039524393, 0.0, 0.6179226579542428, 0.0, 0.0, -0.16483019963629203, -1e-06, -0.06260402798337762, -0.0, 0.008498, 0.21929426138746816, 0.0, 1.3242379910258621, 1.1239795399127086, -0.046807871283614355, -0.9024947631675989, 0.6142015567626882, 1.3240572149517964, 1.1237841656790994, 0.04680467189709985, -0.9026675392416645, -0.6141321671919415, -1.3310181808149235, -2.1012425600284357, -0.050602595185316596, 0.7621956581518281, 0.6639949276045318, -1.3310171808149236, -2.101241560028436, 0.050602595185316596, 0.7621956581518281, -0.6639949276045318], [-0.0, -5e-06, -4e-06, 0.006474, -0.0, -2.54877518705117, 0.010895, -4e-06, -4.3678615145031365, 5e-06, -0.008941, 2e-06, 1.4e-05, 0.084459, -0.0, 0.0, -2e-06, 0.001564, 0.0, -1.1991602512762831, 0.004353, 4e-06, -2.7227504610475988, 1e-06, 0.00122, 0.0, -0.0, 0.9961579627927069, 2.2245725638079157, 1.9894605144047377, -0.07839858915484624, 0.6153725567626882, -0.23711006210906632, -2.224679149697749, -1.9895139070429118, -0.07840378854136075, -0.6153041671919416, -0.2371096602686098, -0.6061982468257594, -0.9230189655581644, -0.02039513808270109, 0.48986292760453176, -0.053535147415464335, 0.6061982468257594, 0.9230169655581645, -0.02039513808270109, -0.48986292760453176, -0.053535147415464335], [0.002984, 0.117334, 0.178074, 0.0, 0.051259, 8e-06, -0.0, 0.098157, 5e-06, -3.2536095145031365, 0.0, -0.008167, 0.08749, -1e-06, 0.844481512946346, 0.540750437274681, 0.4923124486645777, -0.0, -0.5993963666791127, 0.0, -0.0, 0.06260102798337762, 2e-06, -0.5480738882014333, 0.0, -0.000576, -0.256605310320915, -1e-06, 0.8620794440060197, 0.2647953163923936, -0.19509339021569447, 0.0742129912525363, 0.12300227683644624, 0.8620942415520776, 0.2647949176193646, 0.19510838714826695, 0.07415620290876072, -0.12292948849267066, 0.21445285315119508, 0.2955635772132023, 0.020634895741017737, -0.27619895759285046, -0.16855621192091405, 0.21445285315119508, 0.29556257721320234, -0.020634895741017737, -0.27619895759285046, 0.16855621192091405], [-0.0, -0.0, 0.0, -0.022458, 0.0, -0.007895, -0.032168, -0.0, -0.008941, 0.0, -3.199610514503137, 0.0, 1e-06, 0.014383, 0.0, 0.0, -0.0, -1.2976282640008119, -0.0, 0.000399, -1.0120629627927067, 0.0, -0.00122, 0.0, 1.4942578086503668, -0.0, 0.0, 0.000106, 0.10004881928646803, 0.02224982520509769, 0.8305637020091783, -0.04233290194670513, 0.109031270328789, -0.10004361989995351, -0.022245625818583185, 0.83050310998449, 0.042358497038821157, 0.10902287155576, 0.019541404948892224, 0.021824242386419623, -0.12464986833175558, -0.029005285337860447, -0.017768935617575032, -0.019541404948892224, -0.021824242386419623, -0.12464986833175558, 0.029005285337860447, -0.017768935617575032], [0.000305, 0.011554, 0.015564, -3e-06, -0.007895, 2e-06, -2e-06, -0.008941, 2e-06, -0.008167, 0.0, -3.1436945145031365, -0.013367, -1e-06, 7e-06, 0.000309, 0.003489, 0.0, -0.000367, 0.0, -1e-06, -0.008499, 1e-06, -0.000576, 0.0, -0.6919270480021763, 0.000448, -0.0, 0.1687450894064878, 0.04470174855296278, 1.3929917068511446, 0.109488270328789, 0.07614269049924996, 0.16876608633906032, 0.044707947939477286, -1.3931442774038407, 0.10947987155576, -0.07614928865879347, 0.009120920265525521, 0.011893944812401441, -0.05839663508424202, -0.015743935617575033, -0.003543558290442259, 0.009120920265525521, 0.011893944812401441, 0.05839663508424202, -0.015743935617575033, 0.003543558290442259], [-0.001188, -0.052499, -0.105393, -1e-06, -0.191771, 1.6e-05, -1e-06, -0.28664, 1.4e-05, 0.08749, 1e-06, -0.013367, -3.4675005145031363, -1.1e-05, -1.4625941484108465, -0.9325757943414287, -0.8071851670502767, 0.0, 1.033401628622056, 0.0, -0.0, -0.21930226138746817, 4e-06, -0.256606310320915, 0.0, 0.000448, -0.24159276798646193, -1e-06, 0.7081612902432032, 0.12454013840331102, -0.05883869652972029, 1.2997658417247533, -0.6348887532159839, 0.7083786583419572, 0.12457673349542706, 0.05885789284880731, 1.2997664368168693, 0.6348027716205489, -0.25244100654866547, -0.3567742981033974, -0.018750763830451843, 0.2730191630545716, 0.30505231948591727, -0.25244100654866547, -0.3567762981033974, 0.018750763830451843, 0.2730191630545716, -0.30505231948591727], [0.0, 2e-06, -1e-06, -0.007895, 0.0, 0.08053, -0.008941, 4e-06, 0.084459, -1e-06, 0.014383, -1e-06, -1.1e-05, -3.3872405145031363, -0.0, -0.0, 0.0, 0.000399, 0.0, -1.302829264000812, -0.00122, -1e-06, -0.9961559627927068, 0.0, 0.000106, 0.0, 0.0, 1.492879808650367, -1.3127885035173892, -0.2919301939301596, 0.109031270328789, 0.5554510351359828, -0.5917904625895295, 1.3126955157870992, 0.2918873994515291, 0.10902287155576, -0.5558181670390926, -0.5917490699513556, -0.25643499440198025, -0.28639178906701196, -0.017768935617575032, 0.38058070939964184, 0.10713581310314878, 0.25643499440198025, 0.28639178906701196, -0.017768935617575032, -0.38058070939964184, 0.10713581310314878], [-0.009733993872601076, -0.3449966137800107, -1.0204237676994041, 0.0, -0.7058649392218377, -0.0, 0.0, -1.937617986228632, -0.0, 0.844481512946346, 0.0, 7e-06, -1.4625941484108465, -0.0, -14.110591514503138, 2.9954046711783264, -2.6886963518676263, 0.0, 0.000482, 0.0, 0.0, 0.000821, -0.0, 0.002983, -0.0, 0.000305, -0.001189, 0.0, -0.009688727002681918, -0.34691021807440914, 0.0001873895707465533, -0.004691122704555417, -0.002459263806219696, -0.009691727002681918, -0.3469650156204671, -0.0001873895707465533, -0.004693122704555418, 0.0024602638062196963, -0.815937595755704, -1.3621812986514166, -0.09977810130712347, 0.7808897552283811, 1.3092601912355344, -0.815937595755704, -1.3621812986514166, 0.09977810130712347, 0.7808897552283811, -1.3092601912355344], [-0.3449966137800107, -0.9661534408714877, -1.6420953658671387, 0.0, -1.3051570061542301, -0.0, 0.0, -2.190770886145035, 0.0, 0.540750437274681, 0.0, 0.000309, -0.9325757943414287, -0.0, 2.9954046711783264, -5.029108514503137, -3.166341713736067, 0.0, 0.038634, -0.0, 0.0, 0.049748, 0.0, 0.117331, -0.0, 0.011553, -0.052511, 0.0, -0.13312271801662476, -0.7156753881212808, 0.006616092034008597, -0.1543752425840048, -0.0868415307991636, -0.13316411372222628, -0.7157599770785419, -0.0066212914205231, -0.15442283767612086, 0.08687552773173611, -1.5241306784800526, -1.9935876368595158, -0.09320376714020079, 0.730090446890774, 1.2229424237754587, -1.5241306784800526, -1.9935876368595158, 0.09320376714020079, 0.730090446890774, -1.2229424237754587], [-1.0204247676994043, -1.6420973658671387, -3.164564255351012, 0.0, -1.3484892973249758, -3e-06, 0.0, -3.1202950039524393, -2e-06, 0.4923124486645777, -0.0, 0.003489, -0.8071851670502767, 0.0, -2.6886963518676263, -3.166341713736067, -5.122663514503136, 0.0, 0.062336, -1e-06, 0.0, 0.156805, -1e-06, 0.178071, -0.0, 0.015563, -0.105406, 0.0, -0.6268969399525302, -1.7055229086825068, 0.023160263843499923, -0.4943352157861383, -0.3039195680071918, -0.6269997282963057, -1.7056810896644563, -0.023166463230014426, -0.49439360842431235, 0.30397716309930783, -2.353397308961657, -3.653129971631113, -0.0909340001826731, 0.7125367038836385, 1.1931838122128864, -2.3533963089616567, -3.653128971631113, 0.0909340001826731, 0.7125357038836386, -1.1931838122128864], [0.0, 0.0, 0.0, -0.6294343633544516, 0.0, 0.000168, -1.1787522512762831, 0.0, 0.001564, -0.0, -1.2976282640008119, 0.0, 0.0, 0.000399, 0.0, 0.0, 0.0, -4.221592514503136, -0.0, 0.007079, -2.46431518705117, -0.0, 0.006474, 0.0, 0.022459, 0.0, 0.0, 0.007895, -0.007051871179229726, -0.0211760184530292, -0.03566353993806967, -0.009799012288350051, -0.005117914119486484, 0.007051871179229726, 0.0211760184530292, -0.03567593871109867, 0.009804211674864553, -0.0051189141194864845, 0.1281664818918129, 0.06743962285554032, -1.029937278622169, -0.09295293889377178, -0.15559810163518947, -0.1281664818918129, -0.06743962285554032, -1.029937278622169, 0.09295293889377178, -0.15559810163518947], [0.7058659392218378, 1.30515800615423, 1.3484902973249757, -0.0, 1.694621138870049, 1e-06, -0.0, 0.6179226579542428, 0.0, -0.5993963666791127, -0.0, -0.000367, 1.033401628622056, 0.0, 0.000482, 0.038634, 0.062336, -0.0, -4.373979514503136, 0.0, -0.0, -2.63600418705117, 0.0, -0.05126, 0.0, 0.007895, 0.191767, -1e-06, 0.2125219604850609, 0.627753547295716, -0.01250001228835005, 0.2502371476689699, 0.16402463827842229, 0.21257675496369144, 0.6278055411608611, 0.012505211674864554, 0.2502993409206294, -0.16407923337053829, -1.0010070207271229, -0.5037146392588921, -0.09286693889377179, -0.31843423073556143, 1.2185716166915963, -1.0010070207271229, -0.5037146392588921, 0.09286693889377179, -0.31843423073556143, -1.2185716166915963], [-0.0, -0.0, -0.0, 0.000168, -0.0, -0.6316203633544516, 0.001564, 0.0, -1.1991602512762831, 0.0, 0.000399, 0.0, 0.0, -1.302829264000812, 0.0, -0.0, -1e-06, 0.007079, 0.0, -4.313942514503137, 0.006474, 0.0, -2.54876518705117, 0.0, 0.007895, 0.0, 0.0, -0.080524, 0.09252803698807488, 0.27783412946571817, -0.005117914119486484, 0.1285876382784223, 0.031107720916291243, -0.0925570339206474, -0.2778685251713197, -0.0051189141194864845, -0.12863023337053828, 0.031119119689320247, -1.6817357308872816, -0.8848900818035269, -0.15559810163518947, 1.2196966166915963, 0.9998884506292457, 1.6817357308872816, 0.8848900818035269, -0.15559810163518947, -1.2196956166915962, 0.9998884506292457], [0.0, 0.0, 0.0, -1.1787532512762833, 0.0, 0.001564, -2.6659214610475988, 0.0, 0.004353, -0.0, -1.0120629627927067, -1e-06, -0.0, -0.00122, 0.0, 0.0, 0.0, -2.46431518705117, -0.0, 0.006474, -4.225687514503137, -0.0, 0.010895, 0.0, 0.032169, -0.0, 0.0, 0.008941, -0.04619916575292483, -0.070342518585374, -0.31960762960924705, -0.03733159518531659, -0.02039513808270109, 0.04620436513943933, 0.07034771797188852, -0.3196620222474211, 0.03733579457183109, -0.02040033746921559, 0.169536408396578, 0.15161873045782376, -1.2598428407629234, -0.046897871283614355, -0.07839858915484624, -0.169536408396578, -0.15161873045782376, -1.2598428407629234, 0.046897871283614355, -0.07839858915484624], [1.9376189862286322, 2.190775886145035, 3.1202990039524394, -0.0, 0.6179216579542429, 5e-06, -0.0, -0.16483019963629203, 4e-06, 0.06260102798337762, 0.0, -0.008499, -0.21930226138746817, -1e-06, 0.000821, 0.049748, 0.156805, -0.0, -2.63600418705117, 0.0, -0.0, -4.6373685145031365, 2e-06, -0.098156, 0.0, 0.008941, 0.286637, -1e-06, 1.3310191808149237, 2.101243560028436, -0.050602595185316596, 0.7621966581518281, 0.6639959276045317, 1.3311605642508153, 2.101322750212668, 0.05060979457183109, 0.7622082563113716, -0.6640873202427058, -1.3242369910258622, -1.1239795399127086, -0.046807871283614355, -0.9024947631675989, 0.6142015567626882, -1.3242369910258622, -1.1239805399127085, 0.046807871283614355, -0.9024947631675989, -0.6142015567626882], [-0.0, -2e-06, -2e-06, 0.001564, 0.0, -1.1991632512762833, 0.004353, -1e-06, -2.7227504610475988, 2e-06, -0.00122, 1e-06, 4e-06, -0.9961559627927068, -0.0, 0.0, -1e-06, 0.006474, 0.0, -2.54876518705117, 0.010895, 2e-06, -4.367855514503137, 0.0, 0.008941, 0.0, 0.0, -0.084457, 0.6061982468257594, 0.9230169655581645, -0.02039513808270109, 0.48986292760453176, -0.053535147415464335, -0.6062890351695349, -0.92310175390194, -0.02040033746921559, -0.48991332024270584, -0.05353954618849334, -2.224570563807916, -1.9894615144047378, -0.07839858915484624, 0.6153725567626882, -0.23711106210906632, 2.2245695638079157, 1.9894595144047378, -0.07839858915484624, -0.6153715567626882, -0.23711106210906632], [0.844481512946346, 0.540751437274681, 0.4923124486645777, -0.0, 0.5993963666791127, 1e-06, -0.0, -0.06260402798337762, 1e-06, -0.5480738882014333, 0.0, -0.000576, -0.256606310320915, 0.0, 0.002983, 0.117331, 0.178071, 0.0, -0.05126, 0.0, 0.0, -0.098156, 0.0, -3.2536015145031367, 0.0, -0.008167, 0.087504, -0.0, 0.21445285315119508, 0.29556257721320234, -0.020634895741017737, 0.27619895759285046, 0.16855621192091405, 0.21450264762982565, 0.29557797598623126, 0.02064109512753224, 0.2762533502310245, -0.16860160762651555, 0.8620794440060197, 0.2647953163923936, 0.19509339021569447, -0.0742129912525363, -0.12300127683644624, 0.8620784440060196, 0.2647953163923936, -0.19509339021569447, -0.0742129912525363, 0.12300127683644624], [0.0, 0.0, -0.0, 1.2976282640008119, -0.0, -0.000399, 1.0120629627927067, -0.0, 0.00122, 0.0, 1.4942578086503668, 0.0, 0.0, 0.000106, -0.0, -0.0, -0.0, 0.022459, 0.0, 0.007895, 0.032169, 0.0, 0.008941, 0.0, -3.1996085145031365, 0.0, -0.0, 0.014383, 0.019541404948892224, 0.021824242386419623, 0.12464986833175558, 0.029005285337860447, 0.017768935617575032, -0.019546604335406725, -0.021829441772934124, 0.12469246342387158, -0.02901048472437495, 0.017774135004089538, 0.10004881928646803, 0.02224982520509769, -0.8305617020091782, 0.04233290194670513, -0.109031270328789, -0.10004881928646803, -0.02224982520509769, -0.8305617020091782, -0.04233290194670513, -0.109031270328789], [7e-06, 0.000309, 0.003489, 0.0, 0.000367, 0.0, -0.0, 0.008498, 0.0, -0.000576, -0.0, -0.6919270480021763, 0.000448, 0.0, 0.000305, 0.011553, 0.015563, 0.0, 0.007895, 0.0, -0.0, 0.008941, 0.0, -0.008167, 0.0, -3.1436835145031363, -0.013364, -0.0, 0.009120920265525521, 0.011893944812401441, 0.05839663508424202, 0.015743935617575033, 0.003543558290442259, 0.009126119652040025, 0.011893944812401441, -0.05841743263030003, 0.015748135004089534, -0.0035477576769567614, 0.1687450894064878, 0.04470174855296278, -1.3929897068511445, -0.109487270328789, -0.07614269049924996, 0.1687450894064878, 0.04470174855296278, 1.3929897068511445, -0.109487270328789, 0.07614269049924996], [-1.4625951484108464, -0.9325767943414287, -0.8071901670502766, 0.0, -1.0334026286220561, -1e-06, 0.0, 0.21929426138746816, -0.0, -0.256605310320915, 0.0, 0.000448, -0.24159276798646193, 0.0, -0.001189, -0.052511, -0.105406, 0.0, 0.191767, 0.0, 0.0, 0.286637, 0.0, 0.087504, -0.0, -0.013364, -3.4674795145031365, 0.0, -0.25244100654866547, -0.3567772981033974, 0.018750763830451843, -0.2730191630545716, -0.30505231948591727, -0.252486402254267, -0.3567842981033974, -0.018756963216966346, -0.2730525587601731, 0.30513791151060576, 0.7081602902432031, 0.12453613840331101, 0.05883869652972029, -1.2997648417247532, 0.6348887532159839, 0.7081592902432031, 0.12453513840331101, -0.05883869652972029, -1.2997648417247532, -0.6348887532159839], [0.0, 1e-06, 1e-06, -0.000399, 0.0, 1.3028302640008118, 0.00122, 0.0, 0.9961579627927069, -1e-06, 0.000106, -0.0, -1e-06, 1.492879808650367, 0.0, 0.0, 0.0, 0.007895, -1e-06, -0.080524, 0.008941, -1e-06, -0.084457, -0.0, 0.014383, -0.0, 0.0, -3.387237514503137, -0.25643499440198025, -0.28639178906701196, 0.017768935617575032, -0.38058070939964184, -0.10713681310314876, 0.25650378581318334, 0.28641378599958445, 0.017774135004089538, 0.3806728965164464, -0.10717440819526478, -1.3127865035173891, -0.2919281939301596, -0.109031270328789, -0.5554500351359828, 0.5917884625895296, 1.3127865035