{"coordinates": [[[9.24, 10.0, 10.0], [10.75, 10.0, 10.0], [8.859, 10.658, 10.784], [8.859, 10.35, 9.037], [8.859, 8.991, 10.178], [11.14, 9.649, 10.962], [11.14, 11.008, 9.821], [11.14, 9.341, 9.215]]], "HF": [-79.81955669654], "elements": [["C", "C", "H", "H", "H", "H", "H", "H"]], "S": [[[1.0, -0.2157, 0.19014, -0.0, -0.0, -0.0, 0.0, 0.0, 0.0, -0.0, 0.0, 0.0, -0.0, 0.0, 0.000291, 0.011333, 0.055097, 0.0, -0.024463, 0.0, 0.0, -0.119478, 0.0, -0.032102, -0.0, 0.0, 0.055603, -0.0, 0.056251, 0.095782, -0.074055, 0.036286, -0.06217, 0.056253, 0.095783, 0.090872, 0.036288, -0.03305, 0.056245, 0.095778, -0.016809, 0.03629, 0.095202, 0.000597, 0.022661, -0.000172, -0.000338, 6.2e-05, 0.000596, 0.022657, 3.2e-05, -0.000338, -0.00018, 0.000597, 0.022661, 0.00014, -0.000338, 0.000117], [-0.2157, 1.0, 0.718332, 0.0, 0.0, 0.0, -0.0, -0.0, -0.0, 0.0, 0.0, 0.0, -0.0, 0.0, 0.011333, 0.127616, 0.276026, 0.0, -0.192363, 0.0, -0.0, -0.467456, -0.0, -0.128045, -0.0, 0.0, 0.22178, -0.0, 0.31189, 0.430294, -0.25587, 0.125375, -0.214807, 0.311896, 0.430298, 0.313965, 0.125377, -0.11419, 0.311869, 0.430283, -0.058085, 0.125399, 0.328972, 0.016444, 0.131577, -0.00897, -0.017671, 0.003262, 0.016438, 0.131559, 0.001659, -0.017664, -0.009395, 0.016443, 0.131576, 0.00731, -0.017671, 0.006137], [0.19014, 0.718332, 1.0, 0.0, 0.0, 0.0, -0.0, 0.0, -0.0, 0.0, 0.0, 0.0, -0.0, 0.0, 0.055097, 0.276026, 0.521271, 0.0, -0.224696, 0.0, -0.0, -0.604451, -0.0, -0.072903, 0.0, 0.0, 0.126271, 0.0, 0.457437, 0.734147, -0.175199, 0.085847, -0.147083, 0.457442, 0.734152, 0.214976, 0.085848, -0.078187, 0.457422, 0.734133, -0.039773, 0.085866, 0.225261, 0.104043, 0.31331, -0.042899, -0.084515, 0.015603, 0.104025, 0.313278, 0.007936, -0.084504, -0.044945, 0.104042, 0.313308, 0.034962, -0.084514, 0.029351], [-0.0, 0.0, 0.0, 1.0, 0.0, 0.0, 0.530759, 0.0, 0.0, -0.0, -0.0, -0.0, 0.0, -0.0, 0.0, 0.0, 0.0, 0.071323, 0.0, 0.0, 0.197538, 0.0, 0.0, 0.0, -0.190827, -0.0, -0.0, -0.0, 0.281089, 0.150109, -0.105223, 0.159223, -0.272799, -0.344912, -0.184189, -0.269522, -0.195376, 0.177943, 0.063809, 0.034077, 0.202959, 0.036153, 0.094844, 0.013356, 0.053014, -0.004558, -0.01734, 0.003201, -0.00247, -0.009807, 0.00394, 0.003207, 0.001706, -0.010885, -0.043205, -0.001603, 0.014131, -0.004908], [-0.0, 0.0, 0.0, 0.0, 1.0, 0.0, 0.0, 0.530759, 0.0, 0.0, -0.0, -0.0, -0.0, -0.0, 0.024463, 0.192363, 0.224696, 0.0, -0.269736, 0.0, -0.0, -0.19233, -0.0, -0.150721, 0.0, 0.0, 0.261057, 0.0, -0.137732, -0.073553, 0.159223, 0.141707, 0.13367, -0.137735, -0.073553, -0.195376, 0.141711, 0.071059, -0.137756, -0.07357, 0.036153, 0.141654, -0.20476, 0.026313, 0.104441, -0.01734, -0.029918, 0.006307, 0.026305, 0.104431, 0.003207, -0.029907, -0.018163, 0.026313, 0.10444, 0.014131, -0.029917, 0.011863], [-0.0, 0.0, 0.0, 0.0, 0.0, 1.0, 0.0, 0.0, 0.530759, 0.0, -0.0, -0.0, 0.0, -0.0, 0.0, 0.0, 0.0, 0.0, 0.0, 0.071323, 0.0, 0.0, 0.197538, 0.0, -0.0, -0.0, -0.0, -0.190827, 0.235978, 0.126019, -0.272799, 0.13367, -0.009294, 0.125445, 0.06699, 0.177943, 0.071059, 0.155014, -0.361391, -0.193003, 0.094844, -0.20476, -0.317463, -0.004858, -0.019281, 0.003201, 0.006307, 0.003079, 0.013991, 0.055544, 0.001706, -0.018163, -0.005419, -0.009138, -0.036271, -0.004908, 0.011863, 0.000123], [0.0, -0.0, -0.0, 0.530759, 0.0, 0.0, 1.0, 0.0, 0.0, 0.0, 0.0, 0.0, 0.0, 0.0, 0.0, -0.0, -0.0, 0.197538, 0.0, 0.0, 0.538355, 0.0, 0.0, 0.0, -0.21345, 0.0, 0.0, 0.0, 0.404335, 0.382134, 0.130231, 0.078526, -0.134541, -0.496134, -0.468891, 0.049206, -0.096355, 0.087757, 0.091791, 0.086752, 0.282221, 0.017831, 0.046779, 0.118489, 0.203901, 0.010489, -0.101332, 0.018707, -0.021919, -0.037722, 0.060153, 0.018746, 0.00997, -0.096565, -0.166174, 0.027761, 0.082582, -0.02868], [0.0, -0.0, 0.0, 0.0, 0.530759, 0.0, 0.0, 1.0, 0.0, -0.0, 0.0, 0.0, 0.0, 0.0, 0.119478, 0.467456, 0.604451, -0.0, -0.19233, -0.0, 0.0, -0.128384, 0.0, 0.003607, 0.0, 0.0, -0.006248, 0.0, -0.198122, -0.187243, 0.078526, 0.252013, 0.065924, -0.198124, -0.187245, -0.096355, 0.252016, 0.035044, -0.198167, -0.187289, 0.017831, 0.251984, -0.100991, 0.233432, 0.401701, -0.101332, -0.137707, 0.036855, 0.233406, 0.401683, 0.018746, -0.137703, -0.106171, 0.23343, 0.401699, 0.082582, -0.137705, 0.069329], [0.0, -0.0, -0.0, 0.0, 0.0, 0.530759, 0.0, 0.0, 1.0, 0.0, 0.0, 0.0, 0.0, 0.0, 0.0, -0.0, -0.0, 0.0, 0.0, 0.197538, 0.0, 0.0, 0.538355, 0.0, 0.0, 0.0, 0.0, -0.21345, 0.339446, 0.320808, -0.134541, 0.065924, 0.177541, 0.180445, 0.170537, 0.087757, 0.035044, 0.258576, -0.519872, -0.491334, 0.046779, -0.100991, 0.02554, -0.043095, -0.074159, 0.018707, 0.036855, 0.055121, 0.124142, 0.213645, 0.00997, -0.106171, 0.005444, -0.081068, -0.139506, -0.02868, 0.069329, 0.037846], [-0.0, 0.0, 0.0, -0.0, 0.0, 0.0, 0.0, -0.0, 0.0, 1.0, 0.0, 0.0, 0.0, 0.0, -0.032102, -0.128045, -0.072903, 0.0, 0.150721, 0.0, 0.0, -0.003607, 0.0, 0.125345, 0.0, 0.0, -0.033649, 0.0, 0.109486, 0.021442, 0.235688, 0.156478, -0.268097, 0.266887, 0.052268, -0.052238, 0.251111, -0.228704, -0.185767, -0.036384, 0.135742, -0.021042, -0.055202, -0.011921, -0.018013, 0.019621, 0.010275, -0.001897, -0.029067, -0.043931, -0.006295, 0.038661, 0.020563, -0.017885, -0.027026, -0.020075, 0.020149, -0.006997], [0.0, 0.0, 0.0, -0.0, -0.0, -0.0, 0.0, 0.0, 0.0, 0.0, 1.0, 0.0, 0.0, 0.0, 0.0, 0.0, 0.0, 0.190827, 0.0, 0.0, 0.21345, 0.0, 0.0, 0.0, -0.369673, 0.0, 0.0, 0.0, -0.176132, -0.034495, 0.059089, 0.214559, 0.181426, 0.216124, 0.042326, 0.168356, -0.263276, -0.118341, -0.039993, -0.007833, -0.145906, 0.048693, -0.063094, 0.040405, 0.061054, -0.017568, -0.058572, 0.012349, -0.007473, -0.011295, 0.015217, 0.010833, 0.00658, -0.032929, -0.049757, -0.006166, 0.047734, -0.018931], [0.0, 0.0, 0.0, -0.0, -0.0, -0.0, 0.0, 0.0, 0.0, 0.0, 0.0, 1.0, 0.0, 0.0, 0.0, 0.0, 0.0, -0.0, -0.0, -0.0, 0.0, 0.0, 0.0, 0.0, 0.0, 0.105918, 0.0, 0.0, 0.301771, 0.0591, -0.101239, 0.181426, 0.009609, -0.196839, -0.038549, -0.153333, -0.118341, -0.28543, -0.104919, -0.020549, -0.38277, -0.063094, -0.092777, -0.007459, -0.011271, 0.003243, 0.012349, 0.006037, -0.003975, -0.006008, 0.008093, 0.00658, 0.001962, 0.011436, 0.01728, 0.002141, -0.018931, -0.000203], [-0.0, -0.0, -0.0, 0.0, -0.0, 0.0, 0.0, 0.0, 0.0, 0.0, 0.0, 0.0, 1.0, 0.0, 0.055603, 0.22178, 0.126271, -0.0, -0.261057, -0.0, 0.0, 0.006248, 0.0, -0.033649, 0.0, 0.0, 0.164199, 0.0, -0.083519, -0.016357, 0.102475, -0.20723, -0.182994, 0.007357, 0.001441, 0.011077, -0.1526, -0.14704, -0.253942, -0.049736, 0.070735, -0.309756, 0.011375, 0.038444, 0.058091, -0.032305, -0.047258, 0.014774, 0.028534, 0.043126, 0.004436, -0.030857, -0.033835, 0.035, 0.052887, 0.023969, -0.041556, 0.025812], [0.0, 0.0, 0.0, -0.0, -0.0, -0.0, 0.0, 0.0, 0.0, 0.0, 0.0, 0.0, 0.0, 1.0, 0.0, 0.0, 0.0, 0.0, 0.0, 0.190827, 0.0, 0.0, 0.21345, 0.0, 0.0, 0.0, 0.0, -0.369673, -0.147866, -0.028959, 0.181426, 0.180125, -0.004709, -0.078605, -0.015394, -0.118341, 0.095754, -0.113982, 0.226509, 0.044363, -0.063094, -0.275782, 0.200296, -0.014695, -0.022206, 0.012349, 0.021303, 0.011894, 0.042327, 0.063972, 0.00658, -0.061357, -0.020889, -0.027644, -0.041772, -0.018931, 0.040073, 0.000491], [0.000291, 0.011333, 0.055097, 0.0, 0.024463, 0.0, 0.0, 0.119478, 0.0, -0.032102, 0.0, 0.0, 0.055603, 0.0, 1.0, -0.2157, 0.19014, -0.0, 0.0, -0.0, 0.0, 0.0, 0.0, -0.0, 0.0, 0.0, -0.0, 0.0, 0.000597, 0.022661, -0.00014, 0.000338, -0.000117, 0.000597, 0.022661, 0.000172, 0.000338, -6.2e-05, 0.000596, 0.022657, -3.2e-05, 0.000338, 0.00018, 0.056253, 0.095783, -0.090872, -0.036288, 0.03305, 0.056245, 0.095778, 0.016809, -0.03629, -0.095202, 0.056251, 0.095782, 0.074055, -0.036286, 0.06217], [0.011333, 0.127616, 0.276026, 0.0, 0.192363, 0.0, -0.0, 0.467456, -0.0, -0.128045, 0.0, 0.0, 0.22178, 0.0, -0.2157, 1.0, 0.718332, 0.0, -0.0, 0.0, -0.0, -0.0, -0.0, 0.0, 0.0, 0.0, -0.0, 0.0, 0.016443, 0.131576, -0.00731, 0.017671, -0.006137, 0.016444, 0.131577, 0.00897, 0.017671, -0.003262, 0.016438, 0.131559, -0.001659, 0.017664, 0.009395, 0.311896, 0.430298, -0.313965, -0.125377, 0.11419, 0.311869, 0.430283, 0.058085, -0.125399, -0.328972, 0.31189, 0.430294, 0.25587, -0.125375, 0.214807], [0.055097, 0.276026, 0.521271, 0.0, 0.224696, 0.0, -0.0, 0.604451, -0.0, -0.072903, 0.0, 0.0, 0.126271, 0.0, 0.19014, 0.718332, 1.0, 0.0, 0.0, 0.0, -0.0, 0.0, -0.0, 0.0, 0.0, 0.0, -0.0, 0.0, 0.104042, 0.313308, -0.034962, 0.084514, -0.029351, 0.104043, 0.31331, 0.042899, 0.084515, -0.015603, 0.104025, 0.313278, -0.007936, 0.084504, 0.044945, 0.457442, 0.734152, -0.214976, -0.085848, 0.078187, 0.457422, 0.734133, 0.039773, -0.085866, -0.225261, 0.457437, 0.734147, 0.175199, -0.085847, 0.147083], [0.0, 0.0, 0.0, 0.071323, 0.0, 0.0, 0.197538, -0.0, 0.0, 0.0, 0.190827, -0.0, -0.0, 0.0, -0.0, 0.0, 0.0, 1.0, 0.0, 0.0, 0.530759, 0.0, 0.0, -0.0, -0.0, -0.0, 0.0, 0.0, 0.010885, 0.043205, -0.001603, 0.014131, -0.004908, -0.013356, -0.053014, -0.004558, -0.01734, 0.003201, 0.00247, 0.009807, 0.00394, 0.003207, 0.001706, 0.344912, 0.184189, -0.269522, -0.195376, 0.177943, -0.063809, -0.034077, 0.202959, 0.036153, 0.094844, -0.281089, -0.150109, -0.105223, 0.159223, -0.272799], [-0.024463, -0.192363, -0.224696, 0.0, -0.269736, 0.0, 0.0, -0.19233, 0.0, 0.150721, 0.0, -0.0, -0.261057, 0.0, 0.0, -0.0, 0.0, 0.0, 1.0, 0.0, 0.0, 0.530759, 0.0, 0.0, -0.0, 0.0, -0.0, -0.0, -0.026313, -0.10444, 0.014131, -0.029917, 0.011863, -0.026313, -0.104441, -0.01734, -0.029918, 0.006307, -0.026305, -0.104431, 0.003207, -0.029907, -0.018163, 0.137735, 0.073553, -0.195376, 0.141711, 0.071059, 0.137756, 0.07357, 0.036153, 0.141654, -0.20476, 0.137732, 0.073553, 0.159223, 0.141707, 0.13367], [0.0, 0.0, 0.0, 0.0, 0.0, 0.071323, 0.0, -0.0, 0.197538, 0.0, 0.0, -0.0, -0.0, 0.190827, -0.0, 0.0, 0.0, 0.0, 0.0, 1.0, 0.0, 0.0, 0.530759, 0.0, 0.0, -0.0, 0.0, -0.0, 0.009138, 0.036271, -0.004908, 0.011863, 0.000123, 0.004858, 0.019281, 0.003201, 0.006307, 0.003079, -0.013991, -0.055544, 0.001706, -0.018163, -0.005419, -0.125445, -0.06699, 0.177943, 0.071059, 0.155014, 0.361391, 0.193003, 0.094844, -0.20476, -0.317463, -0.235978, -0.126019, -0.272799, 0.13367, -0.009294], [0.0, -0.0, -0.0, 0.197538, -0.0, 0.0, 0.538355, 0.0, 0.0, 0.0, 0.21345, 0.0, 0.0, 0.0, 0.0, -0.0, -0.0, 0.530759, 0.0, 0.0, 1.0, 0.0, 0.0, 0.0, 0.0, 0.0, 0.0, 0.0, 0.096565, 0.166174, 0.027761, 0.082582, -0.02868, -0.118489, -0.203901, 0.010489, -0.101332, 0.018707, 0.021919, 0.037722, 0.060153, 0.018746, 0.00997, 0.496134, 0.468891, 0.049206, -0.096355, 0.087757, -0.091791, -0.086752, 0.282221, 0.017831, 0.046779, -0.404335, -0.382134, 0.130231, 0.078526, -0.134541], [-0.119478, -0.467456, -0.604451, 0.0, -0.19233, 0.0, 0.0, -0.128384, 0.0, -0.003607, 0.0, 0.0, 0.006248, 0.0, 0.0, -0.0, 0.0, 0.0, 0.530759, 0.0, 0.0, 1.0, 0.0, 0.0, 0.0, 0.0, 0.0, 0.0, -0.23343, -0.401699, 0.082582, -0.137705, 0.069329, -0.233432, -0.401701, -0.101332, -0.137707, 0.036855, -0.233406, -0.401683, 0.018746, -0.137703, -0.106171, 0.198124, 0.187245, -0.096355, 0.252016, 0.035044, 0.198167, 0.187289, 0.017831, 0.251984, -0.100991, 0.198122, 0.187243, 0.078526, 0.252013, 0.065924], [0.0, -0.0, -0.0, 0.0, -0.0, 0.197538, 0.0, 0.0, 0.538355, 0.0, 0.0, 0.0, 0.0, 0.21345, 0.0, -0.0, -0.0, 0.0, 0.0, 0.530759, 0.0, 0.0, 1.0, 0.0, 0.0, 0.0, 0.0, 0.0, 0.081068, 0.139506, -0.02868, 0.069329, 0.037846, 0.043095, 0.074159, 0.018707, 0.036855, 0.055121, -0.124142, -0.213645, 0.00997, -0.106171, 0.005444, -0.180445, -0.170537, 0.087757, 0.035044, 0.258576, 0.519872, 0.491334, 0.046779, -0.100991, 0.02554, -0.339446, -0.320808, -0.134541, 0.065924, 0.177541], [-0.032102, -0.128045, -0.072903, 0.0, -0.150721, 0.0, 0.0, 0.003607, 0.0, 0.125345, 0.0, 0.0, -0.033649, 0.0, -0.0, 0.0, 0.0, -0.0, 0.0, 0.0, 0.0, 0.0, 0.0, 1.0, 0.0, 0.0, 0.0, 0.0, -0.017885, -0.027026, 0.020075, -0.020149, 0.006997, -0.011921, -0.018013, -0.019621, -0.010275, 0.001897, -0.029067, -0.043931, 0.006295, -0.038661, -0.020563, 0.266887, 0.052268, 0.052238, -0.251111, 0.228704, -0.185767, -0.036384, -0.135742, 0.021042, 0.055202, 0.109486, 0.021442, -0.235688, -0.156478, 0.268097], [-0.0, -0.0, 0.0, -0.190827, 0.0, -0.0, -0.21345, 0.0, 0.0, 0.0, -0.369673, 0.0, 0.0, 0.0, 0.0, 0.0, 0.0, -0.0, -0.0, 0.0, 0.0, 0.0, 0.0, 0.0, 1.0, 0.0, 0.0, 0.0, -0.032929, -0.049757, 0.006166, -0.047734, 0.018931, 0.040405, 0.061054, 0.017568, 0.058572, -0.012349, -0.007473, -0.011295, -0.015217, -0.010833, -0.00658, 0.216124, 0.042326, -0.168356, 0.263276, 0.118341, -0.039993, -0.007833, 0.145906, -0.048693, 0.063094, -0.176132, -0.034495, -0.059089, -0.214559, -0.181426], [0.0, 0.0, 0.0, -0.0, 0.0, -0.0, 0.0, 0.0, 0.0, 0.0, 0.0, 0.105918, 0.0, 0.0, 0.0, 0.0, 0.0, -0.0, 0.0, -0.0, 0.0, 0.0, 0.0, 0.0, 0.0, 1.0, 0.0, 0.0, 0.011436, 0.01728, -0.002141, 0.018931, 0.000203, -0.007459, -0.011271, -0.003243, -0.012349, -0.006037, -0.003975, -0.006008, -0.008093, -0.00658, -0.001962, -0.196839, -0.038549, 0.153333, 0.118341, 0.28543, -0.104919, -0.020549, 0.38277, 0.063094, 0.092777, 0.301771, 0.0591, 0.101239, -0.181426, -0.009609], [0.055603, 0.22178, 0.126271, -0.0, 0.261057, -0.0, 0.0, -0.006248, 0.0, -0.033649, 0.0, 0.0, 0.164199, 0.0, -0.0, -0.0, -0.0, 0.0, -0.0, 0.0, 0.0, 0.0, 0.0, 0.0, 0.0, 0.0, 1.0, 0.0, 0.035, 0.052887, -0.023969, 0.041556, -0.025812, 0.038444, 0.058091, 0.032305, 0.047258, -0.014774, 0.028534, 0.043126, -0.004436, 0.030857, 0.033835, 0.007357, 0.001441, -0.011077, 0.1526, 0.14704, -0.253942, -0.049736, -0.070735, 0.309756, -0.011375, -0.083519, -0.016357, -0.102475, 0.20723, 0.182994], [-0.0, -0.0, 0.0, -0.0, 0.0, -0.190827, 0.0, 0.0, -0.21345, 0.0, 0.0, 0.0, 0.0, -0.369673, 0.0, 0.0, 0.0, 0.0, -0.0, -0.0, 0.0, 0.0, 0.0, 0.0, 0.0, 0.0, 0.0, 1.0, -0.027644, -0.041772, 0.018931, -0.040073, -0.000491, -0.014695, -0.022206, -0.012349, -0.021303, -0.011894, 0.042327, 0.063972, -0.00658, 0.061357, 0.020889, -0.078605, -0.015394, 0.118341, -0.095754, 0.113982, 0.226509, 0.044363, 0.063094, 0.275782, -0.200296, -0.147866, -0.028959, -0.181426, -0.180125, 0.004709], [0.056251, 0.31189, 0.457437, 0.281089, -0.137732, 0.235978, 0.404335, -0.198122, 0.339446, 0.109486, -0.176132, 0.301771, -0.083519, -0.147866, 0.000597, 0.016443, 0.104042, 0.010885, -0.026313, 0.009138, 0.096565, -0.23343, 0.081068, -0.017885, -0.032929, 0.011436, 0.035, -0.027644, 1.0, 0.68486, -0.0, -0.0, 0.0, 0.058957, 0.228284, 0.07691, -0.0, 0.013581, 0.058953, 0.228278, 0.026692, 4e-06, 0.073391, 0.004712, 0.077574, -0.000359, -0.004597, 0.002033, 0.004711, 0.077562, 0.001939, -0.004595, -0.000705, 0.000382, 0.026049, 0.000142, -0.000207, 0.000119], [0.095782, 0.430294, 0.734147, 0.150109, -0.073553, 0.126019, 0.382134, -0.187243, 0.320808, 0.021442, -0.034495, 0.0591, -0.016357, -0.028959, 0.022661, 0.131576, 0.313308, 0.043205, -0.10444, 0.036271, 0.166174, -0.401699, 0.139506, -0.027026, -0.049757, 0.01728, 0.052887, -0.041772, 0.68486, 1.0, 0.0, 0.0, 0.0, 0.228284, 0.503767, 0.146929, 0.0, 0.025944, 0.228278, 0.503758, 0.050996, 8e-06, 0.140214, 0.077574, 0.256215, -0.004705, -0.060258, 0.026649, 0.077562, 0.256191, 0.025427, -0.060251, -0.009248, 0.026049, 0.129071, 0.012811, -0.018623, 0.010755], [-0.074055, -0.25587, -0.175199, -0.105223, 0.159223, -0.272799, 0.130231, 0.078526, -0.134541, 0.235688, 0.059089, -0.101239, 0.102475, 0.181426, -0.00014, -0.00731, -0.034962, -0.001603, 0.014131, -0.004908, 0.027761, 0.082582, -0.02868, 0.020075, 0.006166, -0.002141, -0.023969, 0.018931, -0.0, 0.0, 1.0, 0.0, 0.0, -0.07691, -0.146929, -0.116403, 0.0, -0.023523, -0.026692, -0.050996, 0.000762, -3e-06, -0.04412, 0.000359, 0.004705, 0.000274, -0.000315, 0.00014, -0.001939, -0.025427, -0.00042, 0.001704, 0.000262, -0.000142, -0.012811, -2.7e-05, 4.7e-05, -2.7e-05], [0.036286, 0.125375, 0.085847, 0.159223, 0.141707, 0.13367, 0.078526, 0.252013, 0.065924, 0.156478, 0.214559, 0.181426, -0.20723, 0.180125, 0.000338, 0.017671, 0.084514, 0.014131, -0.029917, 0.011863, 0.082582, -0.137705, 0.069329, -0.020149, -0.047734, 0.018931, 0.041556, -0.040073, -0.0, 0.0, 0.0, 1.0, 0.0, -0.0, 0.0, 0.0, 0.01681, 0.0, -4e-06, -8e-06, -3e-06, 0.016809, -7e-06, 0.004597, 0.060258, -0.000315, -0.003741, 0.001787, 0.004595, 0.060251, 0.001704, -0.003739, -0.00062, 0.000207, 0.018623, 4.7e-05, -6.3e-05, 3.9e-05], [-0.06217, -0.214807, -0.147083, -0.272799, 0.13367, -0.009294, -0.134541, 0.065924, 0.177541, -0.268097, 0.181426, 0.009609, -0.182994, -0.004709, -0.000117, -0.006137, -0.029351, -0.004908, 0.011863, 0.000123, -0.02868, 0.069329, 0.037846, 0.006997, 0.018931, 0.000203, -0.025812, -0.000491, 0.0, 0.0, 0.0, 0.0, 1.0, -0.013581, -0.025944, -0.023523, 0.0, 0.012657, -0.073391, -0.140214, -0.04412, -7e-06, -0.104501, -0.002033, -0.026649, 0.00014, 0.001787, -0.000491, 0.000705, 0.009248, 0.000262, -0.00062, 0.000204, -0.000119, -0.010755, -2.7e-05, 3.9e-05, -1.8e-05], [0.056253, 0.311896, 0.457442, -0.344912, -0.137735, 0.125445, -0.496134, -0.198124, 0.180445, 0.266887, 0.216124, -0.196839, 0.007357, -0.078605, 0.000597, 0.016444, 0.104043, -0.013356, -0.026313, 0.004858, -0.118489, -0.233432, 0.043095, -0.011921, 0.040405, -0.007459, 0.038444, -0.014695, 0.058957, 0.228284, -0.07691, -0.0, -0.013581, 1.0, 0.68486, 0.0, -0.0, -0.0, 0.058957, 0.228284, -0.050215, 4e-06, 0.059816, 0.000382, 0.02605, -0.000174, -0.000207, 6.3e-05, 0.00471, 0.077561, -0.00158, -0.004595, -0.001327, 0.004712, 0.077574, -0.000359, -0.004597, 0.002033], [0.095783, 0.430298, 0.734152, -0.184189, -0.073553, 0.06699, -0.468891, -0.187245, 0.170537, 0.052268, 0.042326, -0.038549, 0.001441, -0.015394, 0.022661, 0.131577, 0.31331, -0.053014, -0.104441, 0.019281, -0.203901, -0.401701, 0.074159, -0.018013, 0.061054, -0.011271, 0.058091, -0.022206, 0.228284, 0.503767, -0.146929, 0.0, -0.025944, 0.68486, 1.0, 0.0, 0.0, 0.0, 0.228284, 0.503766, -0.095931, 8e-06, 0.114273, 0.02605, 0.129074, -0.01572, -0.018623, 0.005717, 0.077561, 0.256189, -0.020723, -0.06025, -0.017397, 0.077574, 0.256215, -0.004705, -0.060258, 0.026649], [0.090872, 0.313965, 0.214976, -0.269522, -0.195376, 0.177943, 0.049206, -0.096355, 0.087757, -0.052238, 0.168356, -0.153333, 0.011077, -0.118341, 0.000172, 0.00897, 0.042899, -0.004558, -0.01734, 0.003201, 0.010489, -0.101332, 0.018707, -0.019621, 0.017568, -0.003243, 0.032305, -0.012349, 0.07691, 0.146929, -0.116403, 0.0, -0.023523, 0.0, 0.0, 1.0, 0.0, 0.0, 0.050215, 0.095931, -0.039977, 5e-06, 0.067645, 0.000174, 0.01572, -4.3e-05, -5.7e-05, 1.8e-05, 0.00158, 0.020723, -0.000179, -0.001389, -0.000401, 0.000359, 0.004705, 0.000274, -0.000315, 0.00014], [0.036288, 0.125377, 0.085848, -0.195376, 0.141711, 0.071059, -0.096355, 0.252016, 0.035044, 0.251111, -0.263276, -0.118341, -0.1526, 0.095754, 0.000338, 0.017671, 0.084515, -0.01734, -0.029918, 0.006307, -0.101332, -0.137707, 0.036855, -0.010275, 0.058572, -0.012349, 0.047258, -0.021303, -0.0, 0.0, 0.0, 0.01681, 0.0, -0.0, 0.0, 0.0, 1.0, 0.0, -4e-06, -8e-06, 5e-06, 0.01681, -6e-06, 0.000207, 0.018623, -5.7e-05, -6.3e-05, 2.1e-05, 0.004595, 0.06025, -0.001389, -0.003739, -0.001166, 0.004597, 0.060258, -0.000315, -0.003741, 0.001787], [-0.03305, -0.11419, -0.078187, 0.177943, 0.071059, 0.155014, 0.087757, 0.035044, 0.258576, -0.228704, -0.118341, -0.28543, -0.14704, -0.113982, -6.2e-05, -0.003262, -0.015603, 0.003201, 0.006307, 0.003079, 0.018707, 0.036855, 0.055121, 0.001897, -0.012349, -0.006037, -0.014774, -0.011894, 0.013581, 0.025944, -0.023523, 0.0, 0.012657, -0.0, 0.0, 0.0, 0.0, 1.0, -0.059816, -0.114273, 0.067645, -6e-06, -0.063768, -6.3e-05, -0.005717, 1.8e-05, 2.1e-05, -1e-06, 0.001327, 0.017397, -0.000401, -0.001166, -3.8e-05, -0.002033, -0.026649, 0.00014, 0.001787, -0.000491], [0.056245, 0.311869, 0.457422, 0.063809, -0.137756, -0.361391, 0.091791, -0.198167, -0.519872, -0.185767, -0.039993, -0.104919, -0.253942, 0.226509, 0.000596, 0.016438, 0.104025, 0.00247, -0.026305, -0.013991, 0.021919, -0.233406, -0.124142, -0.029067, -0.007473, -0.003975, 0.028534, 0.042327, 0.058953, 0.228278, -0.026692, -4e-06, -0.073391, 0.058957, 0.228284, 0.050215, -4e-06, -0.059816, 1.0, 0.68486, -0.0, -0.0, -0.0, 0.00471, 0.077561, -0.00158, -0.004595, -0.001327, 0.000382, 0.026041, 3.2e-05, -0.000206, -0.000183, 0.004711, 0.077562, 0.001939, -0.004595, -0.000705], [0.095778, 0.430283, 0.734133, 0.034077, -0.07357, -0.193003, 0.086752, -0.187289, -0.491334, -0.036384, -0.007833, -0.020549, -0.049736, 0.044363, 0.022657, 0.131559, 0.313278, 0.009807, -0.104431, -0.055544, 0.037722, -0.401683, -0.213645, -0.043931, -0.011295, -0.006008, 0.043126, 0.063972, 0.228278, 0.503758, -0.050996, -8e-06, -0.140214, 0.228284, 0.503766, 0.095931, -8e-06, -0.114273, 0.68486, 1.0, 0.0, -0.0, -0.0, 0.077561, 0.256189, -0.020723, -0.06025, -0.017397, 0.026041, 0.129045, 0.002907, -0.018618, -0.016466, 0.077562, 0.256191, 0.025427, -0.060251, -0.009248], [-0.016809, -0.058085, -0.039773, 0.202959, 0.036153, 0.094844, 0.282221, 0.017831, 0.046779, 0.135742, -0.145906, -0.38277, 0.070735, -0.063094, -3.2e-05, -0.001659, -0.007936, 0.00394, 0.003207, 0.001706, 0.060153, 0.018746, 0.00997, 0.006295, -0.015217, -0.008093, -0.004436, -0.00658, 0.026692, 0.050996, 0.000762, -3e-06, -0.04412, -0.050215, -0.095931, -0.039977, 5e-06, 0.067645, -0.0, 0.0, 1.0, 0.0, 0.0, 0.00158, 0.020723, -0.000179, -0.001389, -0.000401, -3.2e-05, -0.002907, 3e-06, 1.1e-05, 9e-06, -0.001939, -0.025427, -0.00042, 0.001704, 0.000262], [0.03629, 0.125399, 0.085866, 0.036153, 0.141654, -0.20476, 0.017831, 0.251984, -0.100991, -0.021042, 0.048693, -0.063094, -0.309756, -0.275782, 0.000338, 0.017664, 0.084504, 0.003207, -0.029907, -0.018163, 0.018746, -0.137703, -0.106171, -0.038661, -0.010833, -0.00658, 0.030857, 0.061357, 4e-06, 8e-06, -3e-06, 0.016809, -7e-06, 4e-06, 8e-06, 5e-06, 0.01681, -6e-06, -0.0, -0.0, 0.0, 1.0, 0.0, 0.004595, 0.06025, -0.001389, -0.003739, -0.001166, 0.000206, 0.018618, 1.1e-05, -6.3e-05, -6e-05, 0.004595, 0.060251, 0.001704, -0.003739, -0.00062], [0.095202, 0.328972, 0.225261, 0.094844, -0.20476, -0.317463, 0.046779, -0.100991, 0.02554, -0.055202, -0.063094, -0.092777, 0.011375, 0.200296, 0.00018, 0.009395, 0.044945, 0.001706, -0.018163, -0.005419, 0.00997, -0.106171, 0.005444, -0.020563, -0.00658, -0.001962, 0.033835, 0.020889, 0.073391, 0.140214, -0.04412, -7e-06, -0.104501, 0.059816, 0.114273, 0.067645, -6e-06, -0.063768, -0.0, -0.0, 0.0, 0.0, 1.0, 0.001327, 0.017397, -0.000401, -0.001166, -3.8e-05, 0.000183, 0.016466, 9e-06, -6e-05, -4.8e-05, 0.000705, 0.009248, 0.000262, -0.00062, 0.000204], [0.000597, 0.016444, 0.104043, 0.013356, 0.026313, -0.004858, 0.118489, 0.233432, -0.043095, -0.011921, 0.040405, -0.007459, 0.038444, -0.014695, 0.056253, 0.311896, 0.457442, 0.344912, 0.137735, -0.125445, 0.496134, 0.198124, -0.180445, 0.266887, 0.216124, -0.196839, 0.007357, -0.078605, 0.004712, 0.077574, 0.000359, 0.004597, -0.002033, 0.000382, 0.02605, 0.000174, 0.000207, -6.3e-05, 0.00471, 0.077561, 0.00158, 0.004595, 0.001327, 1.0, 0.68486, -0.0, -0.0, -0.0, 0.058957, 0.228284, 0.050215, -4e-06, -0.059816, 0.058957, 0.228284, 0.07691, -0.0, 0.013581], [0.022661, 0.131577, 0.31331, 0.053014, 0.104441, -0.019281, 0.203901, 0.401701, -0.074159, -0.018013, 0.061054, -0.011271, 0.058091, -0.022206, 0.095783, 0.430298, 0.734152, 0.184189, 0.073553, -0.06699, 0.468891, 0.187245, -0.170537, 0.052268, 0.042326, -0.038549, 0.001441, -0.015394, 0.077574, 0.256215, 0.004705, 0.060258, -0.026649, 0.02605, 0.129074, 0.01572, 0.018623, -0.005717, 0.077561, 0.256189, 0.020723, 0.06025, 0.017397, 0.68486, 1.0, -0.0, -0.0, 0.0, 0.228284, 0.503766, 0.095931, -8e-06, -0.114273, 0.228284, 0.503767, 0.146929, -0.0, 0.025944], [-0.000172, -0.00897, -0.042899, -0.004558, -0.01734, 0.003201, 0.010489, -0.101332, 0.018707, 0.019621, -0.017568, 0.003243, -0.032305, 0.012349, -0.090872, -0.313965, -0.214976, -0.269522, -0.195376, 0.177943, 0.049206, -0.096355, 0.087757, 0.052238, -0.168356, 0.153333, -0.011077, 0.118341, -0.000359, -0.004705, 0.000274, -0.000315, 0.00014, -0.000174, -0.01572, -4.3e-05, -5.7e-05, 1.8e-05, -0.00158, -0.020723, -0.000179, -0.001389, -0.000401, -0.0, -0.0, 1.0, 0.0, 0.0, -0.050215, -0.095931, -0.039977, 5e-06, 0.067645, -0.07691, -0.146929, -0.116403, 0.0, -0.023523], [-0.000338, -0.017671, -0.084515, -0.01734, -0.029918, 0.006307, -0.101332, -0.137707, 0.036855, 0.010275, -0.058572, 0.012349, -0.047258, 0.021303, -0.036288, -0.125377, -0.085848, -0.195376, 0.141711, 0.071059, -0.096355, 0.252016, 0.035044, -0.251111, 0.263276, 0.118341, 0.1526, -0.095754, -0.004597, -0.060258, -0.000315, -0.003741, 0.001787, -0.000207, -0.018623, -5.7e-05, -6.3e-05, 2.1e-05, -0.004595, -0.06025, -0.001389, -0.003739, -0.001166, -0.0, -0.0, 0.0, 1.0, 0.0, 4e-06, 8e-06, 5e-06, 0.01681, -6e-06, -0.0, -0.0, 0.0, 0.01681, 0.0], [6.2e-05, 0.003262, 0.015603, 0.003201, 0.006307, 0.003079, 0.018707, 0.036855, 0.055121, -0.001897, 0.012349, 0.006037, 0.014774, 0.011894, 0.03305, 0.11419, 0.078187, 0.177943, 0.071059, 0.155014, 0.087757, 0.035044, 0.258576, 0.228704, 0.118341, 0.28543, 0.14704, 0.113982, 0.002033, 0.026649, 0.00014, 0.001787, -0.000491, 6.3e-05, 0.005717, 1.8e-05, 2.1e-05, -1e-06, -0.001327, -0.017397, -0.000401, -0.001166, -3.8e-05, -0.0, 0.0, 0.0, 0.0, 1.0, 0.059816, 0.114273, 0.067645, -6e-06, -0.063768, -0.013581, -0.025944, -0.023523, 0.0, 0.012657], [0.000596, 0.016438, 0.104025, -0.00247, 0.026305, 0.013991, -0.021919, 0.233406, 0.124142, -0.029067, -0.007473, -0.003975, 0.028534, 0.042327, 0.056245, 0.311869, 0.457422, -0.063809, 0.137756, 0.361391, -0.091791, 0.198167, 0.519872, -0.185767, -0.039993, -0.104919, -0.253942, 0.226509, 0.004711, 0.077562, -0.001939, 0.004595, 0.000705, 0.00471, 0.077561, 0.00158, 0.004595, 0.001327, 0.000382, 0.026041, -3.2e-05, 0.000206, 0.000183, 0.058957, 0.228284, -0.050215, 4e-06, 0.059816, 1.0, 0.68486, 0.0, -0.0, -0.0, 0.058953, 0.228278, 0.026692, 4e-06, 0.073391], [0.022657, 0.131559, 0.313278, -0.009807, 0.104431, 0.055544, -0.037722, 0.401683, 0.213645, -0.043931, -0.011295, -0.006008, 0.043126, 0.063972, 0.095778, 0.430283, 0.734133, -0.034077, 0.07357, 0.193003, -0.086752, 0.187289, 0.491334, -0.036384, -0.007833, -0.020549, -0.049736, 0.044363, 0.077562, 0.256191, -0.025427, 0.060251, 0.009248, 0.077561, 0.256189, 0.020723, 0.06025, 0.017397, 0.026041, 0.129045, -0.002907, 0.018618, 0.016466, 0.228284, 0.503766, -0.095931, 8e-06, 0.114273, 0.68486, 1.0, 0.0, -0.0, 0.0, 0.228278, 0.503758, 0.050996, 8e-06, 0.140214], [3.2e-05, 0.001659, 0.007936, 0.00394, 0.003207, 0.001706, 0.060153, 0.018746, 0.00997, -0.006295, 0.015217, 0.008093, 0.004436, 0.00658, 0.016809, 0.058085, 0.039773, 0.202959, 0.036153, 0.094844, 0.282221, 0.017831, 0.046779, -0.135742, 0.145906, 0.38277, -0.070735, 0.063094, 0.001939, 0.025427, -0.00042, 0.001704, 0.000262, -0.00158, -0.020723, -0.000179, -0.001389, -0.000401, 3.2e-05, 0.002907, 3e-06, 1.1e-05, 9e-06, 0.050215, 0.095931, -0.039977, 5e-06, 0.067645, 0.0, 0.0, 1.0, 0.0, 0.0, -0.026692, -0.050996, 0.000762, -3e-06, -0.04412], [-0.000338, -0.017664, -0.084504, 0.003207, -0.029907, -0.018163, 0.018746, -0.137703, -0.106171, 0.038661, 0.010833, 0.00658, -0.030857, -0.061357, -0.03629, -0.125399, -0.085866, 0.036153, 0.141654, -0.20476, 0.017831, 0.251984, -0.100991, 0.021042, -0.048693, 0.063094, 0.309756, 0.275782, -0.004595, -0.060251, 0.001704, -0.003739, -0.00062, -0.004595, -0.06025, -0.001389, -0.003739, -0.001166, -0.000206, -0.018618, 1.1e-05, -6.3e-05, -6e-05, -4e-06, -8e-06, 5e-06, 0.01681, -6e-06, -0.0, -0.0, 0.0, 1.0, 0.0, -4e-06, -8e-06, -3e-06, 0.016809, -7e-06], [-0.00018, -0.009395, -0.044945, 0.001706, -0.018163, -0.005419, 0.00997, -0.106171, 0.005444, 0.020563, 0.00658, 0.001962, -0.033835, -0.020889, -0.095202, -0.328972, -0.225261, 0.094844, -0.20476, -0.317463, 0.046779, -0.100991, 0.02554, 0.055202, 0.063094, 0.092777, -0.011375, -0.200296, -0.000705, -0.009248, 0.000262, -0.00062, 0.000204, -0.001327, -0.017397, -0.000401, -0.001166, -3.8e-05, -0.000183, -0.016466, 9e-06, -6e-05, -4.8e-05, -0.059816, -0.114273, 0.067645, -6e-06, -0.063768, -0.0, 0.0, 0.0, 0.0, 1.0, -0.073391, -0.140214, -0.04412, -7e-06, -0.104501], [0.000597, 0.016443, 0.104042, -0.010885, 0.026313, -0.009138, -0.096565, 0.23343, -0.081068, -0.017885, -0.032929, 0.011436, 0.035, -0.027644, 0.056251, 0.31189, 0.457437, -0.281089, 0.137732, -0.235978, -0.404335, 0.198122, -0.339446, 0.109486, -0.176132, 0.301771, -0.083519, -0.147866, 0.000382, 0.026049, -0.000142, 0.000207, -0.000119, 0.004712, 0.077574, 0.000359, 0.004597, -0.002033, 0.004711, 0.077562, -0.001939, 0.004595, 0.000705, 0.058957, 0.228284, -0.07691, -0.0, -0.013581, 0.058953, 0.228278, -0.026692, -4e-06, -0.073391, 1.0, 0.68486, -0.0, -0.0, 0.0], [0.022661, 0.131576, 0.313308, -0.043205, 0.10444, -0.036271, -0.166174, 0.401699, -0.139506, -0.027026, -0.049757, 0.01728, 0.052887, -0.041772, 0.095782, 0.430294, 0.734147, -0.150109, 0.073553, -0.126019, -0.382134, 0.187243, -0.320808, 0.021442, -0.034495, 0.0591, -0.016357, -0.028959, 0.026049, 0.129071, -0.012811, 0.018623, -0.010755, 0.077574, 0.256215, 0.004705, 0.060258, -0.026649, 0.077562, 0.256191, -0.025427, 0.060251, 0.009248, 0.228284, 0.503767, -0.146929, -0.0, -0.025944, 0.228278, 0.503758, -0.050996, -8e-06, -0.140214, 0.68486, 1.0, 0.0, -0.0, 0.0], [0.00014, 0.00731, 0.034962, -0.001603, 0.014131, -0.004908, 0.027761, 0.082582, -0.02868, -0.020075, -0.006166, 0.002141, 0.023969, -0.018931, 0.074055, 0.25587, 0.175199, -0.105223, 0.159223, -0.272799, 0.130231, 0.078526, -0.134541, -0.235688, -0.059089, 0.101239, -0.102475, -0.181426, 0.000142, 0.012811, -2.7e-05, 4.7e-05, -2.7e-05, -0.000359, -0.004705, 0.000274, -0.000315, 0.00014, 0.001939, 0.025427, -0.00042, 0.001704, 0.000262, 0.07691, 0.146929, -0.116403, 0.0, -0.023523, 0.026692, 0.050996, 0.000762, -3e-06, -0.04412, -0.0, 0.0, 1.0, 0.0, 0.0], [-0.000338, -0.017671, -0.084514, 0.014131, -0.029917, 0.011863, 0.082582, -0.137705, 0.069329, 0.020149, 0.047734, -0.018931, -0.041556, 0.040073, -0.036286, -0.125375, -0.085847, 0.159223, 0.141707, 0.13367, 0.078526, 0.252013, 0.065924, -0.156478, -0.214559, -0.181426, 0.20723, -0.180125, -0.000207, -0.018623, 4.7e-05, -6.3e-05, 3.9e-05, -0.004597, -0.060258, -0.000315, -0.003741, 0.001787, -0.004595, -0.060251, 0.001704, -0.003739, -0.00062, -0.0, -0.0, 0.0, 0.01681, 0.0, 4e-06, 8e-06, -3e-06, 0.016809, -7e-06, -0.0, -0.0, 0.0, 1.0, 0.0], [0.000117, 0.006137, 0.029351, -0.004908, 0.011863, 0.000123, -0.02868, 0.069329, 0.037846, -0.006997, -0.018931, -0.000203, 0.025812, 0.000491, 0.06217, 0.214807, 0.147083, -0.272799, 0.13367, -0.009294, -0.134541, 0.065924, 0.177541, 0.268097, -0.181426, -0.009609, 0.182994, 0.004709, 0.000119, 0.010755, -2.7e-05, 3.9e-05, -1.8e-05, 0.002033, 0.026649, 0.00014, 0.001787, -0.000491, -0.000705, -0.009248, 0.000262, -0.00062, 0.000204, 0.013581, 0.025944, -0.023523, 0.0, 0.012657, 0.073391, 0.140214, -0.04412, -7e-06, -0.104501, 0.0, 0.0, 0.0, 0.0, 1.0]]], "h": [[[-14.164485642700956, 3.007567796830596, -2.69864937584316, 0.0, -0.000129, 0.0, 0.0, -0.00022, -0.0, -1.3e-05, -0.0, -0.0, 2.2e-05, -0.0, -0.004216559253025979, -0.15539354644172992, -0.7777098184328947, 0.0, 0.3423940412603935, -0.0, 0.0, 1.6950450702166249, -0.0, 0.45806103828398614, 0.0, -0.0, -0.7933886809141013, 0.0, -0.7934883901785714, -1.354812454891183, 1.0580556305252193, -0.5184711857570469, 0.8882529613767185, -0.7935169232318569, -1.3548277214178257, -1.2983298090755213, -0.5184997188103323, 0.4722047055412666, -0.7933997910187153, -1.3547643887846121, 0.2401610463371604, -0.5185212518636177, -1.3601998694384165, -0.0073511164056924705, -0.31849876025024637, 0.0017798425825445645, 0.003325086005232923, -0.0006445246518474593, -0.007344849879049769, -0.31844369414367557, -0.0003295288525664306, 0.003324086005232923, 0.0018629747956861722, -0.0073511164056924705, -0.3184957602502464, -0.0014493137299781337, 0.003325086005232923, -0.0012151836171960119], [3.007567796830596, -5.081929642700956, -3.204529616304663, 3e-06, -0.002794, -6e-06, 1e-06, -0.016362, -3e-06, 0.004116, -1e-06, -2e-06, -0.007143, -2e-06, -0.15539354644172992, -0.6809640640349253, -1.343258283078174, -0.0, 0.9860028645698841, 0.0, 0.0, 2.0892764782904183, -1e-06, 0.534308403964644, 0.0, -0.0, -0.9254482788182181, 0.0, -1.5175679945920013, -2.0077378151943654, 1.0352611720678935, -0.5082477778286323, 0.8691187885386643, -1.5175945937518576, -2.007755881300936, -1.2703070373756056, -0.5082523108819177, 0.4620146773300222, -1.5174763975325045, -2.0076878834012954, 0.23502020004128502, -0.5083551744680572, -1.3310658027026188, -0.10829976411257453, -0.6627027760666637, 0.06756774398502759, 0.12037979230316859, -0.02457240990849052, -0.10826416495271832, -0.6626169785870951, -0.012497167700240886, 0.12033892661666969, 0.07077401780817548, -0.10829449758593182, -0.662697509540021, -0.05506330975814399, 0.12037879230316859, -0.04622767400625577], [-2.69864937584316, -3.204529616304663, -5.185383642700956, 2e-06, -0.018129, -5e-06, -1e-06, -0.112014, 0.0, 0.023482, -1e-06, -3e-06, -0.040684, -5e-06, -0.7777098184328947, -1.343258283078174, -2.7577106095673702, -0.0, 1.1831774705083342, 2e-06, 0.0, 3.0970532957072354, 0.0, 0.41645759183282777, -0.0, -1e-06, -0.7213265857004924, -0.0, -2.356617147857197, -3.6906157351589792, 1.0012472012745648, -0.492361512695949, 0.8405655381883848, -2.356645480490411, -3.6906410677921926, -1.2285778315412808, -0.49237077922259165, 0.4468359186128597, -2.356530149957557, -3.690541003785981, 0.22729456416014515, -0.4924575767021603, -1.2873160580614602, -0.5716392314865355, -1.6263274624246364, 0.27658472644522836, 0.4358344992078714, -0.10059761520606303, -0.5715434340069669, -1.62616493357207, -0.05116515543647479, 0.4357855674148016, 0.2897740399561945, -0.5716329649598928, -1.6263159293713512, -0.22540930448211083, 0.43582923268122864, -0.18923382348991574], [0.0, 3e-06, 2e-06, -4.353875642700956, -1e-06, -1e-06, -2.567446414353317, -0.0, -1e-06, 0.035915, 0.053447, -0.071712, 0.020732, -1e-06, 0.0, 0.0, 0.0, -0.3824714797373603, -0.0, -0.0, -0.9778731399458614, -1e-06, -0.0, 8e-06, 0.9060214796466953, -1.6e-05, 5e-06, 0.0, -1.403912707470169, -0.7480580478091978, 0.4057957329249227, -0.7053581716307743, 1.2067612016021783, 1.7226792373872724, 0.9178952757924463, 1.1325907937940471, 0.865514909344342, -0.7871525503821363, -0.3186967985441053, -0.1698194284033205, -0.9574869808759434, -0.16015873771356767, -0.4195554529003295, -0.07947572983991397, -0.2685676434361485, 0.02778082843743096, 0.10608957198443458, -0.02053515178328576, 0.014698320807471361, 0.049681826784968276, -0.026735114972241767, -0.019621750943141968, -0.010943694452447831, 0.0647711425057999, 0.21887528359789482, 0.008823242208249633, -0.08645728798800721, 0.031484112762376296], [-0.000129, -0.002794, -0.018129, -1e-06, -4.3587536427009566, -1e-06, -0.0, -2.601115414353317, -2e-06, 0.059211, 0.0, -1e-06, -0.10256, 4e-06, -0.3423940412603935, -0.9860028645698841, -1.1831774705083342, -0.0, 1.373045830495585, 0.0, 0.0, 0.906721069190675, 0.0, 0.6532571621145309, -0.0, -0.0, -1.1314766457635836, 0.0, 0.686935247552488, 0.3581598341505834, -0.7037991716307743, -0.6868026909572245, -0.5908496163298369, 0.6869500471324161, 0.3581598341505834, 0.863601909344342, -0.6868207570637953, -0.3140951167036872, 0.687057644191913, 0.3582463651035093, -0.15980573771356768, -0.6865665650451613, 0.9050879953594478, -0.17042811554939025, -0.5637753090903306, 0.1266365719844346, 0.1925129440963272, -0.04605998353551494, -0.17038098333624865, -0.5637256438239036, -0.023421750943141965, 0.19245401230325748, 0.13265392341137747, -0.17042711554939025, -0.5637700425636879, -0.1032012879880072, 0.1925066775696845, -0.08663880556236145], [0.0, -6e-06, -5e-06, -1e-06, -1e-06, -4.3538666427009565, -1e-06, -2e-06, -2.567441414353317, -0.062097, -1e-06, -0.041464, -0.03584, 0.05345, 0.0, -0.0, -2e-06, -0.0, 0.0, -0.3824714797373603, -0.0, 4e-06, -0.9778711399458615, -1.4e-05, 0.0, -9e-06, -9e-06, 0.9060214796466953, -1.178604424091286, -0.6280094209865318, 1.2067612016021783, -0.5921586163298369, -0.01855790138273731, -0.6265414346936216, -0.333841619794537, -0.7871525503821363, -0.31479111670368726, -0.745395360991646, 1.8049883299323413, 0.9618154416212127, -0.4195564529003295, 0.9070889953594479, 1.3446763475717738, 0.028906786430241246, 0.09767590019791714, -0.02053515178328576, -0.03858698353551493, -0.021210635532876245, -0.08325497425802908, -0.28138695584218193, -0.010943694452447831, 0.11112992341137747, 0.03330630787679648, 0.05437552046100134, 0.18374718785740637, 0.031484112762376296, -0.07258080556236145, -0.0022487827770522177], [0.0, 1e-06, -1e-06, -2.567446414353317, -0.0, -1e-06, -4.414524642700957, 1e-06, 1e-06, 0.04143, 0.053593, -0.082723, 0.023918, -1e-06, -0.0, 0.0, 0.0, -0.9778731399458614, -0.0, -0.0, -2.4119319507312733, 1e-06, 1e-06, -0.008019, 0.923935111884519, 0.016011, -0.00463, 0.0, -1.8842600500764912, -1.693595892081887, -0.5375140312055883, -0.3618322711447353, 0.6171787610356293, 2.312055929349796, 2.0780939440226938, -0.16582670998074328, 0.4439861746574506, -0.40256757858350783, -0.4277597470601635, -0.38448271930759337, -1.2347394156297067, -0.08216243656600074, -0.21458684981890802, -0.5813024753669936, -0.9198670489733677, -0.03484159795529033, 0.4627066777581733, -0.09498191390500679, 0.10753499748136226, 0.17017891801596546, -0.28700737713839064, -0.08560130844407213, -0.05062127062772853, 0.47374514525241784, 0.7496657983241887, -0.12253704612802126, -0.3770903032075304, 0.14561698411266344], [-0.00022, -0.016362, -0.112014, -0.0, -2.601115414353317, -2e-06, 1e-06, -4.641341642700956, -4e-06, 0.105386, -1e-06, -1e-06, -0.182541, 6e-06, -1.6950450702166249, -2.0892764782904183, -3.0970532957072354, -1e-06, 0.906721069190675, 4e-06, 1e-06, 0.5056397564965196, 1e-06, -0.01210036160022235, -1e-06, -2e-06, 0.020951258463595576, -2e-06, 0.9209837915051988, 0.775803248159255, -0.3598022711447353, -1.0967651788069959, -0.3020605023934178, 0.9209933245584843, 0.7758097812125405, 0.4414941746574506, -1.0967769783869243, -0.16056915966681232, 0.9211947852041205, 0.7760165083848195, -0.08170143656600075, -1.0966334495343577, 0.4627327921730123, -1.2343548472589696, -2.025171018899617, 0.6237196777581733, 0.6767345843864205, -0.22684983941674375, -1.2342199175662594, -2.025084221420048, -0.11538330844407213, 0.6767255182798497, 0.6534944001822032, -1.2343423142056842, -2.0251604858463312, -0.5083063032075303, 0.6767230513331352, -0.42673102561181464], [-0.0, -3e-06, 0.0, -1e-06, -2e-06, -2.567441414353317, 1e-06, -4e-06, -4.414522642700956, -0.071636, -1e-06, -0.047837, -0.041348, 0.053599, 0.0, 1e-06, 0.0, -0.0, -0.0, -0.9778711399458615, 1e-06, 1e-06, -2.4119279507312736, 0.013864, 0.0, 0.009259, 0.008001, 0.923935111884519, -1.5818674027582689, -1.4217998791916082, 0.6171787610356293, -0.3037655023934178, -0.7545394066717706, -0.8408994000421741, -0.7558086540662929, -0.40256757858350783, -0.1614751596668123, -1.1262693931630423, 2.4226787387942315, 2.177564601464832, -0.21458784981890802, 0.4653407921730123, -0.05727809045458243, 0.2114219656671977, 0.33455734929606024, -0.09498091390500679, -0.16828783941674375, -0.26145121507231944, -0.6090411504781821, -0.9638260845798459, -0.05062127062772853, 0.48480940018220325, -0.009230971042864007, 0.39771678187048115, 0.6293560658166396, 0.14561698411266344, -0.31657402561181464, -0.17374196731966038], [-1.3e-05, 0.004116, 0.023482, 0.035915, 0.059211, -0.062097, 0.04143, 0.105386, -0.071636, -3.3563316427009564, -0.031061, 4e-06, 0.037639, 0.053715, 0.45806103828398614, 0.534308403964644, 0.41645759183282777, -8e-06, -0.6532571621145309, 1.4e-05, 0.008019, 0.01210036160022235, -0.013864, -0.4618177820293514, -0.001213, -0.0, 0.01751435500024448, 0.002097, -0.4737569360027569, -0.09830586427279389, -0.9256031313649031, -0.5484015559965603, 0.9403399933281982, -1.1549794960905302, -0.2534328145606936, 0.36370381876141256, -0.8585217717752798, 0.7806797092922795, 0.8040858548346285, 0.19269030536803158, -0.4780698595335132, 0.03333725361571352, 0.0774858037303782, 0.0857132641076381, 0.1348