{"coordinates": [[[9.15129999999999, 9.999, 10.0], [10.424, 10.65, 10.0], [10.424, 9.349, 10.0], [8.598, 9.999, 10.925], [8.598, 9.999, 9.074], [10.965, 11.562, 10.0], [10.966, 8.43, 10.0]]], "HF": [-116.60925717666], "elements": [["C", "C", "C", "H", "H", "H", "H"]], "S": [[[1.0, -0.2157, 0.19014, -0.0, -0.0, -0.0, 0.0, -0.0, 0.0, -0.0, 0.0, 0.0, -0.0, -0.0, 0.00043, 0.01644, 0.062808, 0.0, -0.030712, -0.015705, 0.0, -0.114002, -0.058295, -0.043297, -0.0, -0.0, 0.043904, 0.060798, 0.00043, 0.016441, 0.062809, 0.0, -0.03072, 0.01569, 0.0, -0.11403, 0.058242, -0.043298, -0.0, 0.0, 0.043962, -0.060758, 0.059074, 0.097165, -0.094123, 0.056201, 2e-05, 0.059074, 0.097165, 0.094123, 0.056201, 2e-05, 0.000169, 0.014403, 0.0, -8.1e-05, -7e-05, 0.000169, 0.014401, 0.0, -8.1e-05, 7e-05], [-0.2157, 1.0, 0.718332, 0.0, 0.0, 0.0, -0.0, -0.0, -0.0, 0.0, 0.0, 0.0, -0.0, 0.0, 0.01644, 0.156468, 0.30563, 0.0, -0.202499, -0.103549, -0.0, -0.433669, -0.221758, -0.139027, -0.0, -0.0, 0.140975, 0.195222, 0.016441, 0.15647, 0.305633, 0.0, -0.20255, 0.103455, -0.0, -0.433774, 0.221555, -0.139028, -0.0, 0.0, 0.141158, -0.195091, 0.32108, 0.435369, -0.310862, 0.185617, 6.7e-05, 0.32108, 0.435369, 0.310862, 0.185617, 6.7e-05, 0.006491, 0.090421, 0.0, -0.005217, -0.004494, 0.006488, 0.090408, 0.0, -0.005217, 0.004489], [0.19014, 0.718332, 1.0, 0.0, -0.0, 0.0, -0.0, 0.0, 0.0, 0.0, 0.0, 0.0, -0.0, 0.0, 0.062808, 0.30563, 0.55852, 0.0, -0.210922, -0.107855, -0.0, -0.544275, -0.278316, -0.07254, 0.0, 0.0, 0.073556, 0.101861, 0.062809, 0.305633, 0.558523, 0.0, -0.210973, 0.107757, -0.0, -0.544405, 0.278061, -0.07254, 0.0, 0.0, 0.073651, -0.101791, 0.464246, 0.740385, -0.210093, 0.125447, 4.5e-05, 0.464246, 0.740385, 0.210093, 0.125447, 4.5e-05, 0.06539, 0.239568, 0.0, -0.048647, -0.041905, 0.065379, 0.239544, 0.0, -0.048659, 0.041876], [-0.0, 0.0, 0.0, 1.0, 0.0, 0.0, 0.530759, 0.0, -0.0, -0.0, -0.0, 0.0, 0.0, 0.0, 0.0, 0.0, 0.0, 0.09199, 0.0, 0.0, 0.219311, 0.0, 0.0, 0.0, -0.206647, -0.105669, -0.0, -0.0, 0.0, 0.0, 0.0, 0.091991, 0.0, 0.0, 0.219313, 0.0, -0.0, 0.0, -0.206699, 0.105574, -0.0, 0.0, 0.343663, 0.179355, -0.243485, 0.282104, 0.000102, -0.343663, -0.179355, -0.243485, -0.282104, -0.000102, 0.0, 0.0, 0.00126, 0.0, 0.0, 0.0, 0.0, 0.001259, 0.0, -0.0], [-0.0, 0.0, -0.0, 0.0, 1.0, 0.0, 0.0, 0.530759, 0.0, 0.0, -0.0, 0.0, -0.0, 0.0, 0.030712, 0.202499, 0.210922, 0.0, -0.222683, -0.160908, -0.0, -0.087558, -0.156918, -0.135148, 0.0, 0.0, 0.051374, 0.251639, 0.03072, 0.20255, 0.210973, 0.0, -0.222835, 0.160801, -0.0, -0.087703, 0.156811, -0.135181, 0.0, -0.0, 0.05172, -0.251579, -0.205203, -0.107094, 0.282104, 0.060522, -6.1e-05, -0.205203, -0.107094, -0.282104, 0.060522, -6.1e-05, 0.009532, 0.067513, -0.0, -0.007992, -0.00797, 0.009533, 0.067532, -0.0, -0.007996, 0.007965], [-0.0, 0.0, 0.0, 0.0, 0.0, 1.0, -0.0, 0.0, 0.530759, -0.0, 0.0, -0.0, -0.0, -0.0, 0.015705, 0.103549, 0.107855, 0.0, -0.160908, 0.009709, -0.0, -0.156918, 0.139071, -0.069108, 0.0, 0.0, 0.237609, -0.023937, -0.01569, -0.103455, -0.107757, 0.0, 0.160801, 0.009861, 0.0, 0.156811, 0.13922, 0.069045, -0.0, 0.0, -0.237564, -0.02428, -7.4e-05, -3.9e-05, 0.000102, -6.1e-05, 0.228968, -7.4e-05, -3.9e-05, -0.000102, -6.1e-05, 0.228968, 0.008211, 0.058156, -0.0, -0.00797, -0.005605, -0.008204, -0.058118, 0.0, 0.007965, -0.005596], [0.0, -0.0, -0.0, 0.530759, 0.0, -0.0, 1.0, 0.0, 0.0, 0.0, 0.0, 0.0, 0.0, 0.0, 0.0, -0.0, -0.0, 0.219311, 0.0, 0.0, 0.574857, 0.0, 0.0, 0.0, -0.19916, -0.101841, 0.0, 0.0, 0.0, -0.0, -0.0, 0.219313, 0.0, -0.0, 0.57486, 0.0, 0.0, 0.0, -0.199208, 0.101748, 0.0, 0.0, 0.48403, 0.454709, 0.068343, 0.13533, 4.9e-05, -0.48403, -0.454709, 0.068343, -0.13533, -4.9e-05, -0.0, 0.0, 0.038046, 0.0, 0.0, -0.0, 0.0, 0.038039, 0.0, 0.0], [-0.0, -0.0, 0.0, 0.0, 0.530759, 0.0, 0.0, 1.0, 0.0, 0.0, 0.0, 0.0, 0.0, 0.0, 0.114002, 0.433669, 0.544275, -0.0, -0.087558, -0.156918, 0.0, 0.070275, -0.258019, 0.015191, 0.0, 0.0, -0.097968, 0.03829, 0.11403, 0.433774, 0.544405, -0.0, -0.087703, 0.156811, 0.0, 0.070038, 0.257843, 0.015195, 0.0, 0.0, -0.097861, -0.038321, -0.289017, -0.271509, 0.13533, 0.21418, -2.9e-05, -0.289017, -0.271509, -0.13533, 0.21418, -2.9e-05, 0.142519, 0.295553, 0.0, -0.07418, -0.096672, 0.142558, 0.295655, 0.0, -0.074265, 0.096648], [0.0, -0.0, 0.0, -0.0, 0.0, 0.530759, 0.0, 0.0, 1.0, -0.0, 0.0, 0.0, -0.0, 0.0, 0.058295, 0.221758, 0.278316, -0.0, -0.156918, 0.139071, 0.0, -0.258019, 0.442919, 0.007768, 0.0, 0.0, 0.153585, -0.127503, -0.058242, -0.221555, -0.278061, 0.0, 0.156811, 0.13922, 0.0, 0.257843, 0.443164, -0.007761, 0.0, 0.0, -0.153512, -0.127666, -0.000105, -9.8e-05, 4.9e-05, -2.9e-05, 0.294986, -0.000105, -9.8e-05, -4.9e-05, -2.9e-05, 0.294986, 0.122768, 0.254593, 0.0, -0.096672, -0.045229, -0.122685, -0.254438, 0.0, 0.096648, -0.045135], [-0.0, 0.0, 0.0, -0.0, 0.0, -0.0, 0.0, 0.0, -0.0, 1.0, 0.0, 0.0, 0.0, 0.0, -0.043297, -0.139027, -0.07254, 0.0, 0.135148, 0.069108, 0.0, -0.015191, -0.007768, 0.13501, 0.0, 0.0, -0.00066, -0.000914, -0.043298, -0.139028, -0.07254, 0.0, 0.135181, -0.069045, 0.0, -0.015195, 0.007761, 0.135011, 0.0, 0.0, -0.000659, 0.000911, 0.246133, 0.047085, 0.096402, 0.348821, 0.000126, 0.246133, 0.047085, -0.096402, 0.348821, 0.000126, -0.013881, -0.037564, 0.0, 0.014521, 0.012509, -0.013877, -0.037562, 0.0, 0.014522, -0.012498], [0.0, 0.0, 0.0, -0.0, -0.0, 0.0, 0.0, 0.0, 0.0, 0.0, 1.0, 0.0, 0.0, 0.0, 0.0, 0.0, 0.0, 0.206647, 0.0, 0.0, 0.19916, 0.0, 0.0, 0.0, -0.293219, -0.218643, 0.0, 0.0, 0.0, 0.0, 0.0, 0.206699, 0.0, -0.0, 0.199208, 0.0, 0.0, 0.0, -0.293425, 0.218496, 0.0, 0.0, -0.309778, -0.059261, 0.215095, 0.124407, -9.7e-05, 0.309778, 0.059261, 0.215095, -0.124407, 9.7e-05, 0.0, 0.0, 0.004649, 0.0, 0.0, 0.0, 0.0, 0.004649, 0.0, 0.0], [0.0, 0.0, 0.0, 0.0, 0.0, -0.0, 0.0, 0.0, 0.0, 0.0, 0.0, 1.0, 0.0, 0.0, 0.0, 0.0, 0.0, 0.105669, 0.0, 0.0, 0.101841, 0.0, 0.0, 0.0, -0.218643, 0.022555, 0.0, 0.0, -0.0, -0.0, 0.0, -0.105574, -0.0, 0.0, -0.101748, 0.0, 0.0, 0.0, 0.218496, 0.022762, 0.0, 0.0, -0.000112, -2.1e-05, 7.8e-05, -9.7e-05, 0.392938, 0.000112, 2.1e-05, 7.8e-05, 9.7e-05, -0.392938, 0.0, 0.0, 0.004005, 0.0, 0.0, -0.0, 0.0, -0.004001, 0.0, 0.0], [-0.0, -0.0, -0.0, 0.0, -0.0, -0.0, 0.0, 0.0, -0.0, 0.0, 0.0, 0.0, 1.0, 0.0, 0.043904, 0.140975, 0.073556, -0.0, -0.051374, -0.237609, 0.0, 0.097968, -0.153585, -0.00066, 0.0, 0.0, -0.219487, 0.256931, 0.043962, 0.141158, 0.073651, -0.0, -0.05172, 0.237564, 0.0, 0.097861, 0.153512, -0.000659, 0.0, 0.0, -0.219006, -0.25709, 0.092485, 0.017692, -0.134265, -0.154455, 0.000114, 0.092485, 0.017692, 0.134265, -0.154455, 0.000114, 0.00356, 0.009635, 0.0, 0.000236, -0.007806, 0.003582, 0.009695, 0.0, 0.000208, 0.007823], [-0.0, 0.0, 0.0, 0.0, 0.0, -0.0, 0.0, 0.0, 0.0, 0.0, 0.0, 0.0, 0.0, 1.0, 0.060798, 0.195222, 0.101861, -0.0, -0.251639, 0.023937, 0.0, -0.03829, 0.127503, -0.000914, 0.0, 0.0, 0.256931, -0.049224, -0.060758, -0.195091, -0.101791, 0.0, 0.251579, 0.02428, 0.0, 0.038321, 0.127666, 0.000911, 0.0, 0.0, -0.25709, -0.049708, 6.7e-05, 1.3e-05, -9.7e-05, -2.7e-05, -0.234625, 6.7e-05, 1.3e-05, 9.7e-05, -2.7e-05, -0.234625, 0.023777, 0.064346, 0.0, -0.025467, -0.020738, -0.023767, -0.064332, 0.0, 0.025468, -0.020712], [0.00043, 0.01644, 0.062808, 0.0, 0.030712, 0.015705, 0.0, 0.114002, 0.058295, -0.043297, 0.0, 0.0, 0.043904, 0.060798, 1.0, -0.2157, 0.19014, -0.0, 0.0, 0.0, 0.0, 0.0, 0.0, -0.0, 0.0, 0.0, -0.0, 0.0, 0.000767, 0.028388, 0.075938, 0.0, -1.3e-05, 0.056478, 0.0, -3.2e-05, 0.139722, -0.065352, -0.0, 0.0, -0.113192, -5.2e-05, 0.00062, 0.022959, -0.000172, 0.00034, 0.000121, 0.00062, 0.022959, 0.000172, 0.00034, 0.000121, 0.062445, 0.098753, 0.0, -0.05983, -0.100807, 0.000313, 0.018059, 0.0, -4.7e-05, 0.000193], [0.01644, 0.156468, 0.30563, 0.0, 0.202499, 0.103549, -0.0, 0.433669, 0.221758, -0.139027, 0.0, 0.0, 0.140975, 0.195222, -0.2157, 1.0, 0.718332, 0.0, -0.0, -0.0, -0.0, -0.0, -0.0, 0.0, 0.0, 0.0, -0.0, -0.0, 0.028388, 0.20839, 0.354156, 0.0, -6.6e-05, 0.284844, -0.0, -0.000118, 0.510145, -0.149864, -0.0, 0.0, -0.259571, -0.00012, 0.016889, 0.133004, -0.008923, 0.017597, 0.006276, 0.016889, 0.133004, 0.008923, 0.017597, 0.006276, 0.331779, 0.441174, 0.0, -0.187666, -0.316198, 0.010325, 0.109055, 0.0, -0.002804, 0.011449], [0.062808, 0.30563, 0.55852, 0.0, 0.210922, 0.107855, -0.0, 0.544275, 0.278316, -0.07254, 0.0, 0.0, 0.073556, 0.101861, 0.19014, 0.718332, 1.0, 0.0, -0.0, 0.0, -0.0, 0.0, 0.0, 0.0, 0.0, 0.0, -0.0, 0.0, 0.075938, 0.354156, 0.617244, 0.0, -5.8e-05, 0.252461, -0.0, -0.000141, 0.613316, -0.070162, 0.0, 0.0, -0.121524, -5.6e-05, 0.105445, 0.315739, -0.041867, 0.082563, 0.029444, 0.105445, 0.315739, 0.041867, 0.082563, 0.029444, 0.472061, 0.747495, 0.0, -0.125034, -0.21067, 0.082445, 0.273915, 0.0, -0.018727, 0.076467], [0.0, 0.0, 0.0, 0.09199, 0.0, 0.0, 0.219311, -0.0, -0.0, 0.0, 0.206647, 0.105669, -0.0, -0.0, -0.0, 0.0, 0.0, 1.0, 0.0, 0.0, 0.530759, 0.0, 0.0, -0.0, -0.0, 0.0, 0.0, 0.0, 0.0, 0.0, 0.0, 0.133606, 0.0, 0.0, 0.25519, 0.0, -0.0, 0.0, -7e-05, 0.305281, 0.0, 0.0, 0.013212, 0.051566, -0.004038, 0.01663, 0.005931, -0.013212, -0.051566, -0.004038, -0.01663, -0.005931, 0.0, 0.0, 0.239901, 0.0, 0.0, 0.0, 0.0, 0.002309, 0.0, -0.0], [-0.030712, -0.202499, -0.210922, 0.0, -0.222683, -0.160908, 0.0, -0.087558, -0.156918, 0.135148, 0.0, 0.0, -0.051374, -0.251639, 0.0, -0.0, -0.0, 0.0, 1.0, 0.0, 0.0, 0.530759, 0.0, 0.0, -0.0, 0.0, -0.0, 0.0, 1.3e-05, 6.6e-05, 5.8e-05, 0.0, 0.133606, 0.000112, -0.0, 0.25519, 8.6e-05, -3.2e-05, -0.0, -0.0, -0.000196, 0.305281, -0.026055, -0.101689, 0.01663, -0.0284, -0.011695, -0.026055, -0.101689, -0.01663, -0.0284, -0.011695, 0.209085, 0.106305, -0.0, 0.070444, -0.285519, 0.004618, 0.024526, -0.0, 0.000794, 0.006186], [-0.015705, -0.103549, -0.107855, 0.0, -0.160908, 0.009709, 0.0, -0.156918, 0.139071, 0.069108, 0.0, 0.0, -0.237609, 0.023937, 0.0, -0.0, 0.0, 0.0, 0.0, 1.0, 0.0, 0.0, 0.530759, 0.0, 0.0, -0.0, 0.0, -0.0, -0.056478, -0.284844, -0.252461, 0.0, 0.000112, -0.351748, 0.0, 8.6e-05, -0.118113, 0.138909, -0.0, 0.0, 0.240598, 0.000181, -0.009292, -0.036265, 0.005931, -0.011695, 0.000224, -0.009292, -0.036265, -0.005931, -0.011695, 0.000224, 0.352287, 0.179113, -0.0, -0.285519, -0.24117, -0.018854, -0.100145, 0.0, 0.006186, -0.02295], [0.0, -0.0, -0.0, 0.219311, -0.0, -0.0, 0.574857, 0.0, 0.0, 0.0, 0.19916, 0.101841, 0.0, 0.0, 0.0, -0.0, -0.0, 0.530759, 0.0, 0.0, 1.0, 0.0, 0.0, 0.0, 0.0, 0.0, 0.0, 0.0, 0.0, -0.0, -0.0, 0.25519, 0.0, -0.0, 0.632163, 0.0, 0.0, 0.0, -5.4e-05, 0.23629, 0.0, 0.0, 0.115443, 0.197593, 0.014549, 0.095149, 0.033933, -0.115443, -0.197593, 0.014549, -0.095149, -0.033933, -0.0, 0.0, 0.300148, 0.0, 0.0, -0.0, 0.0, 0.048521, 0.0, 0.0], [-0.114002, -0.433669, -0.544275, 0.0, -0.087558, -0.156918, 0.0, 0.070275, -0.258019, -0.015191, 0.0, 0.0, 0.097968, -0.03829, 0.0, -0.0, 0.0, 0.0, 0.530759, 0.0, 0.0, 1.0, 0.0, -0.0, 0.0, 0.0, 0.0, 0.0, 3.2e-05, 0.000118, 0.000141, -0.0, 0.25519, 8.6e-05, 0.0, 0.632163, 0.000134, 9e-06, 0.0, 0.0, -9.4e-05, 0.23629, -0.227657, -0.389658, 0.095149, -0.124838, -0.066917, -0.227657, -0.389658, -0.095149, -0.124838, -0.066917, 0.287505, 0.268258, 0.0, 0.221372, -0.132731, 0.053267, 0.100652, 0.0, 0.035749, 0.052153], [-0.058295, -0.221758, -0.278316, 0.0, -0.156918, 0.139071, 0.0, -0.258019, 0.442919, -0.007768, 0.0, 0.0, -0.153585, 0.127503, 0.0, -0.0, 0.0, 0.0, 0.0, 0.530759, 0.0, 0.0, 1.0, 0.0, 0.0, 0.0, 0.0, 0.0, -0.139722, -0.510145, -0.613316, 0.0, 8.6e-05, -0.118113, 0.0, 0.000134, 0.052333, -0.038345, 0.0, 0.0, -0.066416, 2.4e-05, -0.081189, -0.138964, 0.033933, -0.066917, 0.038934, -0.081189, -0.138964, -0.033933, -0.066917, 0.038934, 0.484417, 0.451989, 0.0, -0.132731, 0.07651, -0.217501, -0.410985, 0.0, 0.052153, -0.164432], [-0.043297, -0.139027, -0.07254, 0.0, -0.135148, -0.069108, 0.0, 0.015191, 0.007768, 0.13501, 0.0, 0.0, -0.00066, -0.000914, -0.0, 0.0, 0.0, -0.0, 0.0, 0.0, 0.0, -0.0, 0.0, 1.0, 0.0, 0.0, 0.0, 0.0, -0.065352, -0.149864, -0.070162, 0.0, 3.2e-05, -0.138909, 0.0, -9e-06, 0.038345, 0.154176, 0.0, 0.0, -0.061396, -2.8e-05, -0.013425, -0.019945, 0.02049, -0.012113, -0.00432, -0.013425, -0.019945, -0.02049, -0.012113, -0.00432, -0.204504, -0.038093, 0.0, 0.035556, 0.059908, -0.020371, -0.041268, 0.0, 0.007065, -0.028848], [-0.0, -0.0, 0.0, -0.206647, 0.0, 0.0, -0.19916, 0.0, 0.0, 0.0, -0.293219, -0.218643, 0.0, 0.0, 0.0, 0.0, 0.0, -0.0, -0.0, 0.0, 0.0, 0.0, 0.0, 0.0, 1.0, 0.0, 0.0, 0.0, 0.0, 0.0, 0.0, 7e-05, -0.0, -0.0, 5.4e-05, 0.0, 0.0, 0.0, 0.189623, 0.000145, 0.0, 0.0, -0.038479, -0.057165, 0.014976, -0.053464, -0.022021, 0.038479, 0.057165, 0.014976, 0.053464, 0.022021, 0.0, 0.0, 0.239817, 0.0, 0.0, 0.0, 0.0, 0.002548, 0.0, 0.0], [-0.0, -0.0, 0.0, -0.105669, 0.0, 0.0, -0.101841, 0.0, 0.0, 0.0, -0.218643, 0.022555, 0.0, 0.0, 0.0, 0.0, 0.0, 0.0, 0.0, -0.0, 0.0, 0.0, 0.0, 0.0, 0.0, 1.0, 0.0, 0.0, -0.0, -0.0, 0.0, -0.305281, -0.0, 0.0, -0.23629, 0.0, 0.0, 0.0, 0.000145, -0.440956, 0.0, 0.0, -0.013723, -0.020387, 0.005341, -0.022021, 0.00043, 0.013723, 0.020387, 0.005341, 0.022021, -0.00043, 0.0, 0.0, 0.404069, 0.0, 0.0, -0.0, 0.0, -0.010403, 0.0, 0.0], [0.043904, 0.140975, 0.073556, -0.0, 0.051374, 0.237609, 0.0, -0.097968, 0.153585, -0.00066, 0.0, 0.0, -0.219487, 0.256931, -0.0, -0.0, -0.0, 0.0, -0.0, 0.0, 0.0, 0.0, 0.0, 0.0, 0.0, 0.0, 1.0, 0.0, -0.113192, -0.259571, -0.121524, 0.0, 0.000196, -0.240598, 0.0, 9.4e-05, 0.066416, -0.061396, 0.0, 0.0, 0.083281, 0.000242, 0.033115, 0.049197, -0.026947, 0.036805, 0.024777, 0.033115, 0.049197, 0.026947, 0.036805, 0.024777, -0.169673, -0.031605, 0.0, 0.384194, -0.160809, -0.03129, -0.06339, 0.0, 0.015659, -0.043134], [0.060798, 0.195222, 0.101861, -0.0, 0.251639, -0.023937, 0.0, 0.03829, -0.127503, -0.000914, 0.0, 0.0, 0.256931, -0.049224, 0.0, -0.0, 0.0, 0.0, 0.0, -0.0, 0.0, 0.0, 0.0, 0.0, 0.0, 0.0, 0.0, 1.0, -5.2e-05, -0.00012, -5.6e-05, 0.0, -0.305281, -0.000181, 0.0, -0.23629, -2.4e-05, -2.8e-05, 0.0, 0.0, 0.000242, -0.440956, 0.027061, 0.040203, -0.022021, 0.0376, -0.000849, 0.027061, 0.040203, 0.022021, 0.0376, -0.000849, 0.310929, 0.057917, 0.0, 0.139496, -0.205961, -0.016304, -0.03303, 0.0, -0.003571, -0.025349], [0.00043, 0.016441, 0.062809, 0.0, 0.03072, -0.01569, 0.0, 0.11403, -0.058242, -0.043298, 0.0, -0.0, 0.043962, -0.060758, 0.000767, 0.028388, 0.075938, 0.0, 1.3e-05, -0.056478, 0.0, 3.2e-05, -0.139722, -0.065352, 0.0, -0.0, -0.113192, -5.2e-05, 1.0, -0.2157, 0.19014, -0.0, -0.0, 0.0, 0.0, 0.0, 0.0, -0.0, 0.0, 0.0, -0.0, 0.0, 0.00062, 0.022961, -0.000172, 0.00034, -0.000121, 0.00062, 0.022961, 0.000172, 0.00034, -0.000121, 0.000313, 0.018061, 0.0, -4.7e-05, -0.000193, 0.062429, 0.098746, 0.0, -0.059862, 0.100746], [0.016441, 0.15647, 0.305633, 0.0, 0.20255, -0.103455, -0.0, 0.433774, -0.221555, -0.139028, 0.0, -0.0, 0.141158, -0.195091, 0.028388, 0.20839, 0.354156, 0.0, 6.6e-05, -0.284844, -0.0, 0.000118, -0.510145, -0.149864, 0.0, -0.0, -0.259571, -0.00012, -0.2157, 1.0, 0.718332, 0.0, 0.0, -0.0, -0.0, -0.0, -0.0, 0.0, 0.0, 0.0, -0.0, 0.0, 0.016892, 0.133014, -0.008925, 0.017604, -0.006267, 0.016892, 0.133014, 0.008925, 0.017604, -0.006267, 0.010328, 0.109066, 0.0, -0.002799, -0.011454, 0.331729, 0.441147, 0.0, -0.187812, 0.316082], [0.062809, 0.305633, 0.558523, 0.0, 0.210973, -0.107757, -0.0, 0.544405, -0.278061, -0.07254, 0.0, 0.0, 0.073651, -0.101791, 0.075938, 0.354156, 0.617244, 0.0, 5.8e-05, -0.252461, -0.0, 0.000141, -0.613316, -0.070162, 0.0, 0.0, -0.121524, -5.6e-05, 0.19014, 0.718332, 1.0, 0.0, 0.0, 0.0, -0.0, 0.0, 0.0, 0.0, 0.0, 0.0, -0.0, 0.0, 0.105454, 0.315755, -0.041871, 0.082584, -0.029402, 0.105454, 0.315755, 0.041871, 0.082584, -0.029402, 0.082456, 0.273936, 0.0, -0.018692, -0.076485, 0.472025, 0.747463, 0.0, -0.125139, 0.210606], [0.0, 0.0, 0.0, 0.091991, 0.0, 0.0, 0.219313, -0.0, 0.0, 0.0, 0.206699, -0.105574, -0.0, 0.0, 0.0, 0.0, 0.0, 0.133606, 0.0, 0.0, 0.25519, -0.0, 0.0, 0.0, 7e-05, -0.305281, 0.0, 0.0, -0.0, 0.0, 0.0, 1.0, 0.0, 0.0, 0.530759, 0.0, 0.0, -0.0, 0.0, -0.0, 0.0, 0.0, 0.013215, 0.051569, -0.004039, 0.016636, -0.005923, -0.013215, -0.051569, -0.004039, -0.016636, 0.005923, 0.0, 0.0, 0.00231, 0.0, 0.0, 0.0, 0.0, 0.23985, 0.0, -0.0], [-0.03072, -0.20255, -0.210973, 0.0, -0.222835, 0.160801, 0.0, -0.087703, 0.156811, 0.135181, 0.0, -0.0, -0.05172, 0.251579, -1.3e-05, -6.6e-05, -5.8e-05, 0.0, 0.133606, 0.000112, 0.0, 0.25519, 8.6e-05, 3.2e-05, -0.0, -0.0, 0.000196, -0.305281, -0.0, 0.0, 0.0, 0.0, 1.0, 0.0, 0.0, 0.530759, 0.0, 0.0, -0.0, 0.0, 0.0, -0.0, -0.026064, -0.101713, 0.016636, -0.028417, 0.011682, -0.026064, -0.101713, -0.016636, -0.028417, 0.011682, 0.004609, 0.024479, -0.0, 0.000801, -0.006176, 0.20924, 0.106396, -0.0, 0.070117, 0.285656], [0.01569, 0.103455, 0.107757, 0.0, 0.160801, 0.009861, -0.0, 0.156811, 0.13922, -0.069045, -0.0, 0.0, 0.237564, 0.02428, 0.056478, 0.284844, 0.252461, 0.0, 0.000112, -0.351748, -0.0, 8.6e-05, -0.118113, -0.138909, -0.0, 0.0, -0.240598, -0.000181, 0.0, -0.0, 0.0, 0.0, 0.0, 1.0, 0.0, 0.0, 0.530759, 0.0, 0.0, -0.0, 0.0, 0.0, 0.009279, 0.036212, -0.005923, 0.011682, 0.000236, 0.009279, 0.036212, 0.005923, 0.011682, 0.000236, 0.018861, 0.100165, -0.0, -0.006176, -0.022962, -0.352145, -0.179062, 0.0, 0.285656, -0.240903], [0.0, -0.0, -0.0, 0.219313, -0.0, 0.0, 0.57486, 0.0, 0.0, 0.0, 0.199208, -0.101748, 0.0, 0.0, 0.0, -0.0, -0.0, 0.25519, -0.0, 0.0, 0.632163, 0.0, 0.0, 0.0, 5.4e-05, -0.23629, 0.0, 0.0, 0.0, -0.0, -0.0, 0.530759, 0.0, 0.0, 1.0, 0.0, 0.0, 0.0, 0.0, 0.0, 0.0, 0.0, 0.115453, 0.197603, 0.014551, 0.095174, -0.033884, -0.115453, -0.197603, 0.014551, -0.095174, 0.033884, -0.0, 0.0, 0.048528, 0.0, 0.0, -0.0, 0.0, 0.300125, 0.0, 0.0], [-0.11403, -0.433774, -0.544405, 0.0, -0.087703, 0.156811, 0.0, 0.070038, 0.257843, -0.015195, 0.0, 0.0, 0.097861, 0.038321, -3.2e-05, -0.000118, -0.000141, 0.0, 0.25519, 8.6e-05, 0.0, 0.632163, 0.000134, -9e-06, 0.0, 0.0, 9.4e-05, -0.23629, 0.0, -0.0, 0.0, 0.0, 0.530759, 0.0, 0.0, 1.0, 0.0, 0.0, 0.0, 0.0, 0.0, 0.0, -0.227713, -0.389741, 0.095174, -0.124911, 0.066831, -0.227713, -0.389741, -0.095174, -0.124911, 0.066831, 0.053166, 0.100455, 0.0, 0.035805, -0.052059, 0.287749, 0.268495, 0.0, 0.221208, 0.132814], [0.058242, 0.221555, 0.278061, -0.0, 0.156811, 0.13922, 0.0, 0.257843, 0.443164, 0.007761, 0.0, 0.0, 0.153512, 0.127666, 0.139722, 0.510145, 0.613316, -0.0, 8.6e-05, -0.118113, 0.0, 0.000134, 0.052333, 0.038345, 0.0, 0.0, 0.066416, -2.4e-05, 0.0, -0.0, 0.0, 0.0, 0.0, 0.530759, 0.0, 0.0, 1.0, 0.0, 0.0, 0.0, 0.0, 0.0, 0.081071, 0.138757, -0.033884, 0.066831, 0.039011, 0.081071, 0.138757, 0.033884, 0.066831, 0.039011, 0.217548, 0.411052, 0.0, -0.052059, -0.164493, -0.484275, -0.45187, 0.0, 0.132814, 0.076602], [-0.043298, -0.139028, -0.07254, 0.0, -0.135181, 0.069045, 0.0, 0.015195, -0.007761, 0.135011, 0.0, 0.0, -0.000659, 0.000911, -0.065352, -0.149864, -0.070162, 0.0, -3.2e-05, 0.138909, 0.0, 9e-06, -0.038345, 0.154176, 0.0, 0.0, -0.061396, -2.8e-05, -0.0, 0.0, 0.0, -0.0, 0.0, 0.0, 0.0, 0.0, 0.0, 1.0, 0.0, 0.0, 0.0, 0.0, -0.013427, -0.019945, 0.020494, -0.012115, 0.004313, -0.013427, -0.019945, -0.020494, -0.012115, 0.004313, -0.020375, -0.04127, 0.0, 0.007053, 0.028859, -0.204498, -0.038097, 0.0, 0.035609, -0.059929], [-0.0, -0.0, 0.0, -0.206699, 0.0, -0.0, -0.199208, 0.0, 0.0, 0.0, -0.293425, 0.218496, 0.0, 0.0, -0.0, -0.0, 0.0, -7e-05, -0.0, -0.0, -5.4e-05, 0.0, 0.0, 0.0, 0.189623, 0.000145, 0.0, 0.0, 0.0, 0.0, 0.0, 0.0, -0.0, 0.0, 0.0, 0.0, 0.0, 0.0, 1.0, 0.0, 0.0, 0.0, -0.038492, -0.057179, 0.014982, -0.053496, 0.021996, 0.038492, 0.057179, 0.014982, 0.053496, -0.021996, 0.0, 0.0, 0.002544, 0.0, 0.0, 0.0, 0.0, 0.239992, 0.0, 0.0], [0.0, 0.0, 0.0, 0.105574, -0.0, 0.0, 0.101748, 0.0, 0.0, 0.0, 0.218496, 0.022762, 0.0, 0.0, 0.0, 0.0, 0.0, 0.305281, -0.0, 0.0, 0.23629, 0.0, 0.0, 0.0, 0.000145, -0.440956, 0.0, 0.0, 0.0, 0.0, 0.0, -0.0, 0.0, -0.0, 0.0, 0.0, 0.0, 0.0, 0.0, 1.0, 0.0, 0.0, 0.013704, 0.020357, -0.005334, 0.021996, 0.000455, -0.013704, -0.020357, -0.005334, -0.021996, -0.000455, 0.0, 0.0, 0.010408, 0.0, 0.0, -0.0, 0.0, -0.4039, 0.0, 0.0], [0.043962, 0.141158, 0.073651, -0.0, 0.05172, -0.237564, 0.0, -0.097861, -0.153512, -0.000659, 0.0, 0.0, -0.219006, -0.25709, -0.113192, -0.259571, -0.121524, 0.0, -0.000196, 0.240598, 0.0, -9.4e-05, -0.066416, -0.061396, 0.0, 0.0, 0.083281, 0.000242, -0.0, -0.0, -0.0, 0.0, 0.0, 0.0, 0.0, 0.0, 0.0, 0.0, 0.0, 0.0, 1.0, 0.0, 0.033148, 0.049241, -0.026975, 0.036863, -0.02476, 0.033148, 0.049241, 0.026975, 0.036863, -0.02476, -0.031313, -0.063425, 0.0, 0.015639, 0.043177, -0.169356, -0.03155, 0.0, 0.38423, 0.161151], [-0.060758, -0.195091, -0.101791, 0.0, -0.251579, -0.02428, 0.0, -0.038321, -0.127666, 0.000911, 0.0, 0.0, -0.25709, -0.049708, -5.2e-05, -0.00012, -5.6e-05, 0.0, 0.305281, 0.000181, 0.0, 0.23629, 2.4e-05, -2.8e-05, 0.0, 0.0, 0.000242, -0.440956, 0.0, 0.0, 0.0, 0.0, -0.0, 0.0, 0.0, 0.0, 0.0, 0.0, 0.0, 0.0, 0.0, 1.0, -0.027029, -0.040151, 0.021996, -0.037565, -0.000897, -0.027029, -0.040151, -0.021996, -0.037565, -0.000897, 0.016277, 0.032969, 0.0, 0.003601, -0.025311, -0.31109, -0.057954, 0.0, -0.138949, -0.205914], [0.059074, 0.32108, 0.464246, 0.343663, -0.205203, -7.4e-05, 0.48403, -0.289017, -0.000105, 0.246133, -0.309778, -0.000112, 0.092485, 6.7e-05, 0.00062, 0.016889, 0.105445, 0.013212, -0.026055, -0.009292, 0.115443, -0.227657, -0.081189, -0.013425, -0.038479, -0.013723, 0.033115, 0.027061, 0.00062, 0.016892, 0.105454, 0.013215, -0.026064, 0.009279, 0.115453, -0.227713, 0.081071, -0.013427, -0.038492, 0.013704, 0.033148, -0.027029, 1.0, 0.68486, -0.0, -0.0, -0.0, 0.046693, 0.207008, 0.061423, -0.0, -0.0, 0.000568, 0.030948, 0.000137, -0.00035, -0.000231, 0.000568, 0.030947, 0.000137, -0.00035, 0.000231], [0.097165, 0.435369, 0.740385, 0.179355, -0.107094, -3.9e-05, 0.454709, -0.271509, -9.8e-05, 0.047085, -0.059261, -2.1e-05, 0.017692, 1.3e-05, 0.022959, 0.133004, 0.315739, 0.051566, -0.101689, -0.036265, 0.197593, -0.389658, -0.138964, -0.019945, -0.057165, -0.020387, 0.049197, 0.040203, 0.022961, 0.133014, 0.315755, 0.051569, -0.101713, 0.036212, 0.197603, -0.389741, 0.138757, -0.019945, -0.057179, 0.020357, 0.049241, -0.040151, 0.68486, 1.0, 0.0, -0.0, 0.0, 0.207008, 0.473866, 0.140225, -0.0, 0.0, 0.030948, 0.143849, 0.009101, -0.023267, -0.015363, 0.030947, 0.143848, 0.009101, -0.023275, 0.015351], [-0.094123, -0.310862, -0.210093, -0.243485, 0.282104, 0.000102, 0.068343, 0.13533, 4.9e-05, 0.096402, 0.215095, 7.8e-05, -0.134265, -9.7e-05, -0.000172, -0.008923, -0.041867, -0.004038, 0.01663, 0.005931, 0.014549, 0.095149, 0.033933, 0.02049, 0.014976, 0.005341, -0.026947, -0.022021, -0.000172, -0.008925, -0.041871, -0.004039, 0.016636, -0.005923, 0.014551, 0.095174, -0.033884, 0.020494, 0.014982, -0.005334, -0.026975, 0.021996, -0.0, 0.0, 1.0, 0.0, 0.0, -0.061423, -0.140225, -0.092235, 0.0, 0.0, -0.000137, -0.009101, -1.2e-05, 5.5e-05, 3.6e-05, -0.000137, -0.009101, -1.2e-05, 5.5e-05, -3.6e-05], [0.056201, 0.185617, 0.125447, 0.282104, 0.060522, -6.1e-05, 0.13533, 0.21418, -2.9e-05, 0.348821, 0.124407, -9.7e-05, -0.154455, -2.7e-05, 0.00034, 0.017597, 0.082563, 0.01663, -0.0284, -0.011695, 0.095149, -0.124838, -0.066917, -0.012113, -0.053464, -0.022021, 0.036805, 0.0376, 0.00034, 0.017604, 0.082584, 0.016636, -0.028417, 0.011682, 0.095174, -0.124911, 0.066831, -0.012115, -0.053496, 0.021996, 0.036863, -0.037565, -0.0, -0.0, 0.0, 1.0, 0.0, -0.0, -0.0, 0.0, 0.011674, 0.0, 0.00035, 0.023267, 5.5e-05, -0.00013, -9.2e-05, 0.00035, 0.023275, 5.5e-05, -0.00013, 9.2e-05], [2e-05, 6.7e-05, 4.5e-05, 0.000102, -6.1e-05, 0.228968, 4.9e-05, -2.9e-05, 0.294986, 0.000126, -9.7e-05, 0.392938, 0.000114, -0.234625, 0.000121, 0.006276, 0.029444, 0.005931, -0.011695, 0.000224, 0.033933, -0.066917, 0.038934, -0.00432, -0.022021, 0.00043, 0.024777, -0.000849, -0.000121, -0.006267, -0.029402, -0.005923, 0.011682, 0.000236, -0.033884, 0.066831, 0.039011, 0.004313, 0.021996, 0.000455, -0.02476, -0.000897, -0.0, 0.0, 0.0, 0.0, 1.0, -0.0, 0.0, 0.0, 0.0, 0.011674, 0.000231, 0.015363, 3.6e-05, -9.2e-05, -5.1e-05, -0.000231, -0.015351, -3.6e-05, 9.2e-05, -5.1e-05], [0.059074, 0.32108, 0.464246, -0.343663, -0.205203, -7.4e-05, -0.48403, -0.289017, -0.000105, 0.246133, 0.309778, 0.000112, 0.092485, 6.7e-05, 0.00062, 0.016889, 0.105445, -0.013212, -0.026055, -0.009292, -0.115443, -0.227657, -0.081189, -0.013425, 0.038479, 0.013723, 0.033115, 0.027061, 0.00062, 0.016892, 0.105454, -0.013215, -0.026064, 0.009279, -0.115453, -0.227713, 0.081071, -0.013427, 0.038492, -0.013704, 0.033148, -0.027029, 0.046693, 0.207008, -0.061423, -0.0, -0.0, 1.0, 0.68486, -0.0, -0.0, -0.0, 0.000568, 0.030948, -0.000137, -0.00035, -0.000231, 0.000568, 0.030947, -0.000137, -0.00035, 0.000231], [0.097165, 0.435369, 0.740385, -0.179355, -0.107094, -3.9e-05, -0.454709, -0.271509, -9.8e-05, 0.047085, 0.059261, 2.1e-05, 0.017692, 1.3e-05, 0.022959, 0.133004, 0.315739, -0.051566, -0.101689, -0.036265, -0.197593, -0.389658, -0.138964, -0.019945, 0.057165, 0.020387, 0.049197, 0.040203, 0.022961, 0.133014, 0.315755, -0.051569, -0.101713, 0.036212, -0.197603, -0.389741, 0.138757, -0.019945, 0.057179, -0.020357, 0.049241, -0.040151, 0.207008, 0.473866, -0.140225, -0.0, 0.0, 0.68486, 1.0, -0.0, -0.0, 0.0, 0.030948, 0.143849, -0.009101, -0.023267, -0.015363, 0.030947, 0.143848, -0.009101, -0.023275, 0.015351], [0.094123, 0.310862, 0.210093, -0.243485, -0.282104, -0.000102, 0.068343, -0.13533, -4.9e-05, -0.096402, 0.215095, 7.8e-05, 0.134265, 9.7e-05, 0.000172, 0.008923, 0.041867, -0.004038, -0.01663, -0.005931, 0.014549, -0.095149, -0.033933, -0.02049, 0.014976, 0.005341, 0.026947, 0.022021, 0.000172, 0.008925, 0.041871, -0.004039, -0.016636, 0.005923, 0.014551, -0.095174, 0.033884, -0.020494, 0.014982, -0.005334, 0.026975, -0.021996, 0.061423, 0.140225, -0.092235, 0.0, 0.0, -0.0, -0.0, 1.0, 0.0, 0.0, 0.000137, 0.009101, -1.2e-05, -5.5e-05, -3.6e-05, 0.000137, 0.009101, -1.2e-05, -5.5e-05, 3.6e-05], [0.056201, 0.185617, 0.125447, -0.282104, 0.060522, -6.1e-05, -0.13533, 0.21418, -2.9e-05, 0.348821, -0.124407, 9.7e-05, -0.154455, -2.7e-05, 0.00034, 0.017597, 0.082563, -0.01663, -0.0284, -0.011695, -0.095149, -0.124838, -0.066917, -0.012113, 0.053464, 0.022021, 0.036805, 0.0376, 0.00034, 0.017604, 0.082584, -0.016636, -0.028417, 0.011682, -0.095174, -0.124911, 0.066831, -0.012115, 0.053496, -0.021996, 0.036863, -0.037565, -0.0, -0.0, 0.0, 0.011674, 0.0, -0.0, -0.0, 0.0, 1.0, 0.0, 0.00035, 0.023267, -5.5e-05, -0.00013, -9.2e-05, 0.00035, 0.023275, -5.5e-05, -0.00013, 9.2e-05], [2e-05, 6.7e-05, 4.5e-05, -0.000102, -6.1e-05, 0.228968, -4.9e-05, -2.9e-05, 0.294986, 0.000126, 9.7e-05, -0.392938, 0.000114, -0.234625, 0.000121, 0.006276, 0.029444, -0.005931, -0.011695, 0.000224, -0.033933, -0.066917, 0.038934, -0.00432, 0.022021, -0.00043, 0.024777, -0.000849, -0.000121, -0.006267, -0.029402, 0.005923, 0.011682, 0.000236, 0.033884, 0.066831, 0.039011, 0.004313, -0.021996, -0.000455, -0.02476, -0.000897, -0.0, 0.0, 0.0, 0.0, 0.011674, -0.0, 0.0, 0.0, 0.0, 1.0, 0.000231, 0.015363, -3.6e-05, -9.2e-05, -5.1e-05, -0.000231, -0.015351, 3.6e-05, 9.2e-05, -5.1e-05], [0.000169, 0.006491, 0.06539, 0.0, 0.009532, 0.008211, -0.0, 0.142519, 0.122768, -0.013881, 0.0, 0.0, 0.00356, 0.023777, 0.062445, 0.331779, 0.472061, 0.0, 0.209085, 0.352287, -0.0, 0.287505, 0.484417, -0.204504, 0.0, 0.0, -0.169673, 0.310929, 0.000313, 0.010328, 0.082456, 0.0, 0.004609, 0.018861, -0.0, 0.053166, 0.217548, -0.020375, 0.0, 0.0, -0.031313, 0.016277, 0.000568, 0.030948, -0.000137, 0.00035, 0.000231, 0.000568, 0.030948, 0.000137, 0.00035, 0.000231, 1.0, 0.68486, -0.0, -0.0, -0.0, 0.000286, 0.022972, -0.0, -0.0, 0.000198], [0.014403, 0.090421, 0.239568, 0.0, 0.067513, 0.058156, 0.0, 0.295553, 0.254593, -0.037564, 0.0, 0.0, 0.009635, 0.064346, 0.098753, 0.441174, 0.747495, 0.0, 0.106305, 0.179113, 0.0, 0.268258, 0.451989, -0.038093, 0.0, 0.0, -0.031605, 0.057917, 0.018061, 0.109066, 0.273936, 0.0, 0.024479, 0.100165, 0.0, 0.100455, 0.411052, -0.04127, 0.0, 0.0, -0.063425, 0.032969, 0.030948, 0.143849, -0.009101, 0.023267, 0.015363, 0.030948, 0.143849, 0.009101, 0.023267, 0.015363, 0.68486, 1.0, -0.0, -0.0, 0.0, 0.022972, 0.119257, -0.0, -6e-06, 0.022279], [0.0, 0.0, 0.0, 0.00126, -0.0, -0.0, 0.038046, 0.0, 0.0, 0.0, 0.004649, 0.004005, 0.0, 0.0, 0.0, 0.0, 0.0, 0.239901, -0.0, -0.0, 0.300148, 0.0, 0.0, 0.0, 0.239817, 0.404069, 0.0, 0.0, 0.0, 0.0, 0.0, 0.00231, -0.0, -0.0, 0.048528, 0.0, 0.0, 0.0, 0.002544, 0.010408, 0.0, 0.0, 0.000137, 0.009101, -1.2e-05, 5.5e-05, 3.6e-05, -0.000137, -0.009101, -1.2e-05, -5.5e-05, -3.6e-05, -0.0, -0.0, 1.0, 0.0, 0.0, -0.0, -0.0, 3e-06, 0.0, 0.0], [-8.1e-05, -0.005217, -0.048647, 0.0, -0.007992, -0.00797, 0.0, -0.07418, -0.096672, 0.014521, 0.0, 0.0, 0.000236, -0.025467, -0.05983, -0.187666, -0.125034, 0.0, 0.070444, -0.285519, 0.0, 0.221372, -0.132731, 0.035556, 0.0, 0.0, 0.384194, 0.139496, -4.7e-05, -0.002799, -0.018692, 0.0, 0.000801, -0.006176, 0.0, 0.035805, -0.052059, 0.007053, 0.0, 0.0, 0.015639, 0.003601, -0.00035, -0.023267, 5.5e-05, -0.00013, -9.2e-05, -0.00035, -0.023267, -5.5e-05, -0.00013, -9.2e-05, -0.0, -0.0, 0.0, 1.0, 0.0, 0.0, 6e-06, 0.0, 3e-06, 0.0], [-7e-05, -0.004494, -0.041905, 0.0, -0.00797, -0.005605, 0.0, -0.096672, -0.045229, 0.012509, 0.0, 0.0, -0.007806, -0.020738, -0.100807, -0.316198, -0.21067, 0.0, -0.285519, -0.24117, 0.0, -0.132731, 0.07651, 0.059908, 0.0, 0.0, -0.160809, -0.205961, -0.000193, -0.011454, -0.076485, 0.0, -0.006176, -0.022962, 0.0, -0.052059, -0.164493, 0.028859, 0.0, 0.0, 0.043177, -0.025311, -0.000231, -0.015363, 3.6e-05, -9.2e-05, -5.1e-05, -0.000231, -0.015363, -3.6e-05, -9.2e-05, -5.1e-05, -0.0, 0.0, 0.0, 0.0, 1.0, -0.000198, -0.022279, 0.0, 0.0, -7.6e-05], [0.000169, 0.006488, 0.065379, 0.0, 0.009533, -0.008204, -0.0, 0.142558, -0.122685, -0.013877, 0.0, -0.0, 0.003582, -0.023767, 0.000313, 0.010325, 0.082445, 0.0, 0.004618, -0.018854, -0.0, 0.053267, -0.217501, -0.020371, 0.0, -0.0, -0.03129, -0.016304, 0.062429, 0.331729, 0.472025, 0.0, 0.20924, -0.352145, -0.0, 0.287749, -0.484275, -0.204498, 0.0, -0.0, -0.169356, -0.31109, 0.000568, 0.030947, -0.000137, 0.00035, -0.000231, 0.000568, 0.030947, 0.000137, 0.00035, -0.000231, 0.000286, 0.022972, -0.0, 0.0, -0.000198, 1.0, 0.68486, -0.0, 0.0, 0.0], [0.014401, 0.090408, 0.239544, 0.0, 0.067532, -0.058118, 0.0, 0.295655, -0.254438, -0.037562, 0.0, 0.0, 0.009695, -0.064332, 0.018059, 0.109055, 0.273915, 0.0, 0.024526, -0.100145, 0.0, 0.100652, -0.410985, -0.041268, 0.0, 0.0, -0.06339, -0.03303, 0.098746, 0.441147, 0.747463, 0.0, 0.106396, -0.179062, 0.0, 0.268495, -0.45187, -0.038097, 0.0, 0.0, -0.03155, -0.057954, 0.030947, 0.143848, -0.009101, 0.023275, -0.015351, 0.030947, 0.143848, 0.009101, 0.023275, -0.015351, 0.022972, 0.119257, -0.0, 6e-06, -0.022279, 0.68486, 1.0, -0.0, 0.0, -0.0], [0.0, 0.0, 0.0, 0.001259, -0.0, 0.0, 0.038039, 0.0, 0.0, 0.0, 0.004649, -0.004001, 0.0, 0.0, 0.0, 0.0, 0.0, 0.002309, -0.0, 0.0, 0.048521, 0.0, 0.0, 0.0, 0.002548, -0.010403, 0.0, 0.0, 0.0, 0.0, 0.0, 0.23985, -0.0, 0.0, 0.300125, 0.0, 0.0, 0.0, 0.239992, -0.4039, 0.0, 0.0, 0.000137, 0.009101, -1.2e-05, 5.5e-05, -3.6e-05, -0.000137, -0.009101, -1.2e-05, -5.5e-05, 3.6e-05, -0.0, -0.0, 3e-06, 0.0, 0.0, -0.0, -0.0, 1.0, 0.0, 0.0], [-8.1e-05, -0.005217, -0.048659, 0.0, -0.007996, 0.007965, 0.0, -0.074265, 0.096648, 0.014522, 0.0, 0.0, 0.000208, 0.025468, -4.7e-05, -0.002804, -0.018727, 0.0, 0.000794, 0.006186, 0.0, 0.035749, 0.052153, 0.007065, 0.0, 0.0, 0.015659, -0.003571, -0.059862, -0.187812, -0.125139, 0.0, 0.070117, 0.285656, 0.0, 0.221208, 0.132814, 0.035609, 0.0, 0.0, 0.38423, -0.138949, -0.00035, -0.023275, 5.5e-05, -0.00013, 9.2e-05, -0.00035, -0.023275, -5.5e-05, -0.00013, 9.2e-05, -0.0, -6e-06, 0.0, 3e-06, 0.0, 0.0, 0.0, 0.0, 1.0, 0.0], [7e-05, 0.004489, 0.041876, -0.0, 0.007965, -0.005596, 0.0, 0.096648, -0.045135, -0.012498, 0.0, 0.0, 0.007823, -0.020712, 0.000193, 0.011449, 0.076467, -0.0, 0.006186, -0.02295, 0.0, 0.052153, -0.164432, -0.028848, 0.0, 0.0, -0.043134, -0.025349, 0.100746, 0.316082, 0.210606, -0.0, 0.285656, -0.240903, 0.0, 0.132814, 0.076602, -0.059929, 0.0, 0.0, 0.161151, -0.205914, 0.000231, 0.015351, -3.6e-05, 9.2e-05, -5.1e-05, 0.000231, 0.015351, 3.6e-05, 9.2e-05, -5.1e-05, 0.000198, 0.022279, 0.0, 0.0, -7.6e-05, 0.0, -0.0, 0.0, 0.0, 1.0]]], "h": [[[-15.173542213951073, 3.223913317549246, -2.891463988960657, 0.0, -0.006706, -1e-06, -0.0, -0.002112, -0.0, 6.6e-05, -0.0, -0.0, -0.002826, -1e-06, -0.006720316951998961, -0.2450171643973556, -0.951708588653839, -0.0, 0.4644340423948653, 0.2379941807701016, 0.0, 1.73388357479485, 0.8874997830622777, 0.6641312722574395, 0.0, 0.0, -0.6720258220013078, -0.9326585722037972, -0.006720316951998961, -0.24502742559956958, -0.9517198498560528, 0.0, 0.46455613201257695, -0.23777726273689231, 0.0, 1.7343088884568407, -0.8866919393449384, 0.6641455334596535, 0.0, -0.0, -0.672914971729717, 0.9320461241152391, -0.8932442595869456, -1.472720713118556, 1.4398021359837168, -0.8600338256262642, -0.00030922404427902145, -0.8932442595869456, -1.472720713118556, -1.4398021359837168, -0.8600338256262642, -0.00030922404427902145, -0.0021621431741577313, -0.2168300954875373, -0.0, 0.0008741573793300369, 0.000804284154976575, -0.002161143174157731, -0.21679557308310937, 0.0, 0.0008741573793300369, -0.000804284154976575], [3.223913317549246, -6.112069213951072, -3.9583839087519013, 0.0, -0.073803, -9e-06, 0.0, -0.084603, -1.3e-05, 0.009555, 0.0, -0.0, -0.110348, -5.7e-05, -0.24515916439735563, -0.9934237880124963, -1.8299612326498662, -0.0, 1.235464187122878, 0.6595832280524195, 0.0, 2.3737753029219477, 1.2593716805613617, 0.7251171601989758, 0.0, 0.0, -0.6595589821117523, -1.009902418611956, -0.24516842559956958, -0.9934363104169243, -1.8299800162565079, 0.0, 1.2357875084357897, -0.6590086750443082, 0.0, 2.374372729154412, -1.2582566565119297, 0.7251204214011897, 0.0, 0.0, -0.6605057821169055, 1.0092862011219286, -1.87709780685541, -2.4752163466856643, 1.5528008426332582, -0.9320015713469562, -0.00033550054833472184, -1.87709780685541, -2.4752163466856643, -1.5528008426332582, -0.9320015713469562, -0.00033550054833472184, -0.05723446357075641, -0.5722031653876699, 0.0, 0.050084691950182746, 0.04674984274949612, -0.057211679964114553, -0.5721267697588885, -0.0, 0.05008769195018274, -0.04670453673842636], [-2.891463988960657, -3.9583839087519013, -6.260311213951072, -0.0, -0.109825, -1.7e-05, 0.0, -0.267214, -5.1e-05, 0.051364, 0.0, 0.0, -0.183833, -9.3e-05, -0.952345588653839, -1.8348432326498663, -3.608602660535953, -0.0, 1.357892293370988, 0.7699459647856929, 0.0, 3.3548088349982192, 1.8745827553780066, 0.6038896086000107, 0.0, 0.0, -0.39499699004938504, -0.7731513187152701, -0.9523588498560529, -1.834862016256508, -3.6086244441425945, -0.0, 1.3582596146838994, -0.7693153669687257, 0.0, 3.355690791286033, -1.873006148813449, 0.6038906086000108, -0.0, 0.0, -0.3957258042597104, 0.7727750345602936, -2.856903083017929, -4.480275201176164, 1.4208337567356226, -0.8543060341335201, -0.00030475409962779827, -2.856903083017929, -4.480275201176164, -1.4208337567356226, -0.8543060341335201, -0.00030475409962779827, -0.4517930127702606, -1.5291306919918304, 0.0, 0.3344787041020778, 0.32077767877561963, -0.45171513954590714, -1.5289804231386956, -0.0, 0.3345748385286452, -0.3205641039114151], [0.0, 0.0, -0.0, -5.384108213951072, -0.0, -0.0, -3.120294425874457, 0.0, 0.0, 0.0, 0.05821, 3.1e-05, -0.0, -0.0, -0.0, 0.0, -0.0, -0.5864149916613591, 0.0, 0.0, -1.3139435187438235, -0.0, -0.0, -0.0, 1.1849046539063472, 0.6178029767459958, 0.0, 0.0, -0.0, -0.0, -0.0, -0.5864222528635731, 0.0, -0.0, -1.3139570411482515, -0.0, 0.0, 0.0, 1.1852092364214726, -0.6172571625356704, 0.0, 0.0, -2.058746536453067, -1.0774349230831943, 1.2572768210638767, -1.5311171893644533, -0.0005526426258230093, 2.058746536453067, 1.0774349230831943, 1.2572768210638767, 1.5311171893644533, 0.0005526426258230093, -0.0, -0.0, -0.011278114789578351, -0.0, -0.0, 0.0, -0.0, -0.011271853587364399, 0.0, 0.0], [-0.006706, -0.073803, -0.109825, -0.0, -5.456771213951072, -3.4e-05, 0.0, -3.233439425874457, -3.9e-05, 0.173207, 0.0, -0.0, -0.122255, -1.8e-05, -0.46515104239486527, -1.259989187122878, -1.408209293370988, 0.0, 1.3692872926092665, 1.0484115258424391, 0.0, 0.5256323434491279, 1.0131283290087743, 0.7738659568110594, 0.0, 0.0, -0.15785400253952236, -1.4130996639164337, -0.46527413201257695, -1.2602925084357897, -1.4085246146838994, 0.0, 1.3702469953457872, -1.0477385772055463, 0.0, 0.5265182177701508, -1.0124703803718815, 0.7740295764841197, -0.0, 0.0, -0.15980837850554946, 1.4128579917835968, 1.2212394779094016, 0.595345189900876, -1.5206381893644534, -0.3920814803927468, 0.0003279333350510154, 1.2212394779094016, 0.595345189900876, 1.5206381893644534, -0.3920814803927468, 0.0003279333350510154, -0.08477477950338162, -0.47064554507047873, 0.0, 0.07550752809389696, 0.08191578164519003, -0.08478204070559556, -0.47076650791254376, 0.0, 0.07555157290275277, -0.08187247563412028], [-1e-06, -9e-06, -1.7e-05, -0.0, -3.4e-05, -5.324435213951072, 0.0, -3.9e-05, -3.080638425874457, 4.4e-05, -0.0, 0.0, 2.7e-05, -0.119538, -0.2373351807701016, -0.6171442280524195, -0.6631929647856929, 0.0, 0.982722525842439, -0.09139501229525096, 0.0, 0.9062443290087744, -0.8647316530963896, 0.3456941626017307, 0.0, 0.0, -1.3538699968547, 0.18872739739534683, 0.23711826273689232, 0.6165606750443081, 0.6625433669687257, -0.0, -0.9820515772055463, -0.09235371503177152, -0.0, -0.9055983803718816, -0.8656385722262683, -0.3453347068622517, 0.0, -0.0, 1.3536282427550723, 0.190670989754732, 0.0004423289638323793, 0.00022718688634409178, -0.0005516426258230094, 0.0003299333350510154, -1.297973948523949, 0.0004423289638323793, 0.00022718688634409178, 0.0005516426258230094, 0.0003299333350510154, -1.297973948523949, -0.06846573137875225, -0.3719054759545385, 0.0, 0.07099878164519004, 0.054250038409195754, 0.06840590296325459, 0.3716475502704084, -0.0, -0.07096047563412029, 0.0541626875892702], [-0.0, 0.0, 0.0, -3.120294425874457, 0.0, 0.0, -5.442228213951072, -0.0, 0.0, 0.0, 0.059148, 3.3e-05, 0.0, -0.0, -0.0, 0.0, 0.0, -1.2997155187438234, -0.0, -0.0, -3.1480799211052712, -0.0, -0.0, 0.0, 1.0816250329304955, 0.5855390946709912, -0.0, -0.0, 0.0, 0.0, 0.0, -1.2997290411482516, 0.0, 0.0, -3.148099704711913, -0.0, 0.0, 0.0, 1.0819035706367652, -0.5850338028650937, -0.0, 0.0, -2.7373237076187373, -2.472339997503478, -0.31645434290805813, -0.7622224956139987, -0.0002747989084836025, 2.7373237076187373, 2.472339997503478, -0.31645434290805813, 0.7622224956139987, 0.0002747989084836025, 0.0, -0.0, -0.22871269943198252, -0.0, -0.0, 0.0, -0.0, -0.22867087101648484, -0.0, 0.0], [-0.002112, -0.084603, -0.267214, 0.0, -3.233439425874457, -3.9e-05, -0.0, -5.839359213951072, -9.7e-05, 0.261544, 0.0, -0.0, -0.205497, -4e-05, -1.7358365747948503, -2.4235723029219476, -3.4878448349982194, 0.0, 0.5152003434491279, 1.0560713290087744, 0.0, -0.4077249855854116, 1.6708521340414415, 0.09032707716786928, -0.0, -0.0, 0.7474604584963586, -0.28166543277218653, -1.7362628884568407, -2.424131729154412, -3.488604791286033, 0.0, 0.5161122177701509, -1.0554203803718816, 0.0, -0.4063320806607052, -1.6698381624517862, 0.09028903235901346, -0.0, 0.0, 0.746764509859466, 0.28204353004081906, 1.626558880269497, 1.3618937519076415, -0.7542164956139986, -1.1348862901840406, 0.0001615748642045811, 1.626558880269497, 1.3618937519076415, 0.7542164956139986, -1.1348862901840406, 0.0001615748642045811, -0.9439062783300929, -1.867279097939881, 0.0, 0.49904598023089053, 0.694486940427078, -0.9441464652164369, -1.8678657405657042, 0.0, 0.49960818241907634, -0.6943126715739432], [-0.0, -1.3e-05, -5.1e-05, 0.0, -3.9e-05, -3.080638425874457, 0.0, -9.7e-05, -5.446384213951072, 6.5e-05, -0.0, 0.0, 4e-05, -0.188363, -0.8865057830622778, -1.1792936805613619, -1.6232437553780066, 0.0, 0.9130663290087744, -0.8671806530963895, 0.0, 1.3666351340414415, -2.5530674234009947, -0.06922801879797193, 0.0, 0.0, -0.9199837420296754, 0.6653120658854035, 0.8856979393449383, 1.1781596565119297, 1.62161614881344