{"coordinates": [[[11.281, 9.796, 10.0], [9.935, 10.44, 10.0], [8.782, 9.762, 10.0], [11.842, 10.106, 9.112], [11.218, 8.704, 10.0], [11.842, 10.106, 10.887], [9.9, 11.526, 10.0], [7.835, 10.291, 10.0], [8.76, 8.678, 10.0]]], "HF": [-117.90169218492], "elements": [["C", "C", "C", "H", "H", "H", "H", "H", "H"]], "S": [[[1.0, -0.2157, 0.19014, -0.0, -0.0, 0.0, 0.0, 0.0, 0.0, -0.0, 0.0, 0.0, -0.0, 0.0, 0.000321, 0.012428, 0.056924, 0.0, 0.024048, -0.011492, 0.0, 0.109738, -0.052444, -0.034617, 0.0, -0.0, 0.037663, -0.046653, 1e-06, 6.4e-05, 0.006529, 0.0, 0.000145, 2e-06, 0.0, 0.025647, 0.000349, -0.000219, 0.0, 0.0, 0.00038, 1e-05, 0.056207, 0.095759, 0.08364, -0.052903, -0.029172, 0.056153, 0.095733, 0.0, 0.005931, 0.102885, 0.056207, 0.095759, -0.08364, -0.052903, -0.029172, 0.000448, 0.020497, 0.0, 0.000178, -0.000223, 0.0, 0.001015, 0.0, 0.0, -0.0, 2.4e-05, 0.006606, 0.0, 1.3e-05, 6e-06], [-0.2157, 1.0, 0.718332, 0.0, 0.0, -0.0, -0.0, -0.0, -0.0, 0.0, 0.0, 0.0, -0.0, 0.0, 0.012428, 0.134314, 0.283123, 0.0, 0.181094, -0.086545, -0.0, 0.42636, -0.203757, -0.130948, 0.0, -0.0, 0.14247, -0.176478, 6.4e-05, 0.003535, 0.051424, 0.0, 0.007429, 0.000101, -0.0, 0.155345, 0.002113, -0.009277, 0.0, 0.0, 0.016063, 0.000437, 0.311744, 0.430213, 0.289197, -0.18292, -0.100865, 0.311566, 0.430114, 0.0, 0.020526, 0.356052, 0.311744, 0.430213, -0.289197, -0.18292, -0.100865, 0.013387, 0.121101, 0.0, 0.009893, -0.012426, 2.7e-05, 0.009841, 0.0, 1e-05, -1e-06, 0.001307, 0.047307, 0.0, 0.000953, 0.000423], [0.19014, 0.718332, 1.0, 0.0, -0.0, 0.0, -0.0, 0.0, 0.0, 0.0, 0.0, 0.0, -0.0, 0.0, 0.056924, 0.283123, 0.53031, 0.0, 0.20554, -0.098227, -0.0, 0.547222, -0.261517, -0.072896, 0.0, 0.0, 0.07931, -0.098242, 0.006529, 0.051424, 0.168571, 0.0, 0.062906, 0.000856, -0.0, 0.332497, 0.004523, -0.034621, 0.0, 0.0, 0.059943, 0.001631, 0.457329, 0.734047, 0.198062, -0.125276, -0.069079, 0.457196, 0.733926, 0.0, 0.014061, 0.243911, 0.457329, 0.734047, -0.198062, -0.125276, -0.069079, 0.093871, 0.295242, 0.0, 0.054834, -0.068873, 0.004328, 0.049449, 0.0, 0.004664, -0.000669, 0.02944, 0.150887, 0.0, 0.028181, 0.0125], [-0.0, 0.0, 0.0, 1.0, 0.0, 0.0, 0.530759, 0.0, 0.0, -0.0, -0.0, -0.0, 0.0, -0.0, 0.0, 0.0, 0.0, 0.075973, 0.0, 0.0, 0.202749, -0.0, 0.0, 0.0, 0.180853, -0.086429, -0.0, 0.0, 0.0, 0.0, 0.0, 0.001335, 0.0, 0.0, 0.035874, -0.0, -0.0, 0.0, 0.005955, 8.1e-05, -0.0, -0.0, -0.31767, -0.169708, -0.195636, 0.262628, 0.144818, 0.0, 0.0, 0.219403, -0.0, -0.0, 0.31767, 0.169708, -0.195636, -0.262628, -0.144818, 0.0, 0.0, 0.003242, -0.0, 0.0, 0.0, 0.0, 1e-06, 0.0, 0.0, 0.0, 0.0, 0.000156, -0.0, -0.0], [-0.0, 0.0, -0.0, 0.0, 1.0, 0.0, 0.0, 0.530759, 0.0, 0.0, -0.0, -0.0, -0.0, -0.0, -0.024048, -0.181094, -0.20554, 0.0, -0.212606, 0.137912, 0.0, -0.114436, 0.151582, 0.136743, 0.0, -0.0, -0.081525, 0.238578, -0.000145, -0.007429, -0.062906, 0.0, -0.015056, -0.000223, 0.0, -0.156697, -0.00262, 0.017716, 0.0, 0.0, -0.030671, -0.000916, 0.20093, 0.107342, 0.262628, 0.053465, -0.091599, -0.022545, -0.012049, 0.0, 0.21731, -0.036295, 0.20093, 0.107342, -0.262628, 0.053465, -0.091599, -0.015394, -0.069524, 0.0, -0.010502, 0.017263, -6.6e-05, -0.012869, 0.0, -2.6e-05, 4e-06, -0.002532, -0.047792, 0.0, -0.002057, -0.000982], [0.0, -0.0, 0.0, 0.0, 0.0, 1.0, 0.0, 0.0, 0.530759, 0.0, -0.0, -0.0, 0.0, -0.0, 0.011492, 0.086545, 0.098227, 0.0, 0.137912, 0.010065, -0.0, 0.151582, 0.130308, -0.065349, -0.0, 0.0, 0.211819, 0.025532, -2e-06, -0.000101, -0.000856, 0.0, -0.000223, 0.001332, 0.0, -0.00262, 0.035839, 0.000241, 0.0, -0.0, -0.000579, 0.005942, 0.110796, 0.05919, 0.144818, -0.091599, 0.169071, -0.39106, -0.209008, 0.0, -0.036295, -0.410166, 0.110796, 0.05919, -0.144818, -0.091599, 0.169071, 0.019335, 0.087323, -0.0, 0.017263, -0.018441, 9e-06, 0.001845, 0.0, 4e-06, 0.0, -0.001123, -0.021198, 0.0, -0.000982, -0.000279], [0.0, -0.0, -0.0, 0.530759, 0.0, 0.0, 1.0, 0.0, 0.0, 0.0, 0.0, 0.0, 0.0, 0.0, 0.0, -0.0, -0.0, 0.202749, -0.0, 0.0, 0.547224, 0.0, 0.0, 0.0, 0.19496, -0.093171, 0.0, 0.0, 0.0, -0.0, -0.0, 0.035874, -0.0, -0.0, 0.184101, 0.0, 0.0, 0.0, 0.065619, 0.000893, 0.0, 0.0, -0.457111, -0.432054, 0.085549, 0.129582, 0.071454, -0.0, 0.0, 0.290331, 0.0, 0.0, 0.457111, 0.432054, 0.085549, -0.129582, -0.071454, -0.0, 0.0, 0.055595, 0.0, 0.0, -0.0, 0.0, 0.00217, 0.0, 0.0, -0.0, 0.0, 0.016439, 0.0, 0.0], [0.0, -0.0, 0.0, 0.0, 0.530759, 0.0, 0.0, 1.0, 0.0, 0.0, 0.0, 0.0, 0.0, 0.0, -0.109738, -0.42636, -0.547222, 0.0, -0.114436, 0.151582, 0.0, 0.010065, 0.256708, -0.006178, 0.0, 0.0, 0.079217, 0.0502, -0.025647, -0.155345, -0.332497, 0.0, -0.156697, -0.00262, 0.0, -0.438881, -0.008475, 0.062618, 0.0, 0.0, -0.108393, -0.003843, 0.289127, 0.273279, 0.129582, 0.208457, -0.045195, -0.032454, -0.030679, 0.0, 0.289298, -0.017918, 0.289127, 0.273279, -0.129582, 0.208457, -0.045195, -0.153428, -0.27518, 0.0, -0.038873, 0.118655, -0.019647, -0.120012, 0.0, -0.020934, 0.003313, -0.09158, -0.261332, 0.0, -0.077199, -0.041533], [0.0, -0.0, 0.0, 0.0, 0.0, 0.530759, 0.0, 0.0, 1.0, 0.0, 0.0, 0.0, 0.0, 0.0, 0.052444, 0.203757, 0.261517, -0.0, 0.151582, 0.130308, 0.0, 0.256708, 0.424543, 0.002952, 0.0, 0.0, 0.148484, 0.126443, -0.000349, -0.002113, -0.004523, 0.0, -0.00262, 0.035839, 0.0, -0.008475, 0.183985, 0.000852, 0.0, 0.0, -0.00326, 0.065554, 0.15943, 0.15069, 0.071454, -0.045195, 0.265497, -0.562947, -0.532152, 0.0, -0.017918, -0.02047, 0.15943, 0.15069, -0.071454, -0.045195, 0.265497, 0.19271, 0.345634, 0.0, 0.118655, -0.093439, 0.002817, 0.017209, 0.0, 0.003313, 0.001695, -0.04062, -0.115914, 0.0, -0.041533, -0.001983], [-0.0, 0.0, 0.0, -0.0, 0.0, 0.0, 0.0, 0.0, 0.0, 1.0, 0.0, 0.0, 0.0, 0.0, -0.034617, -0.130948, -0.072896, 0.0, -0.136743, 0.065349, 0.0, 0.006178, -0.002952, 0.1276, 0.0, 0.0, -0.016557, 0.020509, -0.000219, -0.009277, -0.034621, 0.0, -0.017716, -0.000241, 0.0, -0.062618, -0.000852, 0.020473, 0.0, 0.0, -0.031699, -0.000863, 0.196032, 0.038406, -0.146191, -0.304268, -0.167779, -0.201763, -0.039547, 0.0, -0.005041, -0.087443, 0.196032, 0.038406, 0.146191, -0.304268, -0.167779, -0.02516, -0.043297, 0.0, -0.023425, 0.029422, -0.000106, -0.008137, 0.0, -5e-05, 7e-06, -0.00352, -0.025561, 0.0, -0.00345, -0.00153], [0.0, 0.0, 0.0, -0.0, -0.0, -0.0, 0.0, 0.0, 0.0, 0.0, 1.0, 0.0, 0.0, 0.0, -0.0, -0.0, 0.0, -0.180853, 0.0, -0.0, -0.19496, 0.0, 0.0, 0.0, -0.287574, 0.191139, 0.0, 0.0, -0.0, -0.0, 0.0, -0.005955, 0.0, 0.0, -0.065619, 0.0, 0.0, 0.0, -0.024393, -0.000361, 0.0, 0.0, -0.290554, -0.056925, -0.174051, -0.107168, 0.140594, -0.0, 0.0, -0.025699, 0.0, 0.0, 0.290554, 0.056925, -0.174051, 0.107168, -0.140594, -0.0, 0.0, -0.00909, 0.0, 0.0, -0.0, 0.0, -7e-06, 0.0, 0.0, -0.0, 0.0, -0.000796, 0.0, 0.0], [0.0, 0.0, 0.0, -0.0, -0.0, -0.0, 0.0, 0.0, 0.0, 0.0, 0.0, 1.0, 0.0, 0.0, 0.0, 0.0, 0.0, 0.086429, -0.0, 0.0, 0.093171, 0.0, 0.0, 0.0, 0.191139, 0.021037, 0.0, 0.0, -0.0, -0.0, 0.0, -8.1e-05, 0.0, -0.0, -0.000893, 0.0, 0.0, 0.0, -0.000361, 0.00216, 0.0, 0.0, -0.160216, -0.031389, -0.095975, 0.140594, -0.284611, -0.0, 0.0, -0.445773, 0.0, 0.0, 0.160216, 0.031389, -0.095975, -0.140594, 0.284611, 0.0, 0.0, 0.011418, 0.0, 0.0, 0.0, 0.0, 1e-06, 0.0, 0.0, -0.0, 0.0, -0.000353, 0.0, 0.0], [-0.0, -0.0, -0.0, 0.0, -0.0, 0.0, 0.0, 0.0, 0.0, 0.0, 0.0, 0.0, 1.0, 0.0, 0.037663, 0.14247, 0.07931, -0.0, 0.081525, -0.211819, 0.0, -0.079217, -0.148484, -0.016557, 0.0, 0.0, -0.167051, -0.262442, 0.00038, 0.016063, 0.059943, -0.0, 0.030671, 0.000579, 0.0, 0.108393, 0.00326, -0.031699, 0.0, 0.0, 0.05703, 0.002216, 0.063949, 0.012529, 0.088721, 0.172938, -0.157249, -0.347148, -0.068044, 0.0, -0.059901, -0.147498, 0.063949, 0.012529, -0.088721, 0.172938, -0.157249, -0.009765, -0.016805, 0.0, -0.020219, 0.002561, 0.000176, 0.013525, 0.0, 8.4e-05, -1.4e-05, 0.004092, 0.029717, 0.0, 0.003749, 0.002369], [0.0, 0.0, 0.0, -0.0, -0.0, -0.0, 0.0, 0.0, 0.0, 0.0, 0.0, 0.0, 0.0, 1.0, -0.046653, -0.176478, -0.098242, 0.0, -0.238578, -0.025532, 0.0, -0.0502, -0.126443, 0.020509, 0.0, 0.0, -0.262442, -0.053832, 1e-05, 0.000437, 0.001631, -0.0, 0.000916, -0.005942, 0.0, 0.003843, -0.065554, -0.000863, 0.0, 0.0, 0.002216, -0.024338, 0.101338, 0.019854, 0.140594, 0.037378, 0.180019, 0.04016, 0.007872, 0.0, -0.441817, 0.042934, 0.101338, 0.019854, -0.140594, 0.037378, 0.180019, -0.04247, -0.073085, 0.0, -0.036983, 0.051702, -5.1e-05, -0.00396, 0.0, -2.6e-05, -3e-06, 0.004519, 0.032819, 0.0, 0.004666, 0.00143], [0.000321, 0.012428, 0.056924, 0.0, -0.024048, 0.011492, 0.0, -0.109738, 0.052444, -0.034617, -0.0, 0.0, 0.037663, -0.046653, 1.0, -0.2157, 0.19014, -0.0, 0.0, -0.0, 0.0, 0.0, -0.0, -0.0, 0.0, 0.0, -0.0, 0.0, 0.000653, 0.024447, 0.072114, 0.0, 0.042616, 0.025029, 0.0, 0.117862, 0.069223, -0.058607, 0.0, 0.0, 0.049441, 0.088657, 0.000681, 0.023722, 0.000184, -0.000396, 6.9e-05, 0.000586, 0.022521, 0.0, -0.000224, 0.000303, 0.000681, 0.023722, -0.000184, -0.000396, 6.9e-05, 0.057602, 0.09645, 0.0, 0.003004, -0.10627, 0.000772, 0.024753, 0.0, 0.000503, 3.6e-05, 0.000727, 0.024257, 0.0, 0.000263, 0.000394], [0.012428, 0.134314, 0.283123, 0.0, -0.181094, 0.086545, -0.0, -0.42636, 0.203757, -0.130948, -0.0, 0.0, 0.14247, -0.176478, -0.2157, 1.0, 0.718332, 0.0, -0.0, 0.0, -0.0, -0.0, 0.0, 0.0, 0.0, 0.0, -0.0, -0.0, 0.024447, 0.192983, 0.340242, 0.0, 0.231589, 0.136018, -0.0, 0.435179, 0.255591, -0.147741, 0.0, 0.0, 0.124633, 0.223492, 0.01806, 0.136647, 0.009305, -0.020006, 0.003502, 0.016236, 0.130904, 0.0, -0.011766, 0.01592, 0.01806, 0.136647, -0.009305, -0.020006, 0.003502, 0.316315, 0.432748, 0.0, 0.010156, -0.359252, 0.019704, 0.141534, 0.0, 0.024594, 0.001746, 0.018903, 0.139186, 0.0, 0.013053, 0.019572], [0.056924, 0.283123, 0.53031, 0.0, -0.20554, 0.098227, -0.0, -0.547222, 0.261517, -0.072896, 0.0, 0.0, 0.07931, -0.098242, 0.19014, 0.718332, 1.0, 0.0, -0.0, 0.0, -0.0, 0.0, 0.0, 0.0, 0.0, 0.0, -0.0, 0.0, 0.072114, 0.340242, 0.600675, 0.0, 0.214339, 0.125886, -0.0, 0.529331, 0.310888, -0.071057, 0.0, 0.0, 0.059943, 0.107491, 0.109041, 0.321909, 0.041613, -0.089466, 0.015663, 0.103383, 0.31216, 0.0, -0.056786, 0.076835, 0.109041, 0.321909, -0.041613, -0.089466, 0.015663, 0.460727, 0.737166, 0.0, 0.00691, -0.244423, 0.113902, 0.330114, 0.0, 0.103336, 0.007335, 0.111561, 0.326181, 0.0, 0.056497, 0.084714], [0.0, 0.0, 0.0, 0.075973, 0.0, 0.0, 0.202749, 0.0, -0.0, 0.0, -0.180853, 0.086429, -0.0, 0.0, -0.0, 0.0, 0.0, 1.0, 0.0, 0.0, 0.530759, 0.0, -0.0, -0.0, -0.0, -0.0, 0.0, 0.0, 0.0, 0.0, 0.0, 0.120628, 0.0, 0.0, 0.244879, -0.0, -0.0, 0.0, 0.244648, 0.143687, -0.0, -0.0, -0.013585, -0.050827, -0.003658, 0.018179, -0.003183, 0.0, 0.0, 0.004173, 0.0, -0.0, 0.013585, 0.050827, -0.003658, -0.018179, 0.003183, 0.0, 0.0, 0.224159, -0.0, 0.0, 0.0, 0.0, 0.005378, -0.0, -0.0, 0.0, 0.0, 0.005093, -0.0, -0.0], [0.024048, 0.181094, 0.20554, 0.0, -0.212606, 0.137912, -0.0, -0.114436, 0.151582, -0.136743, 0.0, -0.0, 0.081525, -0.238578, 0.0, -0.0, -0.0, 0.0, 1.0, 0.0, 0.0, 0.530759, 0.0, 0.0, -0.0, 0.0, -0.0, -0.0, -0.042616, -0.231589, -0.214339, 0.0, -0.221923, -0.201188, 0.0, -0.036449, -0.16523, 0.124644, 0.0, 0.0, 0.020344, -0.258536, 0.029207, 0.109274, 0.018179, -0.034286, 0.006842, 0.017567, 0.070286, -0.0, -0.011206, 0.020808, 0.029207, 0.109274, -0.018179, -0.034286, 0.006842, -0.01119, -0.00591, 0.0, 0.223651, 0.017975, -0.035261, -0.124851, 0.0, -0.047786, -0.003774, -0.018876, -0.068614, 0.0, -0.010652, -0.023609], [-0.011492, -0.086545, -0.098227, 0.0, 0.137912, 0.010065, 0.0, 0.151582, 0.130308, 0.065349, -0.0, 0.0, -0.211819, -0.025532, -0.0, 0.0, 0.0, 0.0, 0.0, 1.0, -0.0, 0.0, 0.530759, 0.0, 0.0, -0.0, 0.0, -0.0, -0.025029, -0.136018, -0.125886, 0.0, -0.201188, 0.002466, 0.0, -0.16523, 0.147835, 0.073206, 0.0, 0.0, -0.275426, 0.008413, -0.005113, -0.019131, -0.003183, 0.006842, 0.0036, -0.023769, -0.095101, 0.0, 0.020808, -0.023982, -0.005113, -0.019131, 0.003183, 0.006842, 0.0036, 0.395845, 0.209052, -0.0, 0.017975, -0.411685, -0.002503, -0.008863, 0.0, -0.003774, 0.00511, -0.028304, -0.102883, 0.0, -0.023609, -0.030307], [0.0, -0.0, -0.0, 0.202749, 0.0, -0.0, 0.547224, 0.0, 0.0, 0.0, -0.19496, 0.093171, 0.0, 0.0, 0.0, -0.0, -0.0, 0.530759, 0.0, -0.0, 1.0, 0.0, 0.0, 0.0, 0.0, 0.0, 0.0, 0.0, 0.0, -0.0, -0.0, 0.244879, -0.0, -0.0, 0.616023, 0.0, 0.0, 0.0, 0.201094, 0.118107, 0.0, 0.0, -0.114262, -0.19295, 0.01916, 0.098647, -0.01727, -0.0, 0.0, 0.061513, 0.0, 0.0, 0.114262, 0.19295, 0.01916, -0.098647, 0.01727, -0.0, 0.0, 0.292662, 0.0, 0.0, -0.0, 0.0, 0.068085, 0.0, 0.0, -0.0, 0.0, 0.066619, 0.0, 0.0], [0.109738, 0.42636, 0.547222, -0.0, -0.114436, 0.151582, 0.0, 0.010065, 0.256708, 0.006178, 0.0, 0.0, -0.079217, -0.0502, 0.0, -0.0, 0.0, 0.0, 0.530759, 0.0, 0.0, 1.0, 0.0, 0.0, 0.0, 0.0, 0.0, 0.0, -0.117862, -0.435179, -0.529331, 0.0, -0.036449, -0.16523, 0.0, 0.172221, -0.260655, -0.027926, 0.0, 0.0, 0.12671, -0.015279, 0.245655, 0.414829, 0.098647, -0.147039, 0.03713, 0.15697, 0.270815, 0.0, -0.029268, 0.122831, 0.245655, 0.414829, -0.098647, -0.147039, 0.03713, -0.015933, -0.015014, 0.0, 0.292415, 0.008747, -0.282194, -0.468236, 0.0, -0.201168, -0.019113, -0.154686, -0.258821, 0.0, -0.015787, -0.123564], [-0.052444, -0.203757, -0.261517, 0.0, 0.151582, 0.130308, 0.0, 0.256708, 0.424543, -0.002952, 0.0, 0.0, -0.148484, -0.126443, -0.0, 0.0, 0.0, -0.0, 0.0, 0.530759, 0.0, 0.0, 1.0, 0.0, 0.0, 0.0, 0.0, 0.0, -0.069223, -0.255591, -0.310888, 0.0, -0.16523, 0.147835, 0.0, -0.260655, 0.462934, -0.016402, 0.0, 0.0, -0.161794, 0.122753, -0.043008, -0.072625, -0.01727, 0.03713, 0.058543, -0.212389, -0.366426, 0.0, 0.122831, -0.104683, -0.043008, -0.072625, 0.01727, 0.03713, 0.058543, 0.563623, 0.531124, 0.0, 0.008747, -0.016747, -0.020032, -0.033238, 0.0, -0.019113, 0.066728, -0.231943, -0.388088, 0.0, -0.123564, -0.118658], [-0.034617, -0.130948, -0.072896, 0.0, 0.136743, -0.065349, 0.0, -0.006178, 0.002952, 0.1276, 0.0, 0.0, -0.016557, 0.020509, -0.0, 0.0, 0.0, -0.0, 0.0, 0.0, 0.0, 0.0, 0.0, 1.0, 0.0, 0.0, 0.0, 0.0, -0.058607, -0.147741, -0.071057, 0.0, -0.124644, -0.073206, 0.0, 0.027926, 0.016402, 0.148035, 0.0, 0.0, 0.020766, 0.037237, -0.015338, -0.021837, -0.022171, 0.015401, -0.002696, -0.029382, -0.044757, 0.0, 0.026508, -0.035867, -0.015338, -0.021837, 0.022171, 0.015401, -0.002696, -0.202485, -0.039207, 0.0, -0.002359, 0.083444, -0.034274, -0.046164, 0.0, -0.052537, -0.003729, -0.033166, -0.045868, 0.0, -0.028212, -0.042302], [0.0, 0.0, 0.0, 0.180853, 0.0, -0.0, 0.19496, 0.0, 0.0, 0.0, -0.287574, 0.191139, 0.0, 0.0, 0.0, 0.0, 0.0, -0.0, -0.0, 0.0, 0.0, 0.0, 0.0, 0.0, 1.0, 0.0, 0.0, 0.0, -0.0, -0.0, 0.0, -0.244648, 0.0, 0.0, -0.201094, 0.0, 0.0, 0.0, -0.278309, -0.264858, 0.0, 0.0, -0.041329, -0.058842, -0.014155, 0.061816, -0.012339, 0.0, 0.0, 0.010903, 0.0, 0.0, 0.041329, 0.058842, -0.014155, -0.061816, 0.012339, -0.0, 0.0, -0.012775, 0.0, 0.0, -0.0, 0.0, -0.022992, 0.0, 0.0, -0.0, 0.0, -0.012179, 0.0, 0.0], [-0.0, -0.0, 0.0, -0.086429, -0.0, 0.0, -0.093171, 0.0, 0.0, 0.0, 0.191139, 0.021037, 0.0, 0.0, 0.0, 0.0, 0.0, -0.0, 0.0, -0.0, 0.0, 0.0, 0.0, 0.0, 0.0, 1.0, 0.0, 0.0, -0.0, -0.0, 0.0, -0.143687, 0.0, 0.0, -0.118107, 0.0, 0.0, 0.0, -0.264858, 0.017093, 0.0, 0.0, 0.007236, 0.010302, 0.002478, -0.012339, -0.006504, -0.0, 0.0, -0.014752, 0.0, 0.0, -0.007236, -0.010302, 0.002478, 0.012339, 0.006504, 0.0, 0.0, 0.451926, 0.0, 0.0, -0.0, 0.0, -0.001632, 0.0, 0.0, -0.0, 0.0, -0.018262, 0.0, 0.0], [0.037663, 0.14247, 0.07931, -0.0, -0.081525, 0.211819, 0.0, 0.079217, 0.148484, -0.016557, 0.0, 0.0, -0.167051, -0.262442, -0.0, -0.0, -0.0, 0.0, -0.0, 0.0, 0.0, 0.0, 0.0, 0.0, 0.0, 0.0, 1.0, 0.0, 0.049441, 0.124633, 0.059943, -0.0, -0.020344, 0.275426, 0.0, -0.12671, 0.161794, 0.020766, 0.0, 0.0, -0.307509, 0.226584, 0.043066, 0.061314, 0.03416, -0.054813, 0.016119, -0.014935, -0.022751, 0.0, 0.027577, -0.007809, 0.043066, 0.061314, -0.03416, -0.054813, 0.016119, -0.350154, -0.0678, 0.0, -0.02961, 0.143577, 0.058769, 0.079156, 0.0, 0.089854, 0.009643, -0.022076, -0.030531, 0.0, -0.035639, -0.016914], [-0.046653, -0.176478, -0.098242, 0.0, 0.238578, 0.025532, 0.0, 0.0502, 0.126443, 0.020509, 0.0, 0.0, -0.262442, -0.053832, 0.0, -0.0, 0.0, 0.0, -0.0, -0.0, 0.0, 0.0, 0.0, 0.0, 0.0, 0.0, 0.0, 1.0, 0.088657, 0.223492, 0.107491, -0.0, 0.258536, -0.008413, 0.0, 0.015279, -0.122753, 0.037237, 0.0, 0.0, 0.226584, -0.027554, -0.015556, -0.022148, -0.012339, 0.023267, 0.013983, -0.04865, -0.074109, 0.0, 0.039562, -0.062588, -0.015556, -0.022148, 0.012339, 0.023267, 0.013983, -0.019813, -0.003836, 0.0, 0.450974, 0.02092, 0.008386, 0.011295, 0.0, 0.01447, -0.021849, 0.053034, 0.073346, 0.0, 0.038094, 0.072324], [1e-06, 6.4e-05, 0.006529, 0.0, -0.000145, -2e-06, 0.0, -0.025647, -0.000349, -0.000219, -0.0, -0.0, 0.00038, 1e-05, 0.000653, 0.024447, 0.072114, 0.0, -0.042616, -0.025029, 0.0, -0.117862, -0.069223, -0.058607, -0.0, -0.0, 0.049441, 0.088657, 1.0, -0.2157, 0.19014, -0.0, -0.0, 0.0, 0.0, 0.0, 0.0, -0.0, 0.0, 0.0, -0.0, 0.0, 2e-06, 0.002184, 0.0, -1e-06, -0.0, 4.1e-05, 0.008297, 0.0, -2.4e-05, 1e-05, 2e-06, 0.002184, -0.0, -1e-06, -0.0, 0.000835, 0.02543, 0.0, -0.000295, -0.000463, 0.057945, 0.096618, 0.0, 0.093526, -0.052154, 0.057982, 0.096636, 0.0, 0.002125, 0.107147], [6.4e-05, 0.003535, 0.051424, 0.0, -0.007429, -0.000101, -0.0, -0.155345, -0.002113, -0.009277, -0.0, -0.0, 0.016063, 0.000437, 0.024447, 0.192983, 0.340242, 0.0, -0.231589, -0.136018, -0.0, -0.435179, -0.255591, -0.147741, -0.0, -0.0, 0.124633, 0.223492, -0.2157, 1.0, 0.718332, 0.0, -0.0, 0.0, -0.0, -0.0, -0.0, 0.0, 0.0, 0.0, -0.0, 0.0, 0.000133, 0.018748, 1.9e-05, -6.4e-05, -7e-06, 0.002089, 0.057194, 0.0, -0.001668, 0.000725, 0.000133, 0.018748, -1.9e-05, -6.4e-05, -7e-06, 0.020824, 0.144725, 0.0, -0.014093, -0.022139, 0.317431, 0.433364, 0.0, 0.314443, -0.175347, 0.317551, 0.433431, 0.0, 0.00714, 0.360026], [0.006529, 0.051424, 0.168571, 0.0, -0.062906, -0.000856, -0.0, -0.332497, -0.004523, -0.034621, 0.0, 0.0, 0.059943, 0.001631, 0.072114, 0.340242, 0.600675, 0.0, -0.214339, -0.125886, -0.0, -0.529331, -0.310888, -0.071057, 0.0, 0.0, 0.059943, 0.107491, 0.19014, 0.718332, 1.0, 0.0, -0.0, 0.0, -0.0, 0.0, -0.0, 0.0, 0.0, 0.0, -0.0, 0.0, 0.009484, 0.078113, 0.002852, -0.009841, -0.001104, 0.037176, 0.172749, 0.0, -0.035185, 0.015291, 0.009484, 0.078113, -0.002852, -0.009841, -0.001104, 0.117099, 0.335428, 0.0, -0.05692, -0.089414, 0.461553, 0.737923, 0.0, 0.213598, -0.119112, 0.461643, 0.738004, 0.0, 0.004849, 0.244521], [0.0, 0.0, 0.0, 0.001335, 0.0, 0.0, 0.035874, 0.0, 0.0, 0.0, -0.005955, -8.1e-05, -0.0, -0.0, 0.0, 0.0, 0.0, 0.120628, 0.0, 0.0, 0.244879, 0.0, 0.0, 0.0, -0.244648, -0.143687, -0.0, -0.0, -0.0, 0.0, 0.0, 1.0, 0.0, 0.0, 0.530759, 0.0, 0.0, -0.0, -0.0, 0.0, 0.0, -0.0, -8.6e-05, -0.006444, -6e-06, 4.9e-05, 5e-06, 0.0, 0.0, 0.000288, 0.0, -0.0, 8.6e-05, 0.006444, -6e-06, -4.9e-05, -5e-06, 0.0, 0.0, 0.005782, 0.0, 0.0, 0.0, 0.0, 0.225282, -0.0, 0.0, 0.0, 0.0, 0.225403, -0.0, -0.0], [0.000145, 0.007429, 0.062906, 0.0, -0.015056, -0.000223, -0.0, -0.156697, -0.00262, -0.017716, 0.0, 0.0, 0.030671, 0.000916, 0.042616, 0.231589, 0.214339, 0.0, -0.221923, -0.201188, -0.0, -0.036449, -0.16523, -0.124644, 0.0, 0.0, -0.020344, 0.258536, -0.0, -0.0, -0.0, 0.0, 1.0, 0.0, 0.0, 0.530759, 0.0, 0.0, -0.0, -0.0, -0.0, 0.0, 0.000296, 0.022231, 4.9e-05, -0.00016, -1.9e-05, 0.003966, 0.056266, -0.0, -0.00352, 0.001655, 0.000296, 0.022231, -4.9e-05, -0.00016, -1.9e-05, 0.019976, 0.068298, -0.0, -0.010549, -0.025654, -0.346737, -0.182608, 0.0, -0.260948, 0.271143, -0.007874, -0.004146, 0.0, 0.225153, -0.012639], [2e-06, 0.000101, 0.000856, 0.0, -0.000223, 0.001332, -0.0, -0.00262, 0.035839, -0.000241, 0.0, -0.0, 0.000579, -0.005942, 0.025029, 0.136018, 0.125886, 0.0, -0.201188, 0.002466, -0.0, -0.16523, 0.147835, -0.073206, 0.0, 0.0, 0.275426, -0.008413, 0.0, 0.0, 0.0, 0.0, 0.0, 1.0, 0.0, 0.0, 0.530759, -0.0, -0.0, -0.0, -0.0, -0.0, 3.3e-05, 0.002494, 5e-06, -1.9e-05, 6e-06, -0.001724, -0.024453, 0.0, 0.001655, -0.000431, 3.3e-05, 0.002494, -5e-06, -1.9e-05, 6e-06, 0.03138, 0.107288, -0.0, -0.025654, -0.034516, 0.193356, 0.10183, -0.0, 0.271143, 0.074081, -0.397036, -0.209034, 0.0, -0.012639, -0.411893], [0.0, -0.0, -0.0, 0.035874, 0.0, 0.0, 0.184101, 0.0, 0.0, 0.0, -0.065619, -0.000893, 0.0, 0.0, 0.0, -0.0, -0.0, 0.244879, 0.0, 0.0, 0.616023, 0.0, 0.0, 0.0, -0.201094, -0.118107, 0.0, 0.0, 0.0, -0.0, -0.0, 0.530759, 0.0, 0.0, 1.0, 0.0, 0.0, 0.0, 0.0, 0.0, 0.0, 0.0, -0.010788, -0.048307, 0.001466, 0.012109, 0.001359, -0.0, 0.0, 0.021015, 0.0, 0.0, 0.010788, 0.048307, 0.001466, -0.012109, -0.001359, -0.0, 0.0, 0.070087, 0.0, 0.0, -0.0, 0.0, 0.293208, 0.0, 0.0, -0.0, 0.0, 0.293267, 0.0, 0.0], [0.025647, 0.155345, 0.332497, -0.0, -0.156697, -0.00262, 0.0, -0.438881, -0.008475, -0.062618, 0.0, 0.0, 0.108393, 0.003843, 0.117862, 0.435179, 0.529331, -0.0, -0.036449, -0.16523, 0.0, 0.172221, -0.260655, 0.027926, 0.0, 0.0, -0.12671, 0.015279, 0.0, -0.0, 0.0, 0.0, 0.530759, 0.0, 0.0, 1.0, 0.0, 0.0, 0.0, 0.0, 0.0, 0.0, 0.037219, 0.166653, 0.012109, -0.0368, -0.004688, 0.110896, 0.288303, 0.0, -0.0908, 0.048594, 0.037219, 0.166653, -0.012109, -0.0368, -0.004688, 0.154902, 0.254174, 0.0, -0.009075, -0.124354, -0.49244, -0.463707, 0.0, 0.057396, 0.131499, -0.01118, -0.010527, 0.0, 0.293145, -0.006127], [0.000349, 0.002113, 0.004523, -0.0, -0.00262, 0.035839, 0.0, -0.008475, 0.183985, -0.000852, 0.0, 0.0, 0.00326, -0.065554, 0.069223, 0.255591, 0.310888, -0.0, -0.16523, 0.147835, 0.0, -0.260655, 0.462934, 0.016402, 0.0, 0.0, 0.161794, -0.122753, 0.0, -0.0, -0.0, 0.0, 0.0, 0.530759, 0.0, 0.0, 1.0, 0.0, 0.0, 0.0, 0.0, 0.0, 0.004176, 0.0187, 0.001359, -0.004688, 0.00445, -0.048195, -0.125295, 0.0, 0.048594, -0.000104, 0.004176, 0.0187, -0.001359, -0.004688, 0.00445, 0.24333, 0.399275, 0.0, -0.124354, -0.125256, 0.274606, 0.258583, 0.0, 0.131499, 0.219878, -0.563718, -0.530784, 0.0, -0.006127, -0.015698], [-0.000219, -0.009277, -0.034621, 0.0, 0.017716, 0.000241, 0.0, 0.062618, 0.000852, 0.020473, 0.0, 0.0, -0.031699, -0.000863, -0.058607, -0.147741, -0.071057, 0.0, 0.124644, 0.073206, 0.0, -0.027926, -0.016402, 0.148035, 0.0, 0.0, 0.020766, 0.037237, -0.0, 0.0, 0.0, -0.0, 0.0, -0.0, 0.0, 0.0, 0.0, 1.0, 0.0, 0.0, 0.0, 0.0, -0.000351, -0.010275, -8.9e-05, 0.000222, 2.5e-05, -0.005294, -0.028838, 0.0, 0.00565, -0.002456, -0.000351, -0.010275, 8.9e-05, 0.000222, 2.5e-05, -0.035803, -0.046552, 0.0, 0.029631, 0.046547, -0.202647, -0.039127, 0.0, -0.072056, 0.040181, -0.202665, -0.039118, 0.0, -0.001634, -0.08238], [0.0, 0.0, 0.0, 0.005955, 0.0, 0.0, 0.065619, 0.0, 0.0, 0.0, -0.024393, -0.000361, 0.0, 0.0, 0.0, 0.0, 0.0, 0.244648, 0.0, 0.0, 0.201094, 0.0, 0.0, 0.0, -0.278309, -0.264858, 0.0, 0.0, 0.0, 0.0, 0.0, -0.0, -0.0, -0.0, 0.0, 0.0, 0.0, 0.0, 1.0, 0.0, 0.0, 0.0, -0.000417, -0.012216, -3.7e-05, 0.000284, 3.3e-05, 0.0, 0.0, 0.00142, 0.0, 0.0, 0.000417, 0.012216, -3.7e-05, -0.000284, -3.3e-05, 0.0, 0.0, 0.013209, 0.0, 0.0, -0.0, 0.0, -0.396002, 0.0, 0.0, -0.0, 0.0, -0.008993, 0.0, 0.0], [0.0, 0.0, 0.0, 8.1e-05, 0.0, -0.0, 0.000893, 0.0, 0.0, 0.0, -0.000361, 0.00216, 0.0, 0.0, 0.0, 0.0, 0.0, 0.143687, 0.0, 0.0, 0.118107, 0.0, 0.0, 0.0, -0.264858, 0.017093, 0.0, 0.0, 0.0, 0.0, 0.0, 0.0, -0.0, -0.0, 0.0, 0.0, 0.0, 0.0, 0.0, 1.0, 0.0, 0.0, -4.7e-05, -0.001371, -4e-06, 3.3e-05, -1e-05, -0.0, 0.0, -0.000617, 0.0, 0.0, 4.7e-05, 0.001371, -4e-06, -3.3e-05, 1e-05, 0.0, 0.0, 0.020749, 0.0, 0.0, 0.0, 0.0, 0.220828, 0.0, 0.0, -0.0, 0.0, -0.453464, 0.0, 0.0], [0.00038, 0.016063, 0.059943, -0.0, -0.030671, -0.000579, 0.0, -0.108393, -0.00326, -0.031699, 0.0, 0.0, 0.05703, 0.002216, 0.049441, 0.124633, 0.059943, -0.0, 0.020344, -0.275426, 0.0, 0.12671, -0.161794, 0.020766, 0.0, 0.0, -0.307509, 0.226584, -0.0, -0.0, -0.0, 0.0, -0.0, -0.0, 0.0, 0.0, 0.0, 0.0, 0.0, 0.0, 1.0, 0.0, 0.000711, 0.020807, 0.000147, -0.000458, -6.2e-05, 0.006256, 0.034078, 0.0, -0.006226, 0.00394, 0.000711, 0.020807, -0.000147, -0.000458, -6.2e-05, -0.026246, -0.034126, 0.0, 0.040521, 0.022154, 0.184481, 0.035619, 0.0, -0.12227, -0.373473, -0.35075, -0.067702, 0.0, -0.020807, -0.142218], [1e-05, 0.000437, 0.001631, -0.0, -0.000916, 0.005942, 0.0, -0.003843, 0.065554, -0.000863, 0.0, 0.0, 0.002216, -0.024338, 0.088657, 0.223492, 0.107491, -0.0, -0.258536, 0.008413, 0.0, -0.015279, 0.122753, 0.037237, 0.0, 0.0, 0.226584, -0.027554, 0.0, 0.0, 0.0, -0.0, 0.0, -0.0, 0.0, 0.0, 0.0, 0.0, 0.0, 0.0, 0.0, 1.0, 0.000162, 0.004729, 3.3e-05, -0.00011, 3.6e-05, -0.006704, -0.036518, 0.0, 0.007576, -0.00214, 0.000162, 0.004729, -3.3e-05, -0.00011, 3.6e-05, 0.056185, 0.073052, 0.0, -0.037718, -0.078635, -0.298605, -0.057654, 0.0, -0.222241, -0.148927, 0.013918, 0.002686, 0.0, -0.452995, 0.014643], [0.056207, 0.311744, 0.457329, -0.31767, 0.20093, 0.110796, -0.457111, 0.289127, 0.15943, 0.196032, -0.290554, -0.160216, 0.063949, 0.101338, 0.000681, 0.01806, 0.109041, -0.013585, 0.029207, -0.005113, -0.114262, 0.245655, -0.043008, -0.015338, -0.041329, 0.007236, 0.043066, -0.015556, 2e-06, 0.000133, 0.009484, -8.6e-05, 0.000296, 3.3e-05, -0.010788, 0.037219, 0.004176, -0.000351, -0.000417, -4.7e-05, 0.000711, 0.000162, 1.0, 0.68486, -0.0, -0.0, -0.0, 0.059199, 0.228676, -0.039246, 0.027611, 0.062034, 0.058945, 0.228264, -0.078082, -0.0, -0.0, 0.003683, 0.069725, -0.00132, 0.002884, -0.002113, 1e-06, 0.001966, -0.0, 0.0, -0.0, 3.7e-05, 0.009476, -5e-06, 1.6e-05, 7e-06], [0.095759, 0.430213, 0.734047, -0.169708, 0.107342, 0.05919, -0.432054, 0.273279, 0.15069, 0.038406, -0.056925, -0.031389, 0.012529, 0.019854, 0.023722, 0.136647, 0.321909, -0.050827, 0.109274, -0.019131, -0.19295, 0.414829, -0.072625, -0.021837, -0.058842, 0.010302, 0.061314, -0.022148, 0.002184, 0.018748, 0.078113, -0.006444, 0.022231, 0.002494, -0.048307, 0.166653, 0.0187, -0.010275, -0.012216, -0.001371, 0.020807, 0.004729, 0.68486, 1.0, 0.0, 0.0, -0.0, 0.228676, 0.504307, -0.074741, 0.052582, 0.11814, 0.228264, 0.503739, -0.149194, 0.0, -0.0, 0.069725, 0.239626, -0.020898, 0.045653, -0.03345, 0.001966, 0.025287, -0.000444, 0.002006, -9.3e-05, 0.009476, 0.068266, -0.002433, 0.008453, 0.003915], [0.08364, 0.289197, 0.198062, -0.195636, 0.262628, 0.144818, 0.085549, 0.129582, 0.071454, -0.146191, -0.174051, -0.095975, 0.088721, 0.140594, 0.000184, 0.009305, 0.041613, -0.003658, 0.018179, -0.003183, 0.01916, 0.098647, -0.01727, -0.022171, -0.014155, 0.002478, 0.03416, -0.012339, 0.0, 1.9e-05, 0.002852, -6e-06, 4.9e-05, 5e-06, 0.001466, 0.012109, 0.001359, -8.9e-05, -3.7e-05, -4e-06, 0.000147, 3.3e-05, -0.0, 0.0, 1.0, 0.0, 0.0, 0.039246, 0.074741, -0.017646, 0.024317, 0.054635, 0.078082, 0.149194, -0.120528, 0.0, 0.0, 0.00132, 0.020898, -0.000209, 0.000896, -0.000656, 0.0, 0.000444, -0.0, 0.0, -0.0, 5e-06, 0.002433, -0.0, 1e-06, 0.0], [-0.052903, -0.18292, -0.125276, 0.262628, 0.053465, -0.091599, 0.129582, 0.208457, -0.045195, -0.304268, -0.107168, 0.140594, 0.172938, 0.037378, -0.000396, -0.020006, -0.089466, 0.018179, -0.034286, 0.006842, 0.098647, -0.147039, 0.03713, 0.015401, 0.061816, -0.012339, -0.054813, 0.023267, -1e-06, -6.4e-05, -0.009841, 4.9e-05, -0.00016, -1.9e-05, 0.012109, -0.0368, -0.004688, 0.000222, 0.000284, 3.3e-05, -0.000458, -0.00011, -0.0, 0.0, 0.0, 1.0, 0.0, -0.027611, -0.052582, 0.024317, -0.00019, -0.038437, -0.0, 0.0, 0.0, 0.016805, 0.0, -0.002884, -0.045653, 0.000896, -0.001756, 0.001434, -0.0, -0.002006, 0.0, -0.0, 0.0, -1.6e-05, -0.008453, 1e-06, -3e-06, -1e-06], [-0.029172, -0.100865, -0.069079, 0.144818, -0.091599, 0.169071, 0.071454, -0.045195, 0.265497, -0.167779, 0.140594, -0.284611, -0.157249, 0.180019, 6.9e-05, 0.003502, 0.015663, -0.003183, 0.006842, 0.0036, -0.01727, 0.03713, 0.058543, -0.002696, -0.012339, -0.006504, 0.016119, 0.013983, -0.0, -7e-06, -0.001104, 5e-06, -1.9e-05, 6e-06, 0.001359, -0.004688, 0.00445, 2.5e-05, 3.3e-05, -1e-05, -6.2e-05, 3.6e-05, -0.0, -0.0, 0.0, 0.0, 1.0, -0.062034, -0.11814, 0.054635, -0.038437, -0.06944, -0.0, -0.0, 0.0, 0.0, 0.016805, 0.002113, 0.03345, -0.000656, 0.001434, -0.00085, 0.0, 9.3e-05, -0.0, 0.0, 0.0, -7e-06, -0.003915, 0.0, -1e-06, -0.0], [0.056153, 0.311566, 0.457196, 0.0, -0.022545, -0.39106, -0.0, -0.032454, -0.562947, -0.201763, -0.0, -0.0, -0.347148, 0.04016, 0.000586, 0.016236, 0.103383, 0.0, 0.017567, -0.023769, -0.0, 0.15697, -0.212389, -0.029382, 0.0, -0.0, -0.014935, -0.04865, 4.1e-05, 0.002089, 0.037176, 0.0, 0.003966, -0.001724, -0.0, 0.110896, -0.048195, -0.005294, 0.0, -0.0, 0.006256, -0.006704, 0.059199, 0.228676, 0.039246, -0.027611, -0.062034, 1.0, 0.68486, -0.0, 0.0, 0.0, 0.059199, 0.228676, -0.039246, -0.027611, -0.062034, 0.000303, 0.023548, -0.0, 8.9e-05, -0.000192, 1e-05, 0.005372, -0.0, 3e-06, -2e-06, 0.005577, 0.083437, -0.0, 0.006093, 6.3e-05], [0.095733, 0.430114, 0.733926, 0.0, -0.012049, -0.209008, 0.0, -0.030679, -0.532152, -0.039547, 0.0, 0.0, -0.068044, 0.007872, 0.022521, 0.130904, 0.31216, 0.0, 0.070286, -0.095101, 0.0, 0.270815, -0.366426, -0.044757, 0.0, 0.0, -0.022751, -0.074109, 0.008297, 0.057194, 0.172749, 0.0, 0.056266, -0.024453, 0.0, 0.288303, -0.125295, -0.028838, 0.0, 0.0, 0.034078, -0.036518, 0.228676, 0.504307, 0.074741, -0.052582, -0.11814, 0.68486, 1.0, -0.0, 0.0, 0.0, 0.228676, 0.504307, -0.074741, -0.052582, -0.11814, 0.023548, 0.12113, -0.0, 0.009622, -0.020668, 0.005372, 0.047719, -0.0, 0.005026, -0.002358, 0.083437, 0.268197, -0.0, 0.070221, 0.000723], [0.0, 0.0, 0.0, 0.219403, 0.0, 0.0, 0.290331, 0.0, 0.0, 0.0, -0.025699, -0.445773, 0.0, 0.0, 0.0, 0.0, 0.0, 0.004173, -0.0, 0.0, 0.061513, 0.0, 0.0, 0.0, 0.010903, -0.014752, 0.0, 0.0, 0.0, 0.0, 0.0, 0.000288, -0.0, 0.0, 0.021015, 0.0, 0.0, 0.0, 0.00142, -0.000617, 0.0, 0.0, -0.039246, -0.074741, -0.017646, 0.024317, 0.054635, -0.0, -0.0, 1.0, 0.0, 0.0, 0.039246, 0.074741, -0.017646, -0.024317, -0.054635, -0.0, -0.0, 3e-06, 0.0, 0.0, -0.0, -0.0, 0.0, 0.0, 0.0, -0.0, -0.0, 0.000393, 0.0, 0.0], [0.005931, 0.020526, 0.014061, -0.0, 0.21731, -0.036295, 0.0, 0.289298, -0.017918, -0.005041, 0.0, 0.0, -0.059901, -0.441817, -0.000224, -0.011766, -0.056786, 0.0, -0.011206, 0.020808, 0.0, -0.029268, 0.122831, 0.026508, 0.0, 0.0, 0.027577, 0.039562, -2.4e-05, -0.001668, -0.035185, 0.0, -0.00352, 0.001655, 0.0, -0.0908, 0.048594, 0.00565, 0.0, 0.0, -0.006226, 0.007576, 0.027611, 0.052582, 0.024317, -0.00019, -0.038437, 0.0, 0.0, 0.0, 1.0, 0.0, 0.027611, 0.052582, -0.024317, -0.00019, -0.038437, -8.9e-05, -0.009622, 0.0, -1.2e-05, 3.3e-05, -3e-06, -0.005026, 0.0, -0.0, 0.0, -0.006093, -0.070221, 0.0, -0.005767, -6.3e-05], [0.102885, 0.356052, 0.243911, -0.0, -0.036295, -0.410166, 0.0, -0.017918, -0.02047, -0.087443, 0.0, 0.0, -0.147498, 0.042934, 0.000303, 0.01592, 0.076835, -0.0, 0.020808, -0.023982, 0.0, 0.122831, -0.104683, -0.035867, 0.0, 0.0, -0.007809, -0.062588, 1e-05, 0.000725, 0.015291, -0.0, 0.001655, -0.000431, 0.0, 0.048594, -0.000104, -0.002456, 0.0, 0.0, 0.00394, -0.00214, 0.062034, 0.11814, 0.054635, -0.038437, -0.06944, 0.0, 0.0, 0.0, 0.0, 1.0, 0.062034, 0.11814, -0.054635, -0.038437, -0.06944, 0.000192, 0.020668, 0.0, 3.3e-05, -6.8e-05, 2e-06, 0.002358, 0.0, 0.0, -0.0, -6.3e-05, -0.000723, 0.0, -6.3e-05, 0.000392], [0.056207, 0.311744, 0.457329, 0.31767, 0.20093, 0.110796, 0.457111, 0.289127, 0.15943, 0.196032, 0.290554, 0.160216, 0.063949, 0.101338, 0.000681, 0.01806, 0.109041, 0.013585, 0.029207, -0.005113, 0.114262, 0.245655, -0.043008, -0.015338, 0.041329, -0.007236, 0.043066, -0.015556, 2e-06, 0.000133, 0.009484, 8.6e-05, 0.000296, 3.3e-05, 0.010788, 0.037219, 0.004176, -0.000351, 0.000417, 4.7e-05, 0.000711, 0.000162, 0.058945, 0.228264, 0.078082, -0.0, -0.0, 0.059199, 0.228676, 0.039246, 0.027611, 0.062034, 1.0, 0.68486, -0.0, -0.0, -0.0, 0.003683, 0.069725, 0.00132, 0.002884, -0.002113, 1e-06, 0.001966, 0.0, 0.0, -0.0, 3.7e-05, 0.009476, 5e-06, 1.6e-05, 7e-06], [0.095759, 0.430213, 0.734047, 0.169708, 0.107342, 0.05919, 0.432054, 0.273279, 0.15069, 0.038406, 0.056925, 0.031389, 0.012529, 0.019854, 0.023722, 0.136647, 0.321909, 0.050827, 0.109274, -0.019131, 0.19295, 0.414829, -0.072625, -0.021837, 0.058842, -0.010302, 0.061314, -0.022148, 0.002184, 0.018748, 0.078113, 0.006444, 0.022231, 0.002494, 0.048307, 0.166653, 0.0187, -0.010275, 0.012216, 0.001371, 0.020807, 0.004729, 0.228264, 0.503739, 0.149194, 0.0, -0.0, 0.228676, 0.504307, 0.074741, 0.052582, 0.11814, 0.68486, 1.0, 0.0, 0.0, -0.0, 0.069725, 0.239626, 0.020898, 0.045653, -0.03345, 0.001966, 0.025287, 0.000444, 0.002006, -9.3e-05, 0.009476, 0.068266, 0.002433, 0.008453, 0.003915], [-0.08364, -0.289197, -0.198062, -0.195636, -0.262628, -0.144818, 0.085549, -0.129582, -0.071454, 0.146191, -0.174051, -0.095975, -0.088721, -0.140594, -0.000184, -0.009305, -0.041613, -0.003658, -0.018179, 0.003183, 0.01916, -0.098647, 0.01727, 0.022171, -0.014155, 0.002478, -0.03416, 0.012339, -0.0, -1.9e-05, -0.002852, -6e-06, -4.9e-05, -5e-06, 0.001466, -0.012109, -0.001359, 8.9e-05, -3.7e-05, -4e-06, -0.000147, -3.3e-05, -0.078082, -0.149194, -0.120528, 0.0, 0.0, -0.039246, -0.074741, -0.017646, -0.024317, -0.054635, -0.0, 0.0, 1.0, 0.0, 0.0, -0.00132, -0.020898, -0.000209, -0.000896, 0.000656, -0.0, -0.000444, -0.0, -0.0, 0.0, -5e-06, -0.002433, -0.0, -1e-06, -0.0], [-0.052903, -0.18292, -0.125276, -0.262628, 0.053465, -0.091599, -0.129582, 0.208457, -0.045195, -0.304268, 0.107168, -0.140594, 0.172938, 0.037378, -0.000396, -0.020006, -0.089466, -0.018179, -0.034286, 0.006842, -0.098647, -0.147039, 0.03713, 0.015401, -0.061816, 0.012339, -0.054813, 0.023267, -1e-06, -6.4e-05, -0.009841, -4.9e-05, -0.00016, -1.9e-05, -0.012109, -0.0368, -0.004688, 0.000222, -0.000284, -3.3e-05, -0.000458, -0.00011, -0.0, 0.0, 0.0, 0.016805, 0.0, -0.027611, -0.052582, -0.024317, -0.00019, -0.038437, -0.0, 0.0, 0.0, 1.0, 0.0, -0.002884, -0.045653, -0.000896, -0.001756, 0.001434, -0.0, -0.002006, -0.0, -0.0, 0.0, -1.6e-05, -0.008453, -1e-06, -3e-06, -1e-06], [-0.029172, -0.100865, -0.069079, -0.144818, -0.091599, 0.169071, -0.071454, -0.045195, 0.265497, -0.167779, -0.140594, 0.284611, -0.157249, 0.180019, 6.9e-05, 0.003502, 0.015663, 0.003183, 0.006842, 0.0036, 0.01727, 0.03713, 0.058543, -0.002696, 0.012339, 0.006504, 0.016119, 0.013983, -0.0, -7e-06, -0.001104, -5e-06, -1.9e-05, 6e-06, -0.001359, -0.004688, 0.00445, 2.5e-05, -3.3e-05, 1e-05, -6.2e-05, 3.6e-05, -0.0, -0.0, 0.0, 0.0, 0.016805, -0.062034, -0.11814, -0.054635, -0.038437, -0.06944, -0.0, -0.0, 0.0, 0.0, 1.0, 0.002113, 0.03345, 0.000656, 0.001434, -0.00085, 0.0, 9.3e-05, 0.0, 0.0, 0.0, -7e-06, -0.003915, -0.0, -1e-06, -0.0], [0.000448, 0.013387, 0.093871, 0.0, -0.015394, 0.019335, -0.0, -0.153428, 0.19271, -0.02516, -0.0, 0.0, -0.009765, -0.04247, 0.057602, 0.316315, 0.460727, 0.0, -0.01119, 0.395845, -0.0, -0.015933, 0.563623, -0.202485, -0.0, 0.0, -0.350154, -0.019813, 0.000835, 0.020824, 0.117099, 0.0, 0.019976, 0.03138, -0.0, 0.154902, 0.24333, -0.035803, 0.0, 0.0, -0.026246, 0.056185, 0.003683, 0.069725, 0.00132, -0.002884, 0.002113, 0.000303, 0.023548, -0.0, -8.9e-05, 0.000192, 0.003683, 0.069725, -0.00132, -0.002884, 0.002113, 1.0, 0.68486, -0.0, -0.0, -0.0, 0.006722, 0.090447, -0.0, 0.006454, 0.003851, 0.000377, 0.025891, -0.0, 0.000102, 0.000253], [0.020497, 0.121101, 0.295242, 0.0, -0.069524, 0.087323, 0.0, -0.27518, 0.345634, -0.043297, 0.0, 0.0, -0.016805, -0.073085, 0.09645, 0.432748, 0.737166, 0.0, -0.00591, 0.209052, 0.0, -0.015014, 0.531124, -0.039207, 0.0, 0.0, -0.0678, -0.003836, 0.02543, 0.144725, 0.335428, 0.0, 0.068298, 0.107288, 0.0, 0.254174, 0.399275, -0.046552, 0.0, 0.0, -0.034126, 0.073052, 0.069725, 0.239626, 0.020898, -0.045653, 0.03345, 0.023548, 0.12113, -0.0, -0.009622, 0.020668, 0.069725, 0.239626, -0.020898, -0.045653, 0.03345, 0.68486, 1.0, -0.0, 0.0, -0.0, 0.090447, 0.282118, -0.0, 0.064486, 0.038482, 0.025891, 0.128577, -0.0, 0.00928, 0.023097], [0.0, 0.0, 0.0, 0.003242, 0.0, -0.0, 0.055595, 0.0, 0.0, 0.0, -0.00909, 0.011418, 0.0, 0.0, 0.0, 0.0, 0.0, 0.224159, 0.0, -0.0, 0.292662, 0.0, 0.0, 0.0, -0.012775, 0.451926, 0.0, 0.0, 0.0, 0.0, 0.0, 0.005782, -0.0, -0.0, 0.070087, 0.0, 0.0, 0.0, 0.013209, 0.020749, 0.0, 0.0, -0.00132, -0.020898, -0.000209, 0.000896, -0.000656, -0.0, -0.0, 3e-06, 0.0, 0.0, 0.00132, 0.020898, -0.000209, -0.000896, 0.000656, -0.0, -0.0, 1.0, 0.0, 0.0, -0.0, -0.0, 0.000531, 0.0, 0.0, -0.0, -0.0, 5e-06, 0.0, 0.0], [0.000178, 0.009893, 0.054834, -0.0, -0.010502, 0.017263, 0.0, -0.038873, 0.118655, -0.023425, 0.0, 0.0, -0.020219, -0.036983, 0.003004, 0.010156, 0.00691, -0.0, 0.223651, 0.017975, 0.0, 0.292415, 0.008747, -0.002359, 0.0, 0.0, -0.02961, 0.450974, -0.000295, -0.014093, -0.05692, 0.0, -0.010549, -0.025654, 0.0, -0.009075, -0.124354, 0.029631, 0.0, 0.0, 0.040521, -0.037718, 0.002884, 0.045653, 0.000896, -0.001756, 0.001434, 8.9e-05, 0.009622, 0.0, -1.2e-05, 3.3e-05, 0.002884, 0.045653, -0.000896, -0.001756, 0.001434, -0.0, 0.0, 0.0, 1.0, 0.0, -0.006454, -0.064486, 0.0, -0.005374, -0.003524, -0.000102, -0.00928, 0.0, -1.2e-05, -4.2e-05], [-0.000223, -0.012426, -0.068873, 0.0, 0.017263, -0.018441, 0.0, 0.118655, -0.093439, 0.029422, 0.0, 0.0, 0.002561, 0.051702, -0.10627, -0.359252, -0.244423, 0.0, 0.017975, -0.411685, 0.0, 0.008747, -0.016747, 0.083444, 0.0, 0.0, 0.143577, 0.02092, -0.000463, -0.022139, -0.089414, 0.0, -0.025654, -0.034516, 0.0, -0.124354, -0.125256, 0.046547, 0.0, 0.0, 0.022154, -0.078635, -0.002113, -0.03345, -0.000656, 0.001434, -0.00085, -0.000192, -0.020668, 0.0, 3.3e-05, -6.8e-05, -0.002113, -0.03345, 0.000656, 0.001434, -0.00085, -0.0, -0.0, 0.0, 0.0, 1.0, -0.003851, -0.038482, 0.0, -0.003524, -0.001572, -0.000253, -0.023097, 0.0, -4.2e-05, -9.9e-05], [0.0, 2.7e-05, 0.004328, 0.0, -6.6e-05, 9e-06, -0.0, -0.019647, 0.002817, -0.000106, -0.0, 0.0, 0.000176, -5.1e-05, 0.000772, 0.019704, 0.113902, 0.0, -0.035261, -0.002503, -0.0, -0.282194, -0.020032, -0.034274, -0.0, -0.0, 0.058769, 0.008386, 0.057945, 0.317431, 0.461553, 0.0, -0.346737, 0.193356, -0.0, -0.49244, 0.274606, -0.202647, -0.0, 0.0, 0.184481, -0.298605, 1e-06, 0.001966, 0.0, -0.0, 0.0, 1e-05, 0.005372, -0.0, -3e-06, 2e-06, 1e-06, 0.001966, -0.0, -0.0, 0.0, 0.006722, 0.090447, -0.0, -0.006454, -0.003851, 1.0, 0.68486, -0.0, -0.0, 0.0, 0.045623, 0.204998, -0.0, -0.029856, 0.052001], [0.001015, 0.009841, 0.049449, 0.0, -0.012869, 0.001845, 0.0, -0.120012, 0.017209, -0.008137, 0.0, 0.0, 0.013525, -0.00396, 0.024753, 0.141534, 0.330114, 0.0, -0.124851, -0.008863, 0.0, -0.468236, -0.033238, -0.046164, 0.0, 0.0, 0.079156, 0.011295, 0.096618, 0.433364, 0.737923, 0.0, -0.182608, 0.10183, 0.0, -0.463707, 0.258583, -0.039127, 0.0, 0.0, 0.035619, -0.057654, 0.001966, 0.025287, 0.000444, -0.002006, 9.3e-05, 0.005372, 0.047719, -0.0, -0.005026, 0.002358, 0.001966, 0.025287, -0.000444, -0.002006, 9.3e-05, 0.090447, 0.282118, -0.0, -0.064486, -0.038482, 0.68486, 1.0, -0.0, -0.0, 0.0, 0.204998, 0.470984, -0.0, -0.069376, 0.120833], [0.0, 0.0, 0.0, 1e-06, 0.0, 0.0, 0.00217, 0.0, 0.0, 0.0, -7e-06, 1e-06, 0.0, 0.0, 0.0, 0.0, 0.0, 0.005378, 0.0, 0.0, 0.068085, 0.0, 0.0, 0.0, -0.022992, -0.001632, 0.0, 0.0, 0.0, 0.0, 0.0, 0.225282, 0.0, -0.0, 0.293208, 0.0, 0.0, 0.0, -0.396002, 0.220828, 0.0, 0.0, -0.0, -0.000444, -0.0, 0.0, -0.0, -0.0, -0.0, 0.0, 0.0, 0.0, 0.0, 0.000444, -0.0, -0.0, 0.0, -0.0, -0.0, 0.000531, 0.0, 0.0, -0.0, -0.0, 1.0, 0.0, 0.0, -0.0, -0.0, 0.011257, 0.0, 0.0], [0.0, 1e-05, 0.004664, 0.0, -2.6e-05, 4e-06, 0.0, -0.020934, 0.003313, -5e-05, 0.0, 0.0, 8.4e-05, -2.6e-05, 0.000503, 0.024594, 0.103336, -0.0, -0.047786, -0.003774, 0.0, -0.201168, -0.019113, -0.052537, 0.0, 0.0, 0.089854, 0.01447, 0.093526, 0.314443, 0.213598, -0.0, -0.260948, 0.271143, 0.0, 0.057396, 0.131499, -0.072056, 0.0, 0.0, -0.12227, -0.222241, 0.0, 0.002006, 0.0, -0.0, 0.0, 3e-06, 0.005026, 0.0, -0.0, 0.0, 0.0, 0.002006, -0.0, -0.0, 0.0, 0.006454, 0.064486, 0.0, -0.005374, -0.003524, -0.0, -0.0, 0.0, 1.0, 0.0, 0.029856, 0.069376, 0.0, -0.013787, 0.04362], [-0.0, -1e-06, -0.000669, 0.0, 4e-06, 0.0, 0.0, 0.003313, 0.001695, 7e-06, 0.0, 0.0, -1.4e-05, -3e-06, 3.6e-05, 0.001746, 0.007335, -0.0, -0.003774, 0.00511, 0.0, -0.019113, 0.066728, -0.003729, 0.0, 0.0, 0.009643, -0.021849, -0.052154, -0.175347, -0.119112, 0.0, 0.271143, 0.074081, 0.0, 0.131499, 0.219878, 0.040181, 0.0, 0.0,