{"coordinates": [[[10.0, 9.431, 10.0], [8.742, 10.284, 10.0], [11.257, 10.284, 10.0], [10.0, 8.781, 10.882], [10.0, 8.781, 9.117], [8.703, 10.924, 10.887], [8.703, 10.924, 9.112], [7.852, 9.64, 9.999], [12.147, 9.64, 10.0], [11.296, 10.924, 10.887], [11.296, 10.924, 9.112]]], "HF": [-119.1316506759], "elements": [["C", "C", "C", "H", "H", "H", "H", "H", "H", "H", "H"]], "S": [[[1.0, -0.2157, 0.19014, -0.0, -0.0, -0.0, 0.0, 0.0, 0.0, -0.0, 0.0, 0.0, -0.0, 0.0, 0.000281, 0.010955, 0.054438, 0.0, 0.019609, -0.013311, 0.0, 0.098199, -0.066656, -0.031216, 0.0, -0.0, 0.01996, -0.050249, 0.000281, 0.010952, 0.054433, 0.0, -0.019604, -0.013308, 0.0, -0.09819, -0.066658, -0.03121, -0.0, -0.0, 0.01995, 0.050241, 0.05598, 0.095646, -0.082687, 0.0, 0.060853, 0.05598, 0.095646, 0.082687, 0.0, 0.060853, 0.000559, 0.022159, -0.000147, 0.000215, -0.000247, 0.00056, 0.022163, 0.000147, 0.000215, -0.000248, 0.000587, 0.022536, 0.0, 0.000376, -3.8e-05, 0.000587, 0.022536, 0.0, -0.000376, -3.8e-05, 0.00056, 0.02216, -0.000147, -0.000215, -0.000247, 0.00056, 0.02216, 0.000147, -0.000215, -0.000247], [-0.2157, 1.0, 0.718332, 0.0, 0.0, 0.0, -0.0, -0.0, -0.0, 0.0, 0.0, 0.0, -0.0, 0.0, 0.010955, 0.12522, 0.27345, 0.0, 0.156664, -0.106341, -0.0, 0.385192, -0.261462, -0.126952, 0.0, -0.0, 0.081174, -0.204356, 0.010952, 0.125202, 0.27343, 0.0, -0.156639, -0.106337, -0.0, -0.385165, -0.261475, -0.126943, -0.0, -0.0, 0.081146, 0.204351, 0.310994, 0.429795, -0.286967, 0.0, 0.211193, 0.310994, 0.429795, 0.286967, 0.0, 0.211193, 0.015706, 0.129163, -0.007802, 0.011404, -0.013131, 0.015711, 0.129181, 0.007805, 0.011407, -0.013138, 0.016258, 0.130975, 1e-06, 0.019726, -0.001992, 0.016258, 0.130975, 0.0, -0.019726, -0.001992, 0.015708, 0.12917, -0.007803, -0.011405, -0.013134, 0.015708, 0.12917, 0.007803, -0.011405, -0.013134], [0.19014, 0.718332, 1.0, 0.0, 0.0, 0.0, -0.0, -0.0, 0.0, 0.0, 0.0, 0.0, -0.0, 0.0, 0.054438, 0.27345, 0.517973, 0.0, 0.184954, -0.125544, -0.0, 0.49945, -0.339019, -0.072892, 0.0, 0.0, 0.046608, -0.117335, 0.054433, 0.27343, 0.517947, 0.0, -0.18494, -0.125549, -0.0, -0.499427, -0.339043, -0.072892, 0.0, 0.0, 0.046595, 0.11734, 0.456768, 0.733533, -0.196751, 0.0, 0.144798, 0.456768, 0.733533, 0.196751, 0.0, 0.144798, 0.101681, 0.309183, -0.038564, 0.056365, -0.064901, 0.101698, 0.309214, 0.038566, 0.056367, -0.064918, 0.103453, 0.312282, 4e-06, 0.095113, -0.009606, 0.103453, 0.312282, 0.0, -0.095113, -0.009606, 0.101687, 0.309194, -0.038562, -0.056365, -0.06491, 0.101687, 0.309194, 0.038562, -0.056365, -0.06491], [-0.0, 0.0, 0.0, 1.0, 0.0, 0.0, 0.530759, 0.0, 0.0, -0.0, -0.0, -0.0, 0.0, 0.0, 0.0, 0.0, 0.0, 0.069681, 0.0, 0.0, 0.195647, -0.0, 0.0, 0.0, 0.155038, -0.105237, -0.0, 0.0, 0.0, 0.0, 0.0, 0.069669, 0.0, 0.0, 0.195633, 0.0, 0.0, 0.0, -0.155011, -0.105231, -0.0, -0.0, 0.315063, 0.168635, -0.190534, -0.0, 0.301271, -0.315063, -0.168635, -0.190534, 0.0, -0.301271, 0.011732, 0.047929, -0.003045, 0.010291, -0.011849, -0.011734, -0.047931, -0.003045, -0.010293, 0.011854, -1e-06, -5e-06, 0.004181, -2e-06, 0.0, 0.0, 0.0, 0.004181, 0.0, 0.0, 0.011732, 0.047926, -0.003044, -0.01029, -0.01185, -0.011732, -0.047926, -0.003044, 0.01029, 0.01185], [-0.0, 0.0, 0.0, 0.0, 1.0, 0.0, 0.0, 0.530759, 0.0, 0.0, -0.0, 0.0, -0.0, -0.0, -0.019609, -0.156664, -0.184954, 0.0, -0.160466, 0.15622, 0.0, -0.071263, 0.181174, 0.124383, 0.0, -0.0, 0.018273, 0.23907, 0.019604, 0.156639, 0.18494, 0.0, -0.160436, -0.15621, -0.0, -0.071257, -0.181182, -0.124376, 0.0, 0.0, -0.018298, 0.239054, 0.0, 0.0, 0.0, 0.218831, -0.0, 0.0, 0.0, -0.0, 0.218831, -0.0, -0.017147, -0.070055, 0.010291, -0.011045, 0.017319, -0.017151, -0.070054, -0.010293, -0.011046, 0.017325, -0.029443, -0.117704, -2e-06, -0.038976, 0.004359, 0.029443, 0.117704, -0.0, -0.038976, -0.004359, 0.017148, 0.070053, -0.01029, -0.011045, -0.017322, 0.017148, 0.070053, 0.01029, -0.011045, -0.017322], [-0.0, 0.0, 0.0, 0.0, 0.0, 1.0, 0.0, 0.0, 0.530759, 0.0, 0.0, -0.0, 0.0, -0.0, 0.013311, 0.106341, 0.125544, 0.0, 0.15622, -0.036359, -0.0, 0.181174, 0.072669, -0.084429, -0.0, 0.0, 0.198072, -0.078673, 0.013308, 0.106337, 0.125549, 0.0, -0.15621, -0.036376, -0.0, -0.181182, 0.072635, -0.084434, 0.0, 0.0, 0.198041, 0.078712, -0.23187, -0.124106, 0.301271, 0.0, -0.002888, -0.23187, -0.124106, -0.301271, 0.0, -0.002888, 0.019744, 0.080664, -0.011849, 0.017319, -0.015946, 0.019752, 0.080681, 0.011854, 0.017325, -0.015956, 0.002974, 0.011888, 0.0, 0.004359, 0.00374, 0.002974, 0.011888, -0.0, -0.004359, 0.00374, 0.019748, 0.080673, -0.01185, -0.017322, -0.015951, 0.019748, 0.080673, 0.01185, -0.017322, -0.015951], [0.0, -0.0, -0.0, 0.530759, 0.0, 0.0, 1.0, 0.0, 0.0, 0.0, 0.0, 0.0, 0.0, 0.0, 0.0, -0.0, -0.0, 0.195647, -0.0, 0.0, 0.535116, 0.0, 0.0, 0.0, 0.175795, -0.119327, 0.0, 0.0, 0.0, -0.0, -0.0, 0.195633, 0.0, 0.0, 0.535092, 0.0, 0.0, 0.0, -0.175782, -0.119332, 0.0, 0.0, 0.45415, 0.42947, 0.087603, 0.0, 0.14899, -0.45415, -0.42947, 0.087603, 0.0, -0.14899, 0.106821, 0.185529, 0.017788, 0.062358, -0.071802, -0.106827, -0.185526, 0.017801, -0.062353, 0.071811, -1.2e-05, -2.1e-05, 0.061556, -1.2e-05, 1e-06, -0.0, 0.0, 0.061556, 0.0, 0.0, 0.106815, 0.185515, 0.017799, -0.06235, -0.071803, -0.106815, -0.185515, 0.017799, 0.06235, 0.071803], [0.0, -0.0, -0.0, 0.0, 0.530759, 0.0, 0.0, 1.0, 0.0, 0.0, 0.0, 0.0, 0.0, 0.0, -0.098199, -0.385192, -0.49945, 0.0, -0.071263, 0.181174, 0.0, 0.077005, 0.310959, -0.002011, 0.0, 0.0, 0.112184, 0.040814, 0.09819, 0.385165, 0.499427, -0.0, -0.071257, -0.181182, 0.0, 0.077001, -0.310981, 0.002003, 0.0, 0.0, -0.112188, 0.040816, -0.0, 0.0, 0.0, 0.290049, 0.0, -0.0, 0.0, 0.0, 0.290049, 0.0, -0.156133, -0.271174, 0.062358, -0.030693, 0.104947, -0.156134, -0.271159, -0.062353, -0.03067, 0.104957, -0.262891, -0.453431, -1.2e-05, -0.192919, 0.025702, 0.262891, 0.453431, 0.0, -0.192919, -0.025702, 0.15613, 0.271163, -0.06235, -0.03068, -0.104953, 0.15613, 0.271163, 0.06235, -0.03068, -0.104953], [0.0, -0.0, 0.0, 0.0, 0.0, 0.530759, 0.0, 0.0, 1.0, 0.0, 0.0, 0.0, 0.0, 0.0, 0.066656, 0.261462, 0.339019, -0.0, 0.181174, 0.072669, 0.0, 0.310959, 0.324042, 0.001365, 0.0, 0.0, 0.162505, 0.067094, 0.066658, 0.261475, 0.339043, -0.0, -0.181182, 0.072635, 0.0, -0.310981, 0.323978, 0.00136, 0.0, 0.0, 0.162503, -0.067063, -0.334231, -0.316067, 0.14899, 0.0, 0.1804, -0.334231, -0.316067, -0.14899, 0.0, 0.1804, 0.179777, 0.312241, -0.071802, 0.104947, -0.060388, 0.179819, 0.312291, 0.071811, 0.104957, -0.060415, 0.026552, 0.045797, 1e-06, 0.025702, 0.05896, 0.026552, 0.045797, 0.0, -0.025702, 0.05896, 0.179799, 0.312272, -0.071803, -0.104953, -0.060408, 0.179799, 0.312272, 0.071803, -0.104953, -0.060408], [-0.0, 0.0, 0.0, -0.0, 0.0, 0.0, 0.0, 0.0, 0.0, 1.0, 0.0, 0.0, 0.0, 0.0, -0.031216, -0.126952, -0.072892, 0.0, -0.124383, 0.084429, 0.0, 0.002011, -0.001365, 0.124531, 0.0, 0.0, -0.013367, 0.033651, -0.03121, -0.126943, -0.072892, 0.0, 0.124376, 0.084434, 0.0, -0.002003, -0.00136, 0.124525, 0.0, 0.0, -0.01337, -0.033671, 0.190784, 0.037451, 0.151397, 0.0, 0.346292, 0.190784, 0.037451, -0.151397, 0.0, 0.346292, -0.014231, -0.022138, 0.01923, -0.00983, 0.011319, -0.014237, -0.022143, -0.019237, -0.009834, 0.011325, -0.029414, -0.044767, -4e-06, -0.044426, 0.004487, -0.029414, -0.044767, 0.0, 0.044426, 0.004487, -0.014235, -0.022143, 0.019233, 0.009833, 0.011324, -0.014235, -0.022143, -0.019233, 0.009833, 0.011324], [0.0, 0.0, 0.0, -0.0, -0.0, 0.0, 0.0, 0.0, 0.0, 0.0, 1.0, 0.0, 0.0, 0.0, -0.0, -0.0, 0.0, -0.155038, 0.0, -0.0, -0.175795, 0.0, 0.0, 0.0, -0.218013, 0.218323, 0.0, 0.0, 0.0, 0.0, 0.0, 0.155011, 0.0, 0.0, 0.175782, 0.0, 0.0, 0.0, -0.217976, -0.218312, 0.0, 0.0, 0.0, 0.0, 0.0, 0.359075, 0.0, -0.0, 0.0, 0.0, -0.359075, 0.0, -0.024271, -0.037757, 0.008027, -0.019936, 0.031268, 0.024273, 0.037753, 0.008025, 0.019934, -0.031276, 5e-06, 7e-06, -0.018281, 8e-06, -1e-06, 0.0, 0.0, 0.018281, 0.0, 0.0, 0.02427, 0.037752, -0.008023, -0.019933, -0.031269, -0.02427, -0.037752, -0.008023, 0.019933, 0.031269], [0.0, 0.0, 0.0, -0.0, 0.0, -0.0, 0.0, 0.0, 0.0, 0.0, 0.0, 1.0, 0.0, 0.0, 0.0, 0.0, 0.0, 0.105237, -0.0, 0.0, 0.119327, 0.0, 0.0, 0.0, 0.218323, -0.044569, 0.0, 0.0, 0.0, 0.0, 0.0, 0.105231, 0.0, 0.0, 0.119332, 0.0, 0.0, 0.0, -0.218312, -0.044596, 0.0, 0.0, -0.333509, -0.065468, 0.195887, 0.0, 0.020431, 0.333509, 0.065468, 0.195887, 0.0, -0.020431, 0.027947, 0.043475, -0.009242, 0.031268, -0.028784, -0.027956, -0.043479, -0.009242, -0.031276, 0.028798, -0.0, -1e-06, 0.001846, -1e-06, -1e-06, 0.0, 0.0, 0.001846, 0.0, 0.0, 0.027949, 0.043475, -0.00924, -0.031269, -0.02879, -0.027949, -0.043475, -0.00924, 0.031269, 0.02879], [-0.0, -0.0, -0.0, 0.0, -0.0, 0.0, 0.0, 0.0, 0.0, 0.0, 0.0, 0.0, 1.0, 0.0, 0.01996, 0.081174, 0.046608, -0.0, -0.018273, -0.198072, 0.0, -0.112184, -0.162505, -0.013367, 0.0, 0.0, -0.293632, -0.18271, 0.01995, 0.081146, 0.046595, -0.0, 0.018298, -0.198041, 0.0, 0.112188, -0.162503, -0.01337, 0.0, 0.0, -0.293646, 0.182664, -0.122722, -0.02409, 0.169322, 0.0, 0.139648, -0.122722, -0.02409, -0.169322, 0.0, 0.139648, -0.005779, -0.00899, 0.004424, -0.017018, -0.004705, -0.00579, -0.009005, -0.004432, -0.017033, -0.004697, 0.049918, 0.075974, 4e-06, 0.075025, -0.01127, 0.049918, 0.075974, 0.0, -0.075025, -0.01127, -0.005786, -0.009, 0.004428, 0.017026, -0.004699, -0.005786, -0.009, -0.004428, 0.017026, -0.004699], [0.0, 0.0, 0.0, 0.0, -0.0, -0.0, 0.0, 0.0, 0.0, 0.0, 0.0, 0.0, 0.0, 1.0, -0.050249, -0.204356, -0.117335, 0.0, -0.23907, 0.078673, 0.0, -0.040814, -0.067094, 0.033651, 0.0, 0.0, -0.18271, 0.093765, 0.050241, 0.204351, 0.11734, -0.0, -0.239054, -0.078712, 0.0, -0.040816, 0.067063, -0.033671, 0.0, 0.0, 0.182664, 0.093823, -0.0, 0.0, 0.0, -0.264261, 0.0, -0.0, 0.0, 0.0, -0.264261, 0.0, -0.040848, -0.063544, 0.031268, -0.033552, 0.042071, -0.040859, -0.063548, -0.031276, -0.033555, 0.04209, -0.010187, -0.015505, -1e-06, -0.017196, -0.016357, 0.010187, 0.015505, 0.0, -0.017196, 0.016357, 0.040852, 0.063547, -0.031269, -0.033552, -0.042081, 0.040852, 0.063547, 0.031269, -0.033552, -0.042081], [0.000281, 0.010955, 0.054438, 0.0, -0.019609, 0.013311, 0.0, -0.098199, 0.066656, -0.031216, -0.0, 0.0, 0.01996, -0.050249, 1.0, -0.2157, 0.19014, -0.0, -0.0, -0.0, 0.0, 0.0, 0.0, -0.0, 0.0, 0.0, -0.0, 0.0, 1e-06, 5.9e-05, 0.006277, 0.0, -0.000134, -0.0, 0.0, -0.024844, -1e-06, -0.000202, -0.0, -0.0, 0.000351, 0.0, 0.000618, 0.022932, -0.000164, -0.000233, 0.000279, 0.000618, 0.022932, 0.000164, -0.000233, 0.000279, 0.056129, 0.09572, -0.083482, 0.003745, -0.060215, 0.056134, 0.095723, 0.083485, 0.003726, -0.060233, 0.056182, 0.095747, 9e-06, 0.083895, 0.059963, 0.0, 0.001069, 0.0, -0.0, 0.0, 2.1e-05, 0.006299, -4e-06, -1.2e-05, -3e-06, 2.1e-05, 0.006299, 4e-06, -1.2e-05, -3e-06], [0.010955, 0.12522, 0.27345, 0.0, -0.156664, 0.106341, -0.0, -0.385192, 0.261462, -0.126952, -0.0, 0.0, 0.081174, -0.204356, -0.2157, 1.0, 0.718332, 0.0, 0.0, 0.0, -0.0, -0.0, -0.0, 0.0, 0.0, 0.0, -0.0, 0.0, 5.9e-05, 0.003302, 0.049835, 0.0, -0.006967, -0.0, -0.0, -0.15165, -6e-06, -0.008753, -0.0, -0.0, 0.015161, 1e-06, 0.016849, 0.132875, -0.008479, -0.01208, 0.01444, 0.016849, 0.132875, 0.008479, -0.01208, 0.01444, 0.311486, 0.430069, -0.289021, 0.012964, -0.208468, 0.311503, 0.430079, 0.289005, 0.0129, -0.208512, 0.311662, 0.430168, 3.3e-05, 0.290197, 0.207414, 3e-05, 0.010284, 0.0, -1.1e-05, 2e-06, 0.001185, 0.045464, -0.000296, -0.000853, -0.000214, 0.001185, 0.045464, 0.000296, -0.000853, -0.000214], [0.054438, 0.27345, 0.517973, 0.0, -0.184954, 0.125544, -0.0, -0.49945, 0.339019, -0.072892, 0.0, 0.0, 0.046608, -0.117335, 0.19014, 0.718332, 1.0, 0.0, 0.0, 0.0, -0.0, -0.0, -0.0, 0.0, 0.0, 0.0, -0.0, 0.0, 0.006277, 0.049835, 0.165074, 0.0, -0.061234, -2e-06, -0.0, -0.327717, -1.3e-05, -0.033909, 0.0, 0.0, 0.058732, 5e-06, 0.105318, 0.315519, -0.039852, -0.056774, 0.067866, 0.105318, 0.315519, 0.039852, -0.056774, 0.067866, 0.457136, 0.73387, -0.198016, 0.008882, -0.142827, 0.457149, 0.733882, 0.197999, 0.008838, -0.142853, 0.457268, 0.733991, 2.2e-05, 0.19877, 0.142068, 0.004566, 0.051015, 0.0, -0.004888, 0.000914, 0.028037, 0.146675, -0.009401, -0.027061, -0.006782, 0.028037, 0.146675, 0.009401, -0.027061, -0.006782], [0.0, 0.0, 0.0, 0.069681, 0.0, 0.0, 0.195647, 0.0, -0.0, 0.0, -0.155038, 0.105237, -0.0, 0.0, -0.0, 0.0, 0.0, 1.0, 0.0, 0.0, 0.530759, 0.0, 0.0, -0.0, 0.0, -0.0, 0.0, 0.0, 0.0, 0.0, 0.0, 0.001242, 0.0, 0.0, 0.034758, 0.0, 0.0, 0.0, -0.005572, -0.0, -0.0, -0.0, 0.012561, 0.049098, -0.003256, -0.010879, 0.013005, -0.012561, -0.049098, -0.003256, 0.010879, -0.013005, 0.317422, 0.169686, -0.195572, 0.01861, -0.299258, -0.317408, -0.169671, -0.195495, -0.018516, 0.299296, -3.6e-05, -1.9e-05, 0.219498, -4.7e-05, -3.4e-05, 0.0, 0.0, 1e-06, 0.0, 0.0, 0.000806, 0.01614, -0.000104, -0.000695, -0.000174, -0.000806, -0.01614, -0.000104, 0.000695, 0.000174], [0.019609, 0.156664, 0.184954, 0.0, -0.160466, 0.15622, -0.0, -0.071263, 0.181174, -0.124383, 0.0, -0.0, -0.018273, -0.23907, -0.0, 0.0, 0.0, 0.0, 1.0, 0.0, 0.0, 0.530759, 0.0, -0.0, -0.0, 0.0, 0.0, -0.0, 0.000134, 0.006967, 0.061234, 0.0, -0.014183, -1e-06, -0.0, -0.15404, -8e-06, -0.016804, 0.0, 0.0, 0.029106, 3e-06, 0.017895, 0.069947, -0.010879, -0.011118, 0.018527, 0.017895, 0.069947, 0.010879, -0.011118, 0.018527, -0.014238, -0.007611, 0.01861, 0.218488, 0.013423, -0.014167, -0.007573, -0.018516, 0.218513, 0.013359, -0.318751, -0.17032, -4.7e-05, -0.19865, -0.298865, 7.3e-05, 0.013303, 0.0, -2.9e-05, 6e-06, 0.002319, 0.046461, -0.000695, -0.001862, -0.000501, 0.002319, 0.046461, 0.000695, -0.001862, -0.000501], [-0.013311, -0.106341, -0.125544, 0.0, 0.15622, -0.036359, 0.0, 0.181174, 0.072669, 0.084429, -0.0, 0.0, -0.198072, 0.078673, -0.0, 0.0, 0.0, 0.0, 0.0, 1.0, 0.0, 0.0, 0.530759, 0.0, 0.0, -0.0, 0.0, 0.0, 0.0, 0.0, 2e-06, 0.0, -1e-06, 0.001242, -0.0, -8e-06, 0.034758, -1e-06, 0.0, -0.0, 2e-06, -0.005572, -0.021391, -0.083613, 0.013005, 0.018527, -0.017766, -0.021391, -0.083613, -0.013005, 0.018527, -0.017766, 0.228953, 0.122393, -0.299258, 0.013423, 0.00347, 0.229004, 0.122415, 0.299296, 0.013359, 0.003402, -0.227822, -0.121734, -3.4e-05, -0.298865, 0.005889, -1.4e-05, -0.002487, 0.0, 6e-06, 0.0, 0.000581, 0.011645, -0.000174, -0.000501, 1.2e-05, 0.000581, 0.011645, 0.000174, -0.000501, 1.2e-05], [0.0, -0.0, -0.0, 0.195647, 0.0, -0.0, 0.535116, 0.0, 0.0, 0.0, -0.175795, 0.119327, 0.0, 0.0, 0.0, -0.0, -0.0, 0.530759, 0.0, 0.0, 1.0, 0.0, 0.0, 0.0, 0.0, 0.0, 0.0, 0.0, 0.0, -0.0, -0.0, 0.034758, 0.0, 0.0, 0.180469, 0.0, 0.0, 0.0, -0.063981, -3e-06, 0.0, 0.0, 0.109903, 0.188202, 0.018943, -0.062366, 0.07455, -0.109903, -0.188202, 0.018943, 0.062366, -0.07455, 0.457028, 0.432049, 0.08542, 0.00919, -0.147772, -0.456989, -0.432008, 0.085468, -0.009143, 0.147783, -5.2e-05, -4.9e-05, 0.290379, -2.3e-05, -1.7e-05, -0.0, 0.0, 0.002296, 0.0, 0.0, 0.030747, 0.089464, 0.004597, -0.031716, -0.007949, -0.030747, -0.089464, 0.004597, 0.031716, 0.007949], [0.098199, 0.385192, 0.49945, -0.0, -0.071263, 0.181174, 0.0, 0.077005, 0.310959, 0.002011, 0.0, 0.0, -0.112184, -0.040814, 0.0, -0.0, -0.0, 0.0, 0.530759, 0.0, 0.0, 1.0, 0.0, 0.0, 0.0, 0.0, 0.0, 0.0, 0.024844, 0.15165, 0.327717, -0.0, -0.15404, -8e-06, 0.0, -0.437528, -2.5e-05, -0.062208, 0.0, 0.0, 0.107748, 1.1e-05, 0.156572, 0.268119, -0.062366, -0.026129, 0.106207, 0.156572, 0.268119, 0.062366, -0.026129, 0.106207, -0.0205, -0.01938, 0.00919, 0.289879, 0.006628, -0.020398, -0.019283, -0.009143, 0.289892, 0.006596, -0.458752, -0.433629, -2.3e-05, 0.084011, -0.147498, 0.020437, 0.122224, 0.0, -0.021562, 0.00446, 0.088508, 0.257532, -0.031716, -0.075683, -0.022883, 0.088508, 0.257532, 0.031716, -0.075683, -0.022883], [-0.066656, -0.261462, -0.339019, 0.0, 0.181174, 0.072669, 0.0, 0.310959, 0.324042, -0.001365, 0.0, 0.0, -0.162505, -0.067094, 0.0, -0.0, -0.0, 0.0, 0.0, 0.530759, 0.0, 0.0, 1.0, 0.0, 0.0, 0.0, 0.0, 0.0, 1e-06, 6e-06, 1.3e-05, -0.0, -8e-06, 0.034758, 0.0, -2.5e-05, 0.180469, -2e-06, 0.0, 0.0, 9e-06, -0.063981, -0.187162, -0.320502, 0.07455, 0.106207, -0.064237, -0.187162, -0.320502, -0.07455, 0.106207, -0.064237, 0.329649, 0.311633, -0.147772, 0.006628, 0.183705, 0.32971, 0.311686, 0.147783, 0.006596, 0.183677, -0.327886, -0.30993, -1.7e-05, -0.147498, 0.184956, -0.00382, -0.022847, 0.0, 0.00446, 0.001463, 0.022183, 0.064547, -0.007949, -0.022883, 0.00988, 0.022183, 0.064547, 0.007949, -0.022883, 0.00988], [-0.031216, -0.126952, -0.072892, 0.0, 0.124383, -0.084429, 0.0, -0.002011, 0.001365, 0.124531, 0.0, 0.0, -0.013367, 0.033651, -0.0, 0.0, 0.0, -0.0, -0.0, 0.0, 0.0, 0.0, 0.0, 1.0, 0.0, 0.0, 0.0, 0.0, -0.000202, -0.008753, -0.033909, 0.0, 0.016804, 1e-06, 0.0, 0.062208, 2e-06, 0.019548, 0.0, 0.0, -0.03037, -2e-06, -0.014953, -0.022249, 0.020679, 0.010039, -0.012, -0.014953, -0.022249, -0.020679, 0.010039, -0.012, 0.195847, 0.038396, 0.146043, 0.02156, -0.346689, 0.195782, 0.038381, -0.146147, 0.021448, -0.34669, -0.201778, -0.03954, -7.9e-05, -0.071191, -0.050883, -0.000117, -0.008423, 0.0, 5.7e-05, -1.1e-05, -0.002241, -0.017288, 0.001137, 0.002045, 0.000513, -0.002241, -0.017288, -0.001137, 0.002045, 0.000513], [0.0, 0.0, 0.0, 0.155038, 0.0, -0.0, 0.175795, 0.0, 0.0, 0.0, -0.218013, 0.218323, 0.0, 0.0, 0.0, 0.0, 0.0, 0.0, -0.0, 0.0, 0.0, 0.0, 0.0, 0.0, 1.0, 0.0, 0.0, 0.0, 0.0, 0.0, 0.0, 0.005572, 0.0, 0.0, 0.063981, 0.0, 0.0, 0.0, -0.022989, -1e-06, 0.0, 0.0, 0.025189, 0.037478, -0.008312, -0.019944, 0.033249, -0.025189, -0.037478, -0.008312, 0.019944, -0.033249, -0.020593, -0.004037, 0.012345, 0.360541, 0.020611, 0.020489, 0.004017, 0.012278, -0.36054, -0.02051, 5.2e-05, 1e-05, -0.363358, 3.2e-05, 5.2e-05, 0.0, 0.0, 8e-06, 0.0, 0.0, 0.003284, 0.025326, -0.00054, -0.00335, -0.000901, -0.003284, -0.025326, -0.00054, 0.00335, 0.000901], [-0.0, -0.0, 0.0, -0.105237, -0.0, 0.0, -0.119327, 0.0, 0.0, 0.0, 0.218323, -0.044569, 0.0, 0.0, 0.0, 0.0, 0.0, -0.0, 0.0, -0.0, 0.0, 0.0, 0.0, 0.0, 0.0, 1.0, 0.0, 0.0, 0.0, 0.0, 0.0, 0.0, 0.0, -0.0, 3e-06, 0.0, 0.0, 0.0, -1e-06, 0.002014, 0.0, 0.0, -0.03011, -0.044801, 0.009935, 0.033249, -0.031875, 0.03011, 0.044801, 0.009935, -0.033249, 0.031875, 0.331148, 0.064922, -0.198516, 0.020611, 0.030394, -0.331185, -0.064926, -0.198458, -0.02051, -0.03029, 3.7e-05, 7e-06, -0.259705, 5.2e-05, -4e-06, -0.0, 0.0, -1e-06, 0.0, 0.0, 0.000823, 0.006348, -0.000135, -0.000901, 2.1e-05, -0.000823, -0.006348, -0.000135, 0.000901, -2.1e-05], [0.01996, 0.081174, 0.046608, -0.0, 0.018273, 0.198072, 0.0, 0.112184, 0.162505, -0.013367, 0.0, 0.0, -0.293632, -0.18271, -0.0, -0.0, -0.0, 0.0, 0.0, 0.0, 0.0, 0.0, 0.0, 0.0, 0.0, 0.0, 1.0, 0.0, 0.000351, 0.015161, 0.058732, -0.0, -0.029106, -2e-06, 0.0, -0.107748, -9e-06, -0.03037, 0.0, 0.0, 0.054617, 6e-06, -0.007696, -0.01145, 0.005965, 0.019711, 0.003245, -0.007696, -0.01145, -0.005965, 0.019711, 0.003245, -0.118965, -0.023323, 0.165073, -0.023634, -0.141913, -0.119015, -0.023332, -0.165125, -0.02352, -0.141904, 0.113151, 0.022173, 1.8e-05, -0.205795, 0.372321, 0.000189, 0.013604, 0.0, -9.1e-05, 2e-05, 0.004429, 0.034162, -0.001685, -0.004141, -0.001394, 0.004429, 0.034162, 0.001685, -0.004141, -0.001394], [-0.050249, -0.204356, -0.117335, 0.0, 0.23907, -0.078673, 0.0, 0.040814, 0.067094, 0.033651, 0.0, 0.0, -0.18271, 0.093765, 0.0, 0.0, 0.0, 0.0, -0.0, 0.0, 0.0, 0.0, 0.0, 0.0, 0.0, 0.0, 0.0, 1.0, 0.0, 1e-06, 5e-06, -0.0, -3e-06, 0.005572, 0.0, -1.1e-05, 0.063981, -2e-06, 0.0, 0.0, 6e-06, -0.022989, -0.042896, -0.063825, 0.033249, 0.033965, -0.04541, -0.042896, -0.063825, -0.033249, 0.033965, -0.04541, -0.014854, -0.002912, 0.020611, 0.260054, -0.001363, -0.014782, -0.002898, -0.02051, 0.260123, -0.001352, 0.330666, 0.064797, 5.2e-05, 0.200747, -0.034257, -7.3e-05, -0.00527, 0.0, 3.7e-05, 1e-06, 0.002369, 0.018272, -0.000901, -0.002417, 5.9e-05, 0.002369, 0.018272, 0.000901, -0.002417, 5.9e-05], [0.000281, 0.010952, 0.054433, 0.0, 0.019604, 0.013308, 0.0, 0.09819, 0.066658, -0.03121, 0.0, 0.0, 0.01995, 0.050241, 1e-06, 5.9e-05, 0.006277, 0.0, 0.000134, 0.0, 0.0, 0.024844, 1e-06, -0.000202, 0.0, 0.0, 0.000351, 0.0, 1.0, -0.2157, 0.19014, -0.0, -0.0, -0.0, 0.0, 0.0, -0.0, -0.0, 0.0, 0.0, -0.0, 0.0, 0.000617, 0.022929, -0.000163, 0.000233, 0.000278, 0.000617, 0.022929, 0.000163, 0.000233, 0.000278, 2.1e-05, 0.006297, -4e-06, 1.2e-05, -3e-06, 2.1e-05, 0.0063, 4e-06, 1.2e-05, -3e-06, 0.0, 0.001069, 0.0, 0.0, 0.0, 0.056172, 0.095742, 0.0, -0.083872, 0.059956, 0.056144, 0.095728, -0.083506, -0.003737, -0.060239, 0.056144, 0.095728, 0.083506, -0.003737, -0.060239], [0.010952, 0.125202, 0.27343, 0.0, 0.156639, 0.106337, -0.0, 0.385165, 0.261475, -0.126943, 0.0, 0.0, 0.081146, 0.204351, 5.9e-05, 0.003302, 0.049835, 0.0, 0.006967, 0.0, -0.0, 0.15165, 6e-06, -0.008753, 0.0, 0.0, 0.015161, 1e-06, -0.2157, 1.0, 0.718332, 0.0, 0.0, 0.0, -0.0, -0.0, -0.0, 0.0, 0.0, 0.0, -0.0, 0.0, 0.016844, 0.132861, -0.008476, 0.012076, 0.014436, 0.016844, 0.132861, 0.008476, 0.012076, 0.014436, 0.001184, 0.045457, -0.000296, 0.000852, -0.000214, 0.001185, 0.045474, 0.000296, 0.000853, -0.000214, 3e-05, 0.010284, 0.0, 1.1e-05, 2e-06, 0.311629, 0.430149, 0.0, -0.290165, 0.207424, 0.311535, 0.430097, -0.289034, -0.012934, -0.208501, 0.311535, 0.430097, 0.289034, -0.012934, -0.208501], [0.054433, 0.27343, 0.517947, 0.0, 0.18494, 0.125549, -0.0, 0.499427, 0.339043, -0.072892, 0.0, 0.0, 0.046595, 0.11734, 0.006277, 0.049835, 0.165074, 0.0, 0.061234, 2e-06, -0.0, 0.327717, 1.3e-05, -0.033909, 0.0, 0.0, 0.058732, 5e-06, 0.19014, 0.718332, 1.0, 0.0, -0.0, 0.0, -0.0, -0.0, -0.0, 0.0, 0.0, 0.0, -0.0, 0.0, 0.105305, 0.315496, -0.039846, 0.056766, 0.067861, 0.105305, 0.315496, 0.039846, 0.056766, 0.067861, 0.028032, 0.146659, -0.0094, 0.027057, -0.006779, 0.028045, 0.146698, 0.009404, 0.027068, -0.006783, 0.004566, 0.051014, 0.0, 0.004888, 0.000914, 0.457242, 0.733968, 0.0, -0.198758, 0.142081, 0.457172, 0.733904, -0.198011, -0.00886, -0.142839, 0.457172, 0.733904, 0.198011, -0.00886, -0.142839], [0.0, 0.0, 0.0, 0.069669, 0.0, 0.0, 0.195633, -0.0, -0.0, 0.0, 0.155011, 0.105231, -0.0, -0.0, 0.0, 0.0, 0.0, 0.001242, 0.0, 0.0, 0.034758, -0.0, -0.0, 0.0, 0.005572, 0.0, -0.0, -0.0, -0.0, 0.0, 0.0, 1.0, 0.0, 0.0, 0.530759, 0.0, 0.0, -0.0, -0.0, 0.0, 0.0, 0.0, 0.012558, 0.049093, -0.003255, 0.010875, 0.013001, -0.012558, -0.049093, -0.003255, -0.010875, -0.013001, 0.000805, 0.016139, -0.000104, 0.000694, -0.000174, -0.000806, -0.016144, -0.000104, -0.000695, 0.000174, -0.0, -0.0, 1e-06, -0.0, -0.0, 0.0, 0.0, 0.219465, 0.0, -0.0, 0.317447, 0.169678, -0.195526, -0.018566, -0.299294, -0.317447, -0.169678, -0.195526, 0.018566, 0.299294], [-0.019604, -0.156639, -0.18494, 0.0, -0.160436, -0.15621, 0.0, -0.071257, -0.181182, 0.124376, 0.0, 0.0, 0.018298, -0.239054, -0.000134, -0.006967, -0.061234, 0.0, -0.014183, -1e-06, 0.0, -0.15404, -8e-06, 0.016804, 0.0, 0.0, -0.029106, -3e-06, -0.0, 0.0, -0.0, 0.0, 1.0, 0.0, 0.0, 0.530759, 0.0, 0.0, -0.0, 0.0, -0.0, 0.0, -0.01789, -0.06994, 0.010875, -0.011114, -0.018522, -0.01789, -0.06994, -0.010875, -0.011114, -0.018522, -0.002318, -0.046456, 0.000694, -0.001861, 0.000501, -0.00232, -0.04647, -0.000695, -0.001863, 0.000501, -7.3e-05, -0.013302, -0.0, -2.9e-05, -6e-06, 0.318709, 0.170312, -0.0, -0.198617, 0.298864, 0.014205, 0.007593, -0.018566, 0.21854, -0.013393, 0.014205, 0.007593, 0.018566, 0.21854, -0.013393], [-0.013308, -0.106337, -0.125549, 0.0, -0.15621, -0.036376, 0.0, -0.181182, 0.072635, 0.084434, 0.0, 0.0, -0.198041, -0.078712, -0.0, -0.0, -2e-06, 0.0, -1e-06, 0.001242, 0.0, -8e-06, 0.034758, 1e-06, 0.0, -0.0, -2e-06, 0.005572, -0.0, 0.0, 0.0, 0.0, 0.0, 1.0, 0.0, 0.0, 0.530759, 0.0, 0.0, -0.0, 0.0, -0.0, -0.021387, -0.083609, 0.013001, -0.018522, -0.017763, -0.021387, -0.083609, -0.013001, -0.018522, -0.017763, 0.000581, 0.011639, -0.000174, 0.000501, 1.2e-05, 0.000581, 0.011646, 0.000174, 0.000501, 1.2e-05, -1.4e-05, -0.002487, -0.0, -6e-06, 0.0, -0.227828, -0.121747, 0.0, 0.298864, 0.005822, 0.228997, 0.122401, -0.299294, -0.013393, 0.003469, 0.228997, 0.122401, 0.299294, -0.013393, 0.003469], [0.0, -0.0, -0.0, 0.195633, -0.0, -0.0, 0.535092, 0.0, 0.0, 0.0, 0.175782, 0.119332, 0.0, 0.0, 0.0, -0.0, -0.0, 0.034758, -0.0, -0.0, 0.180469, 0.0, 0.0, 0.0, 0.063981, 3e-06, 0.0, 0.0, 0.0, -0.0, -0.0, 0.530759, 0.0, 0.0, 1.0, 0.0, 0.0, 0.0, 0.0, 0.0, 0.0, 0.0, 0.109889, 0.188188, 0.01894, 0.062357, 0.074545, -0.109889, -0.188188, 0.01894, -0.062357, -0.074545, 0.030745, 0.089465, 0.004594, 0.031715, -0.007946, -0.030755, -0.089478, 0.004599, -0.031724, 0.00795, -1e-06, -4e-06, 0.002296, -1e-06, -0.0, -0.0, 0.0, 0.290362, 0.0, 0.0, 0.457011, 0.43202, 0.085473, -0.009166, -0.147768, -0.457011, -0.43202, 0.085473, 0.009166, 0.147768], [-0.09819, -0.385165, -0.499427, 0.0, -0.071257, -0.181182, 0.0, 0.077001, -0.310981, -0.002003, 0.0, 0.0, 0.112188, -0.040816, -0.024844, -0.15165, -0.327717, 0.0, -0.15404, -8e-06, 0.0, -0.437528, -2.5e-05, 0.062208, 0.0, 0.0, -0.107748, -1.1e-05, 0.0, -0.0, -0.0, 0.0, 0.530759, 0.0, 0.0, 1.0, 0.0, -0.0, 0.0, 0.0, 0.0, 0.0, -0.156553, -0.2681, 0.062357, -0.026125, -0.106199, -0.156553, -0.2681, -0.062357, -0.026125, -0.106199, -0.088496, -0.257515, 0.031715, -0.075675, 0.022872, -0.088528, -0.257562, -0.031724, -0.075697, 0.022885, -0.020436, -0.122221, -1e-06, -0.021561, -0.00446, 0.458728, 0.433616, 0.0, 0.084006, 0.147513, 0.02045, 0.019332, -0.009166, 0.289906, -0.006612, 0.02045, 0.019332, 0.009166, 0.289906, -0.006612], [-0.066658, -0.261475, -0.339043, 0.0, -0.181182, 0.072635, 0.0, -0.310981, 0.323978, -0.00136, 0.0, 0.0, -0.162503, 0.067063, -1e-06, -6e-06, -1.3e-05, 0.0, -8e-06, 0.034758, 0.0, -2.5e-05, 0.180469, 2e-06, 0.0, 0.0, -9e-06, 0.063981, -0.0, -0.0, -0.0, 0.0, 0.0, 0.530759, 0.0, 0.0, 1.0, 0.0, 0.0, 0.0, 0.0, 0.0, -0.187151, -0.3205, 0.074545, -0.106199, -0.064245, -0.187151, -0.3205, -0.074545, -0.106199, -0.064245, 0.022173, 0.06452, -0.007946, 0.022872, 0.009882, 0.022186, 0.064547, 0.00795, 0.022885, 0.009885, -0.003821, -0.02285, -0.0, -0.00446, 0.001462, -0.32792, -0.309969, 0.0, 0.147513, 0.184913, 0.329675, 0.311647, -0.147768, -0.006612, 0.183721, 0.329675, 0.311647, 0.147768, -0.006612, 0.183721], [-0.03121, -0.126943, -0.072892, 0.0, -0.124376, -0.084434, 0.0, 0.002003, 0.00136, 0.124525, 0.0, 0.0, -0.01337, -0.033671, -0.000202, -0.008753, -0.033909, 0.0, -0.016804, -1e-06, 0.0, -0.062208, -2e-06, 0.019548, 0.0, 0.0, -0.03037, -2e-06, -0.0, 0.0, 0.0, -0.0, 0.0, 0.0, 0.0, -0.0, 0.0, 1.0, 0.0, 0.0, 0.0, 0.0, -0.014951, -0.022249, 0.020673, -0.010037, -0.011999, -0.014951, -0.022249, -0.020673, -0.010037, -0.011999, -0.002241, -0.017285, 0.001137, -0.002044, 0.000512, -0.002242, -0.01729, -0.001138, -0.002046, 0.000513, -0.000117, -0.008423, -0.0, -5.7e-05, -1.1e-05, -0.201773, -0.039543, 0.0, 0.071211, -0.050905, 0.195826, 0.038387, 0.146138, -0.021506, -0.346703, 0.195826, 0.038387, -0.146138, -0.021506, -0.346703], [-0.0, -0.0, 0.0, -0.155011, 0.0, 0.0, -0.175782, 0.0, 0.0, 0.0, -0.217976, -0.218312, 0.0, 0.0, -0.0, -0.0, 0.0, -0.005572, 0.0, 0.0, -0.063981, 0.0, 0.0, 0.0, -0.022989, -1e-06, 0.0, 0.0, 0.0, 0.0, 0.0, -0.0, -0.0, 0.0, 0.0, 0.0, 0.0, 0.0, 1.0, 0.0, 0.0, 0.0, -0.025182, -0.037474, 0.008309, -0.019938, -0.03324, 0.025182, 0.037474, 0.008309, 0.019938, 0.03324, -0.003283, -0.025326, 0.00054, -0.003349, 0.000901, 0.003285, 0.025331, 0.00054, 0.003352, -0.000902, 0.0, 1e-06, -8e-06, 0.0, 0.0, 0.0, 0.0, 0.363307, 0.0, 0.0, 0.020543, 0.004027, -0.01231, 0.360582, -0.020561, -0.020543, -0.004027, -0.01231, -0.360582, 0.020561], [-0.0, -0.0, 0.0, -0.105231, 0.0, 0.0, -0.119332, 0.0, 0.0, 0.0, -0.218312, -0.044596, 0.0, 0.0, -0.0, -0.0, 0.0, -0.0, 0.0, -0.0, -3e-06, 0.0, 0.0, 0.0, -1e-06, 0.002014, 0.0, 0.0, 0.0, 0.0, 0.0, 0.0, 0.0, -0.0, 0.0, 0.0, 0.0, 0.0, 0.0, 1.0, 0.0, 0.0, -0.030104, -0.044799, 0.009933, -0.03324, -0.031869, 0.030104, 0.044799, 0.009933, 0.03324, 0.031869, 0.000823, 0.006345, -0.000135, 0.000901, 2.1e-05, -0.000823, -0.006348, -0.000135, -0.000902, -2.1e-05, 0.0, 0.0, -1e-06, 0.0, -0.0, -0.0, 0.0, -0.259709, 0.0, 0.0, 0.331175, 0.064919, -0.198453, -0.020561, 0.030397, -0.331175, -0.064919, -0.198453, 0.020561, -0.030397], [0.01995, 0.081146, 0.046595, -0.0, -0.018298, 0.198041, 0.0, -0.112188, 0.162503, -0.01337, 0.0, 0.0, -0.293646, 0.182664, 0.000351, 0.015161, 0.058732, -0.0, 0.029106, 2e-06, 0.0, 0.107748, 9e-06, -0.03037, 0.0, 0.0, 0.054617, 6e-06, -0.0, -0.0, -0.0, 0.0, -0.0, 0.0, 0.0, 0.0, 0.0, 0.0, 0.0, 0.0, 1.0, 0.0, -0.007697, -0.011454, 0.005966, -0.019708, 0.00324, -0.007697, -0.011454, -0.005966, -0.019708, 0.00324, 0.004428, 0.034161, -0.001685, 0.00414, -0.001393, 0.004431, 0.034168, 0.001686, 0.004144, -0.001394, 0.000189, 0.013603, 0.0, 9.1e-05, 2e-05, 0.113099, 0.022165, 0.0, 0.205818, 0.372289, -0.11899, -0.023325, 0.165092, 0.02358, -0.14194, -0.11899, -0.023325, -0.165092, 0.02358, -0.14194], [0.050241, 0.204351, 0.11734, -0.0, 0.239054, 0.078712, 0.0, 0.040816, -0.067063, -0.033671, 0.0, 0.0, 0.182664, 0.093823, 0.0, 1e-06, 5e-06, -0.0, 3e-06, -0.005572, 0.0, 1.1e-05, -0.063981, -2e-06, 0.0, 0.0, 6e-06, -0.022989, 0.0, 0.0, 0.0, 0.0, 0.0, -0.0, 0.0, 0.0, 0.0, 0.0, 0.0, 0.0, 0.0, 1.0, 0.042887, 0.063822, -0.03324, 0.033956, 0.045402, 0.042887, 0.063822, 0.03324, 0.033956, 0.045402, -0.002368, -0.018264, 0.000901, -0.002415, -6e-05, -0.00237, -0.018273, -0.000902, -0.002418, -6e-05, 7.3e-05, 0.00527, 0.0, 3.7e-05, -1e-06, -0.330674, -0.064805, 0.0, 0.20075, 0.034149, 0.014819, 0.002905, -0.020561, 0.260113, 0.00136, 0.014819, 0.002905, 0.020561, 0.260113, 0.00136], [0.05598, 0.310994, 0.456768, 0.315063, 0.0, -0.23187, 0.45415, -0.0, -0.334231, 0.190784, 0.0, -0.333509, -0.122722, -0.0, 0.000618, 0.016849, 0.105318, 0.012561, 0.017895, -0.021391, 0.109903, 0.156572, -0.187162, -0.014953, 0.025189, -0.03011, -0.007696, -0.042896, 0.000617, 0.016844, 0.105305, 0.012558, -0.01789, -0.021387, 0.109889, -0.156553, -0.187151, -0.014951, -0.025182, -0.030104, -0.007697, 0.042887, 1.0, 0.68486, 0.0, -0.0, -0.0, 0.060601, 0.230925, 0.080324, -0.0, -0.0, 0.00463, 0.076986, -1e-05, 0.002558, -0.004226, 0.00038, 0.025998, 0.000159, 0.000117, -0.000193, 0.005148, 0.0806, 0.001983, 0.004825, -0.001947, 0.005149, 0.080605, 0.001983, -0.004826, -0.001947, 0.004629, 0.076982, -9e-06, -0.002557, -0.004226, 0.00038, 0.025995, 0.000159, -0.000117, -0.000193], [0.095646, 0.429795, 0.733533, 0.168635, 0.0, -0.124106, 0.42947, 0.0, -0.316067, 0.037451, 0.0, -0.065468, -0.02409, 0.0, 0.022932, 0.132875, 0.315519, 0.049098, 0.069947, -0.083613, 0.188202, 0.268119, -0.320502, -0.022249, 0.037478, -0.044801, -0.01145, -0.063825, 0.022929, 0.132861, 0.315496, 0.049093, -0.06994, -0.083609, 0.188188, -0.2681, -0.3205, -0.022249, -0.037474, -0.044799, -0.011454, 0.063822, 0.68486, 1.0, 0.0, -0.0, -0.0, 0.230925, 0.507402, 0.150257, -0.0, -0.0, 0.076986, 0.254996, -0.000128, 0.033985, -0.056149, 0.025998, 0.128911, 0.014418, 0.010565, -0.017459, 0.0806, 0.26244, 0.024294, 0.059117, -0.023848, 0.080605, 0.26245, 0.024293, -0.059121, -0.023849, 0.076982, 0.254986, -0.000126, -0.03398, -0.056148, 0.025995, 0.128904, 0.014417, -0.010565, -0.017457], [-0.082687, -0.286967, -0.196751, -0.190534, 0.0, 0.301271, 0.087603, 0.0, 0.14899, 0.151397, 0.0, 0.195887, 0.169322, 0.0, -0.000164, -0.008479, -0.039852, -0.003256, -0.010879, 0.013005, 0.018943, -0.062366, 0.07455, 0.020679, -0.008312, 0.009935, 0.005965, 0.033249, -0.000163, -0.008476, -0.039846, -0.003255, 0.010875, 0.013001, 0.01894, 0.062357, 0.074545, 0.020673, 0.008309, 0.009933, 0.005966, -0.03324, 0.0, 0.0, 1.0, 0.0, 0.0, -0.080324, -0.150257, -0.124331, 0.0, 0.0, 1e-05, 0.000128, 0.000291, 5e-06, -8e-06, -0.000159, -0.014418, -3.6e-05, -3e-05, 4.9e-05, -0.001983, -0.024294, -0.000353, -0.001698, 0.000685, -0.001983, -0.024293, -0.000353, 0.001698, 0.000685, 9e-06, 0.000126, 0.000291, -5e-06, -8e-06, -0.000159, -0.014417, -3.6e-05, 3e-05, 4.9e-05], [0.0, 0.0, 0.0, -0.0, 0.218831, 0.0, 0.0, 0.290049, 0.0, 0.0, 0.359075, 0.0, 0.0, -0.264261, -0.000233, -0.01208, -0.056774, -0.010879, -0.011118, 0.018527, -0.062366, -0.026129, 0.106207, 0.010039, -0.019944, 0.033249, 0.019711, 0.033965, 0.000233, 0.012076, 0.056766, 0.010875, -0.011114, -0.018522, 0.062357, -0.026125, -0.106199, -0.010037, -0.019938, -0.03324, -0.019708, 0.033956, -0.0, -0.0, 0.0, 1.0, 0.0, -0.0, -0.0, 0.0, 0.017546, 0.0, -0.002558, -0.033985, 5e-06, -0.000979, 0.002098, -0.000117, -0.010565, -3e-05, -1.7e-05, 3.6e-05, -0.004825, -0.059117, -0.001698, -0.003787, 0.001667, 0.004826, 0.059121, 0.001698, -0.003788, -0.001667, 0.002557, 0.03398, -5e-06, -0.000978, -0.002097, 0.000117, 0.010565, 3e-05, -1.7e-05, -3.6e-05], [0.060853, 0.211193, 0.144798, 0.301271, -0.0, -0.002888, 0.14899, 0.0, 0.1804, 0.346292, 0.0, 0.020431, 0.139648, 0.0, 0.000279, 0.01444, 0.067866, 0.013005, 0.018527, -0.017766, 0.07455, 0.106207, -0.064237, -0.012, 0.033249, -0.031875, 0.003245, -0.04541, 0.000278, 0.014436, 0.067861, 0.013001, -0.018522, -0.017763, 0.074545, -0.106199, -0.064245, -0.011999, -0.03324, -0.031869, 0.00324, 0.045402, -0.0, -0.0, 0.0, 0.0, 1.0, -0.0, -0.0, 0.0, 0.0, 0.017546, 0.004226, 0.056149, -8e-06, 0.002098, -0.003175, 0.000193, 0.017459, 4.9e-05, 3.6e-05, -5.5e-05, 0.001947, 0.023848, 0.000685, 0.001667, -0.000327, 0.001947, 0.023849, 0.000685, -0.001667, -0.000327, 0.004226, 0.056148, -8e-06, -0.002097, -0.003174, 0.000193, 0.017457, 4.9e-05, -3.6e-05, -5.4e-05], [0.05598, 0.310994, 0.456768, -0.315063, 0.0, -0.23187, -0.45415, -0.0, -0.334231, 0.190784, -0.0, 0.333509, -0.122722, -0.0, 0.000618, 0.016849, 0.105318, -0.012561, 0.017895, -0.021391, -0.109903, 0.156572, -0.187162, -0.014953, -0.025189, 0.03011, -0.007696, -0.042896, 0.000617, 0.016844, 0.105305, -0.012558, -0.01789, -0.021387, -0.109889, -0.156553, -0.187151, -0.014951, 0.025182, 0.030104, -0.007697, 0.042887, 0.060601, 0.230925, -0.080324, -0.0, -0.0, 1.0, 0.68486, 0.0, -0.0, -0.0, 0.00038, 0.025994, -0.000159, 0.000117, -0.000193, 0.00463, 0.076989, 9e-06, 0.002558, -0.004227, 0.005149, 0.08061, -0.001983, 0.004827, -0.001947, 0.005149, 0.080605, -0.001983, -0.004826, -0.001947, 0.00038, 0.025995, -0.000159, -0.000117, -0.000193, 0.004629, 0.076982, 9e-06, -0.002557, -0.004226], [0.095646, 0.429795, 0.733533, -0.168635, 0.0, -0.124106, -0.42947, 0.0, -0.316067, 0.037451, 0.0, 0.065468, -0.02409, 0.0, 0.022932, 0.132875, 0.315519, -0.049098, 0.069947, -0.083613, -0.188202, 0.268119, -0.320502, -0.022249, -0.037478, 0.044801, -0.01145, -0.063825, 0.022929, 0.132861, 0.315496, -0.049093, -0.06994, -0.083609, -0.188188, -0.2681, -0.3205, -0.022249, 0.037474, 0.044799, -0.011454, 0.063822, 0.230925, 0.507402, -0.150257, -0.0, -0.0, 0.68486, 1.0, 0.0, -0.0, -0.0, 0.025994, 0.128899, -0.014417, 0.010565, -0.017455, 0.076989, 0.255001, 0.000126, 0.033981, -0.056153, 0.08061, 0.26246, -0.024292, 0.059125, -0.023851, 0.080605, 0.26245, -0.024293, -0.059121, -0.023849, 0.025995, 0.128904, -0.014417, -0.010565, -0.017457, 0.076982, 0.254986, 0.000126, -0.03398, -0.056148], [0.082687, 0.286967, 0.196751, -0.190534, -0.0, -0.301271, 0.087603, 0.0, -0.14899, -0.151397, 0.0, 0.195887, -0.169322, 0.0, 0.000164, 0.008479, 0.039852, -0.003256, 0.010879, -0.013005, 0.018943, 0.062366, -0.07455, -0.020679, -0.008312, 0.009935, -0.005965, -0.033249, 0.000163, 0.008476, 0.039846, -0.003255, -0.010875, -0.013001, 0.01894, -0.062357, -0.074545, -0.020673, 0.008309, 0.009933, -0.005966, 0.03324, 0.080324, 0.150257, -0.124331, 0.0, 0.0, 0.0, 0.0, 1.0, 0.0, 0.0, 0.000159, 0.014417, -3.6e-05, 3e-05, -4.9e-05, -9e-06, -0.000126, 0.000291, -5e-06, 8e-06, 0.001983, 0.024292, -0.000353, 0.001699, -0.000685, 0.001983, 0.024293, -0.000353, -0.001698, -0.000685, 0.000159, 0.014417, -3.6e-05, -3e-05, -4.9e-05, -9e-06, -0.000126, 0.000291, 5e-06, 8e-06], [0.0, 0.0, 0.0, 0.0, 0.218831, 0.0, 0.0, 0.290049, 0.0, 0.0, -0.359075, 0.0, 0.0, -0.264261, -0.000233, -0.01208, -0.056774, 0.010879, -0.011118, 0.018527, 0.062366, -0.026129, 0.106207, 0.010039, 0.019944, -0.033249, 0.019711, 0.033965, 0.000233, 0.012076, 0.056766, -0.010875, -0.011114, -0.018522, -0.062357, -0.026125, -0.106199, -0.010037, 0.019938, 0.03324, -0.019708, 0.033956, -0.0, -0.0, 0.0, 0.017546, 0.0, -0.0, -0.0, 0.0, 1.0, 0.0, -0.000117, -0.010565, 3e-05, -1.7e-05, 3.6e-05, -0.002558, -0.033981, -5e-06, -0.000979, 0.002098, -0.004827, -0.059125, 0.001699, -0.003789, 0.001668, 0.004826, 0.059121, -0.001698, -0.003788, -0.001667, 0.000117, 0.010565, -3e-05, -1.7e-05, -3.6e-05, 0.002557, 0.03398, 5e-06, -0.000978, -0.002097], [0.060853, 0.211193, 0.144798, -0.301271, -0.0, -0.002888, -0.14899, 0.0, 0.1804, 0.346292, 0.0, -0.020431, 0.139648, 0.0, 0.000279, 0.01444, 0.067866, -0.013005, 0.018527, -0.017766, -0.07455, 0.106207, -0.064237, -0.012, -0.033249, 0.031875, 0.003245, -0.04541, 0.000278, 0.014436, 0.067861, -0.013001, -0.018522, -0.017763, -0.074545, -0.106199, -0.064245, -0.011999, 0.03324, 0.031869, 0.00324, 0.045402, -0.0, -0.0, 0.0, 0.0, 0.017546, -0.0, -0.0, 0.0, 0.0, 1.0, 0.000193, 0.017455, -4.9e-05, 3.6e-05, -5.4e-05, 0.004227, 0.056153, 8e-06, 0.002098, -0.003176, 0.001947, 0.023851, -0.000685, 0.001668, -0.000327, 0.001947, 0.023849, -0.000685, -0.001667, -0.000327, 0.000193, 0.017457, -4.9e-05, -3.6e-05, -5.4e-05, 0.004226, 0.056148, 8e-06, -0.002097, -0.003174], [0.000559, 0.015706, 0.101681, 0.011732, -0.017147, 0.019744, 0.106821, -0.156133, 0.179777, -0.014231, -0.024271, 0.027947, -0.005779, -0.040848, 0.056129, 0.311486, 0.457136, 0.317422, -0.014238, 0.228953, 0.457028, -0.0205, 0.329649, 0.195847, -0.020593, 0.331148, -0.118965, -0.014854, 2.1e-05, 0.001184, 0.028032, 0.000805, -0.002318, 0.000581, 0.030745, -0.088496, 0.022173, -0.002241, -0.003283, 0.000823, 0.004428, -0.002368, 0.00463, 0.076986, 1e-05, -0.002558, 0.004226, 0.00038, 0.025994, 0.000159, -0.000117, 0.000193, 1.0, 0.68486, -0.0, -0.0, -0.0, 0.058893, 0.228179, 0.078012, -9e-06, -4e-06, 0.059319, 0.228868, 0.039355, 0.037723, 0.056607, 8e-06, 0.004821, 1e-06, -3e-06, 1e-06, 0.003217, 0.065758, 0.0, -0.003269, -0.0, 0.000261, 0.022082, 0.0001, -0.000147, -0.0], [0.022159, 0.129163, 0.309183, 0.047929, -0.070055, 0.080664, 0.185529, -0.271174, 0.312241, -0.022138, -0.037757, 0.043475, -0.00899, -0.063544, 0.09572, 0.430069, 0.73387, 0.169686, -0.007611, 0.122393, 0.432049, -0.01938, 0.311633, 0.038396, -0.004037, 0.064922, -0.023323, -0.002912, 0.006297, 0.045457, 0.146659, 0.016139, -0.046456, 0.011639, 0.089465, -0.257515, 0.06452, -0.017285, -0.025326, 0.006345, 0.034161, -0.018264, 0.076986, 0.254996, 0.000128, -0.033985, 0.056149, 0.025994, 0.128899, 0.014417, -0.010565, 0.017455, 0.68486, 1.0, 0.0, -0.0, 0.0, 0.228179, 0.503622, 0.14916, -1.7e-05, -8e-06, 0.228868, 0.504572, 0.074834, 0.07173, 0.107638, 0.004821, 0.044567, 0.001173, -0.004552, 0.001687, 0.065758, 0.230977, 2e-06, -0.057374, -2e-06, 0.022082, 0.116325, 0.012125, -0.017723, -1e-06], [-0.000147, -0.007802, -0.038564, -0.003045, 0.010291, -0.011849, 0.017788, 0.062358, -0.071802, 0.01923, 0.008027, -0.009242, 0.004424, 0.031268, -0.083482, -0.289021, -0.198016, -0.195572, 0.01861, -0.299258, 0.08542, 0.00919, -0.147772, 0.146043, 0.012345, -0.198516, 0.165073, 0.020611, -4e-06, -0.000296, -0.0094, -0.000104, 0.000694, -0.000174, 0.004594, 0.031715, -0.007946, 0.001137, 0.00054, -0.000135, -0.001685, 0.000901, -1e-05, -0.000128, 0.000291, 5e-06, -8e-06, -0.000159, -0.014417, -3.6e-05, 3e-05, -4.9e-05, -0.0, 0.0, 1.0, 0.0, 0.0, -0.078012, -0.14916, -0.120408, 1.5e-05, 8e-06, -0.039355, -0.074834, -0.017725, -0.033258, -0.049906, -1e-06, -0.001173, -0.0, 0.0, -0.0, -0.0, -2e-06, 0.000161, 0.0, 0.0, -0.0001, -0.012125, -1.9e-05, 3.2e-05, 0.0], [0.000215, 0.011404, 0.056365, 0.010291, -0.011045, 0.017319, 0.062358, -0.030693, 0.104947, -0.00983, -0.019936, 0.031268, -0.017018, -0.033552, 0.003745, 0.012964, 0.008882, 0.01861, 0.218488, 0.013423, 0.00919, 0.289879, 0.006628, 0.02156, 0.360541, 0.020611, -0.023634, 0.260054, 1.2e-05, 0.000852, 0.027057, 0.000694, -0.001861, 0.000501, 0.031715, -0.075675, 0.022872, -0.002044, -0.003349, 0.000901, 0.00414, -0.002415, 0.002558, 0.033985, 5e-06, -0.000979, 0.002098, 0.000