{"coordinates": [[[4.43, 5.51, 5.007], [5.56, 4.484, 5.007], [3.07, 4.849, 4.992], [6.929, 5.15, 4.992], [4.527, 6.166, 4.129], [4.517, 6.155, 5.89], [5.482, 3.844, 5.89], [5.472, 3.833, 4.129], [2.945, 4.22, 4.099], [2.934, 4.214, 5.874], [2.279, 5.6, 4.994], [7.054, 5.77, 4.099], [7.72, 4.393, 4.994], [7.065, 5.785, 5.874]]], "HF": [-158.44331503195], "elements": [["C", "C", "C", "C", "H", "H", "H", "H", "H", "H", "H", "H", "H", "H"]], "S": [[[1.0, -0.2157, 0.19014, -0.0, -0.0, 0.0, 0.0, -0.0, 0.0, -0.0, 0.0, 0.0, -0.0, 0.0, 0.00027, 0.010557, 0.053728, -0.0, -0.01688, 0.015469, 0.0, -0.086861, 0.079602, -0.030277, -0.0, 0.0, 0.004565, -0.052242, 0.00028, 0.010906, 0.054352, 0.00022, 0.021211, 0.010349, 0.001108, 0.106569, 0.051993, -0.031094, 0.000904, 0.000441, 0.033153, 0.042455, 1e-06, 5.7e-05, 0.006195, 1e-06, -0.000129, 1.9e-05, 0.000139, -0.024319, 0.003566, -0.000197, -4e-06, 1e-06, 0.000327, -9.8e-05, 0.05586, 0.095586, 0.081981, -0.008462, -0.060769, 0.055886, 0.095599, -0.082898, -0.007524, -0.059737, 0.000578, 0.02241, -0.000152, -0.00018, 0.000287, 0.000577, 0.022402, 0.000151, -0.000178, 0.000289, 0.000557, 0.02212, 0.000149, 0.000246, 0.000212, 0.000557, 0.02213, -0.000143, 0.000248, 0.000215, 0.000585, 0.022504, 2e-06, 0.000376, -1.6e-05, 2.1e-05, 0.006249, 4e-06, -1.2e-05, -1e-06, 0.0, 0.001051, 0.0, -0.0, 0.0, 2.1e-05, 0.006265, -4e-06, -1.2e-05, -1e-06], [-0.2157, 1.0, 0.718332, 0.0, 0.0, -0.0, -0.0, 0.0, -0.0, 0.0, 0.0, 0.0, -0.0, 0.0, 0.010557, 0.122656, 0.27067, 0.0, -0.137201, 0.125735, -0.0, -0.341677, 0.313123, -0.125749, -0.0, 0.0, 0.01896, -0.216978, 0.010906, 0.12491, 0.273115, 0.001765, 0.169814, 0.08285, 0.004346, 0.418163, 0.204016, -0.126775, 0.003687, 0.001799, 0.135168, 0.173096, 5.7e-05, 0.003228, 0.049313, 3.8e-05, -0.006746, 0.000989, 0.000848, -0.14883, 0.021825, -0.008583, -0.000166, 2.4e-05, 0.014241, -0.004269, 0.310599, 0.429575, 0.285074, -0.029427, -0.211313, 0.310685, 0.429623, -0.288142, -0.026153, -0.207635, 0.016072, 0.13037, -0.008029, -0.009465, 0.015129, 0.016061, 0.130335, 0.007939, -0.009365, 0.015219, 0.015649, 0.128975, 0.007943, 0.013053, 0.011265, 0.015664, 0.129024, -0.007599, 0.013164, 0.011407, 0.01621, 0.130821, 0.000118, 0.019743, -0.000824, 0.001166, 0.045168, 0.000297, -0.000856, -8.3e-05, 2.9e-05, 0.010133, 0.0, -1e-05, 3e-06, 0.001172, 0.045262, -0.000286, -0.000865, -8.9e-05], [0.19014, 0.718332, 1.0, 0.0, 0.0, 0.0, -0.0, 0.0, 0.0, 0.0, 0.0, 0.0, -0.0, 0.0, 0.053728, 0.27067, 0.514402, 0.0, -0.163868, 0.150174, -0.0, -0.444358, 0.407223, -0.072873, -0.0, 0.0, 0.010987, -0.125741, 0.054352, 0.273115, 0.517543, 0.002086, 0.200758, 0.097947, 0.005637, 0.542397, 0.264628, -0.072871, 0.002119, 0.001034, 0.077696, 0.099497, 0.006195, 0.049313, 0.163919, 0.000342, -0.060038, 0.008804, 0.001838, -0.322659, 0.047317, -0.033669, -0.000651, 9.5e-05, 0.055865, -0.016745, 0.456474, 0.733262, 0.195566, -0.020187, -0.144964, 0.456538, 0.733321, -0.197646, -0.017939, -0.142424, 0.10286, 0.311248, -0.039035, -0.046015, 0.07355, 0.102826, 0.311189, 0.038616, -0.04555, 0.074025, 0.101497, 0.308861, 0.039359, 0.064682, 0.055825, 0.101545, 0.308944, -0.03763, 0.065188, 0.056487, 0.103302, 0.31202, 0.00057, 0.095395, -0.00398, 0.027814, 0.145994, 0.009531, -0.027489, -0.002677, 0.004484, 0.050481, 1.8e-05, -0.004621, 0.001579, 0.027885, 0.146212, -0.009134, -0.027682, -0.002838], [-0.0, 0.0, 0.0, 1.0, 0.0, 0.0, 0.530759, 0.0, 0.0, -0.0, -0.0, 0.0, 0.0, 0.0, -0.0, 0.0, 0.0, 0.067937, -0.0, 0.0, 0.193608, -0.0, 0.0, 0.0, -0.135425, 0.124108, -0.0, 0.0, -0.00022, -0.001765, -0.002086, 0.06944, -0.002817, -0.001374, 0.195368, -0.003273, -0.001597, 0.004427, 0.167929, 0.08193, -0.002571, -0.003292, -1e-06, -3.8e-05, -0.000342, 0.001212, 8.4e-05, -1.2e-05, 0.034386, 0.001046, -0.000153, 0.000146, -0.00539, 0.00079, -0.000184, 5.5e-05, -0.312903, -0.167646, -0.185818, 0.041729, 0.299658, 0.316289, 0.169423, -0.19442, -0.037481, -0.297568, 0.012014, 0.048376, -0.003132, -0.008547, 0.013662, -0.011881, -0.047861, -0.00298, 0.008369, -0.0136, -0.011952, -0.04894, -0.003351, -0.012043, -0.010394, 0.011432, 0.046785, -0.002718, 0.011607, 0.010057, -0.000176, -0.000706, 0.004163, -0.000259, 1.1e-05, -0.00081, -0.016396, -0.000112, 0.000713, 6.9e-05, -0.0, -5e-05, 1e-06, 0.0, -0.0, 0.000779, 0.015704, -9.2e-05, -0.000689, -7.1e-05], [-0.0, 0.0, 0.0, 0.0, 1.0, 0.0, 0.0, 0.530759, 0.0, 0.0, -0.0, 0.0, -0.0, 0.0, 0.01688, 0.137201, 0.163868, 0.0, -0.111934, 0.164839, 0.0, -0.018295, 0.194195, -0.110483, 0.0, -0.0, -0.106979, -0.201439, -0.021211, -0.169814, -0.200758, -0.002817, -0.201545, -0.132224, -0.003273, -0.119496, -0.153635, 0.134993, -0.005001, -0.003292, -0.079347, -0.234787, 0.000129, 0.006746, 0.060038, 8.4e-05, -0.013582, 0.00217, 0.001046, -0.149188, 0.026921, -0.016331, -0.000345, 5.5e-05, 0.02687, -0.008879, 0.032299, 0.017305, 0.041729, 0.214131, -0.030932, 0.028708, 0.015378, -0.037481, 0.215122, -0.027009, 0.014162, 0.057027, -0.008547, -0.005957, 0.016105, 0.014014, 0.056455, 0.008369, -0.005757, 0.016042, -0.019641, -0.080428, -0.012043, -0.015815, -0.017081, -0.019804, -0.081047, 0.011607, -0.016125, -0.017423, -0.029487, -0.118096, -0.000259, -0.03922, 0.00181, 0.002337, 0.047291, 0.000713, -0.001922, -0.0002, 6.7e-05, 0.012634, 0.0, -2.6e-05, 9e-06, 0.00236, 0.047593, -0.000689, -0.001952, -0.000214], [0.0, -0.0, 0.0, 0.0, 0.0, 1.0, 0.0, 0.0, 0.530759, 0.0, 0.0, -0.0, 0.0, -0.0, -0.015469, -0.125735, -0.150174, -0.0, 0.164839, -0.083126, -0.0, 0.194195, 0.015642, 0.10125, -0.0, 0.0, -0.150177, 0.162915, -0.010349, -0.08285, -0.097947, -0.001374, -0.132224, 0.004959, -0.001597, -0.153635, 0.120445, 0.065862, -0.003292, 0.00014, -0.202641, 0.01346, -1.9e-05, -0.000989, -0.008804, -1.2e-05, 0.00217, 0.000894, -0.000153, 0.026921, 0.030444, 0.002395, 5.5e-05, 2.3e-05, -0.005522, -0.003974, 0.231941, 0.124269, 0.299658, -0.030932, -0.003684, 0.227918, 0.122086, -0.297568, -0.027009, 0.004097, -0.022636, -0.09115, 0.013662, 0.016105, -0.021623, -0.022775, -0.091746, -0.0136, 0.016042, -0.021956, -0.016952, -0.069414, -0.010394, -0.017081, -0.010765, -0.017161, -0.070229, 0.010057, -0.017423, -0.011115, 0.00123, 0.004927, 1.1e-05, 0.00181, 0.004089, 0.000228, 0.004606, 6.9e-05, -0.0002, 0.000115, -2.3e-05, -0.004318, -0.0, 9e-06, -2e-06, 0.000242, 0.004878, -7.1e-05, -0.000214, 0.000114], [0.0, -0.0, -0.0, 0.530759, 0.0, 0.0, 1.0, 0.0, 0.0, 0.0, 0.0, 0.0, -0.0, 0.0, 0.0, -0.0, -0.0, 0.193608, -0.0, 0.0, 0.53161, 0.0, 0.0, 0.0, -0.155847, 0.142823, 0.0, -0.0, -0.001108, -0.004346, -0.005637, 0.195368, -0.003273, -0.001597, 0.534636, -0.00562, -0.002742, 0.003414, 0.190796, 0.093087, -0.001198, -0.001534, -0.000139, -0.000848, -0.001838, 0.034386, 0.001046, -0.000153, 0.179249, 0.003437, -0.000504, 0.000969, -0.062755, 0.009203, -0.000923, 0.000277, -0.45145, -0.427028, 0.089694, 0.020661, 0.148371, 0.456244, 0.431538, 0.085488, -0.018553, -0.147297, 0.10797, 0.186657, 0.018043, -0.050859, 0.081291, -0.106816, -0.184686, 0.018927, 0.049823, -0.080968, -0.10905, -0.189539, 0.015803, -0.073186, -0.063164, 0.104254, 0.181169, 0.019681, 0.070482, 0.061074, -0.001577, -0.002722, 0.061453, -0.001533, 6.4e-05, -0.031205, -0.091086, 0.004056, 0.032963, 0.00321, -7.7e-05, -0.000462, 0.002252, 8.6e-05, -2.9e-05, 0.029896, 0.087178, 0.005059, -0.031721, -0.003251], [-0.0, 0.0, 0.0, 0.0, 0.530759, 0.0, 0.0, 1.0, 0.0, 0.0, 0.0, 0.0, 0.0, 0.0, 0.086861, 0.341677, 0.444358, 0.0, -0.018295, 0.194195, 0.0, 0.166475, 0.33462, 0.000855, -0.0, 0.0, -0.142409, -0.010957, -0.106569, -0.418163, -0.542397, -0.003273, -0.119496, -0.153635, -0.00562, -0.006036, -0.263816, -0.002075, -0.001161, -0.001534, 0.075572, -0.054495, 0.024319, 0.14883, 0.322659, 0.001046, -0.149188, 0.026921, 0.003437, -0.424017, 0.088469, -0.061397, -0.001529, 0.000277, 0.099232, -0.039353, 0.046601, 0.04408, 0.020661, 0.287722, -0.015315, 0.041411, 0.039169, -0.018553, 0.288213, -0.01337, 0.127278, 0.220036, -0.050859, 0.001234, 0.095828, 0.125996, 0.217849, 0.049823, 0.002397, 0.095507, -0.179211, -0.311484, -0.073186, -0.059935, -0.103803, -0.180602, -0.313843, 0.070482, -0.06173, -0.1058, -0.263719, -0.455126, -0.001533, -0.194949, 0.010697, 0.090003, 0.262718, 0.032963, -0.07959, -0.00926, 0.019368, 0.11666, 8.6e-05, -0.019515, 0.00744, 0.090606, 0.264207, -0.031721, -0.080609, -0.009854], [0.0, -0.0, 0.0, 0.0, 0.0, 0.530759, 0.0, 0.0, 1.0, 0.0, 0.0, 0.0, 0.0, 0.0, -0.079602, -0.313123, -0.407223, -0.0, 0.194195, 0.015642, 0.0, 0.33462, 0.224954, -0.000784, 0.0, 0.0, -0.155137, -0.014919, -0.051993, -0.204016, -0.264628, -0.001597, -0.153635, 0.120445, -0.002742, -0.263816, 0.405982, -0.001012, -0.001534, 0.001235, -0.149335, 0.118818, -0.003566, -0.021825, -0.047317, -0.000153, 0.026921, 0.030444, -0.000504, 0.088469, 0.166295, 0.009004, 0.000277, 0.000317, -0.032961, -0.055645, 0.33464, 0.316537, 0.148371, -0.015315, 0.179874, 0.328769, 0.310966, -0.147297, -0.01337, 0.183755, -0.203438, -0.3517, 0.081291, 0.095828, -0.091982, -0.20476, -0.354033, -0.080968, 0.095507, -0.094046, -0.15467, -0.26883, -0.063164, -0.103803, -0.029251, -0.156496, -0.271951, 0.061074, -0.1058, -0.03131, 0.011002, 0.018987, 6.4e-05, 0.010697, 0.061016, 0.008766, 0.025587, 0.00321, -0.00926, 0.014582, -0.00662, -0.039874, -2.9e-05, 0.00744, -0.00029, 0.009287, 0.027082, -0.003251, -0.009854, 0.014516], [-0.0, 0.0, 0.0, -0.0, 0.0, 0.0, 0.0, 0.0, 0.0, 1.0, 0.0, 0.0, 0.0, 0.0, -0.030277, -0.125749, -0.072873, 0.0, 0.110483, -0.10125, 0.0, -0.000855, 0.000784, 0.123654, -0.0, 0.0, -0.003388, 0.03877, -0.031094, -0.126775, -0.072871, -0.004427, -0.134993, -0.065862, -0.003414, 0.002075, 0.001012, 0.124291, -0.007432, -0.003626, -0.022436, -0.028732, -0.000197, -0.008583, -0.033669, -0.000146, 0.016331, -0.002395, -0.000969, 0.061397, -0.009004, 0.019241, 0.00057, -8.4e-05, -0.028666, 0.008592, 0.186073, 0.036563, -0.156396, -0.047606, -0.341863, 0.194363, 0.038184, 0.146685, -0.04335, -0.344163, -0.014425, -0.022115, 0.01969, 0.008026, -0.012829, -0.014723, -0.022582, -0.019704, 0.008218, -0.013356, -0.013546, -0.021122, -0.01908, -0.010439, -0.009009, -0.014856, -0.023149, 0.019223, -0.012206, -0.010577, -0.029342, -0.044741, -0.000456, -0.044494, 0.001856, -0.002168, -0.016884, -0.001125, 0.002011, 0.000196, -0.000113, -0.008325, -0.0, 5.2e-05, -1.8e-05, -0.002265, -0.017588, 0.001114, 0.00213, 0.000218], [0.0, 0.0, 0.0, -0.0, -0.0, 0.0, 0.0, 0.0, 0.0, 0.0, 1.0, 0.0, 0.0, 0.0, 0.0, 0.0, 0.0, 0.135425, 0.0, -0.0, 0.155847, -0.0, 0.0, 0.0, -0.150788, 0.230915, -0.0, -0.0, 0.000904, 0.003687, 0.002119, -0.167929, 0.005001, 0.003292, -0.190796, 0.001161, 0.001534, -0.007432, -0.275421, -0.184768, 0.001563, 0.005123, -4e-06, -0.000166, -0.000651, 0.00539, 0.000345, -5.5e-05, 0.062755, 0.001529, -0.000277, 0.00057, -0.022009, 0.003516, -0.000679, 0.000224, -0.046209, -0.00908, -0.026602, -0.35002, 0.047002, 0.041502, 0.008153, -0.024833, 0.355211, -0.041469, 0.020037, 0.030718, -0.006655, -0.010743, 0.029058, -0.019622, -0.030095, -0.006269, 0.010273, -0.028646, 0.028432, 0.044331, 0.01016, 0.029194, 0.031538, -0.027394, -0.042688, 0.008299, -0.028444, -0.03074, 0.000607, 0.000925, -0.018287, 0.001029, -4.7e-05, -0.003385, -0.026367, -0.000599, 0.003535, 0.000368, -1e-06, -0.000102, 7e-06, 1e-06, -0.0, 0.003266, 0.025359, -0.000491, -0.003432, -0.000376], [0.0, 0.0, 0.0, 0.0, 0.0, -0.0, 0.0, 0.0, 0.0, 0.0, 0.0, 1.0, 0.0, 0.0, -0.0, -0.0, -0.0, -0.124108, -0.0, 0.0, -0.142823, 0.0, 0.0, -0.0, 0.230915, -0.110433, -0.0, 0.0, 0.000441, 0.001799, 0.001034, -0.08193, 0.003292, -0.00014, -0.093087, 0.001534, -0.001235, -0.003626, -0.184768, 0.013143, 0.004605, -0.000501, 1e-06, 2.4e-05, 9.5e-05, -0.00079, -5.5e-05, -2.3e-05, -0.009203, -0.000277, -0.000317, -8.4e-05, 0.003516, 0.001449, 0.00014, 0.000101, -0.331829, -0.065205, -0.191031, 0.047002, -0.019044, 0.329491, 0.064731, -0.197153, -0.041469, 0.031206, -0.032026, -0.049099, 0.010637, 0.029058, -0.039009, 0.031888, 0.048908, 0.010189, -0.028646, 0.0392, 0.024538, 0.03826, 0.008769, 0.031538, 0.019871, -0.023738, -0.03699, 0.007191, -0.03074, -0.019606, -2.5e-05, -3.9e-05, 0.000763, -4.7e-05, -0.000107, -0.00033, -0.002568, -5.8e-05, 0.000368, -0.000211, 0.0, 3.5e-05, -2e-06, -0.0, 0.0, 0.000335, 0.002599, -5e-05, -0.000376, 0.000199], [-0.0, -0.0, -0.0, 0.0, -0.0, 0.0, -0.0, 0.0, 0.0, 0.0, 0.0, 0.0, 1.0, 0.0, 0.004565, 0.01896, 0.010987, -0.0, 0.106979, 0.150177, 0.0, 0.142409, 0.155137, -0.003388, 0.0, 0.0, -0.358381, -0.046047, 0.033153, 0.135168, 0.077696, 0.002571, 0.079347, 0.202641, 0.001198, -0.075572, 0.149335, -0.022436, 0.001563, 0.004605, -0.164087, 0.2582, 0.000327, 0.014241, 0.055865, 0.000184, -0.02687, 0.005522, 0.000923, -0.099232, 0.032961, -0.028666, -0.000679, 0.00014, 0.04751, -0.020995, -0.1206, -0.023698, -0.165488, 0.053889, -0.141637, -0.116832, -0.022953, 0.162003, 0.047419, -0.14299, -0.018362, -0.028151, 0.014133, 0.025428, -0.012616, -0.018991, -0.029128, -0.014463, 0.025734, -0.013629, 0.00596, 0.009293, 0.004661, -0.004416, 0.017034, 0.005912, 0.009212, -0.004419, -0.004524, 0.017187, 0.05065, 0.07723, 0.000568, 0.076741, -0.004728, 0.004835, 0.037664, 0.001873, -0.00469, -0.000596, 0.000155, 0.011403, 0.0, -7e-05, 2.9e-05, 0.004897, 0.038024, -0.001816, -0.004782, -0.000638], [0.0, 0.0, 0.0, 0.0, 0.0, -0.0, 0.0, 0.0, 0.0, 0.0, 0.0, 0.0, 0.0, 1.0, -0.052242, -0.216978, -0.125741, 0.0, 0.201439, -0.162915, -0.0, 0.010957, 0.014919, 0.03877, 0.0, -0.0, -0.046047, 0.164569, 0.042455, 0.173096, 0.099497, 0.003292, 0.234787, -0.01346, 0.001534, 0.054495, -0.118818, -0.028732, 0.005123, -0.000501, 0.2582, -0.035061, -9.8e-05, -0.004269, -0.016745, -5.5e-05, 0.008879, 0.003974, -0.000277, 0.039353, 0.055645, 0.008592, 0.000224, 0.000101, -0.020995, -0.016241, 0.034253, 0.006731, 0.047002, 0.259455, 0.001966, 0.029906, 0.005875, -0.041469, 0.255965, 0.002832, -0.037753, -0.05788, 0.029058, 0.020241, -0.045985, -0.037614, -0.05769, -0.028646, 0.019693, -0.046238, 0.040326, 0.062876, 0.031538, 0.041407, 0.032656, 0.041122, 0.064079, -0.03074, 0.042698, 0.033964, -0.004233, -0.006455, -4.7e-05, -0.00718, -0.017963, 0.000951, 0.007407, 0.000368, -0.000993, 0.000609, -0.00012, -0.008826, -0.0, 5.8e-05, -1.3e-05, 0.001015, 0.007878, -0.000376, -0.001066, 0.000603], [0.00027, 0.010557, 0.053728, -0.0, 0.01688, -0.015469, 0.0, 0.086861, -0.079602, -0.030277, 0.0, -0.0, 0.004565, -0.052242, 1.0, -0.2157, 0.19014, -0.0, -0.0, 0.0, 0.0, 0.0, -0.0, -0.0, 0.0, 0.0, -0.0, 0.0, 1e-06, 5.7e-05, 0.006197, 1e-06, 0.000129, -1.9e-05, 0.000139, 0.024326, -0.003565, -0.000197, 4e-06, -1e-06, 0.000327, -9.8e-05, 0.00028, 0.010906, 0.054352, 0.00022, -0.021213, -0.010346, 0.001108, -0.106576, -0.051978, -0.031094, -0.000904, -0.000441, 0.033165, 0.042445, 0.000577, 0.0224, 0.000151, 0.000178, -0.000289, 0.000578, 0.022413, -0.000152, 0.00018, -0.000287, 0.055876, 0.095594, -0.082876, 0.007522, 0.059729, 0.055859, 0.095585, 0.081978, 0.008471, 0.060766, 2.1e-05, 0.006249, 4e-06, 1.2e-05, 1e-06, 2.1e-05, 0.006267, -4e-06, 1.2e-05, 1e-06, 0.0, 0.001051, 0.0, 0.0, -0.0, 0.000557, 0.022125, 0.00015, -0.000246, -0.000212, 0.000585, 0.022507, 2e-06, -0.000376, 1.6e-05, 0.000558, 0.022133, -0.000143, -0.000248, -0.000215], [0.010557, 0.122656, 0.27067, 0.0, 0.137201, -0.125735, -0.0, 0.341677, -0.313123, -0.125749, 0.0, -0.0, 0.01896, -0.216978, -0.2157, 1.0, 0.718332, 0.0, 0.0, -0.0, -0.0, -0.0, -0.0, 0.0, 0.0, 0.0, -0.0, 0.0, 5.7e-05, 0.00323, 0.049326, 3.8e-05, 0.00675, -0.000989, 0.000848, 0.148863, -0.021819, -0.008587, 0.000166, -2.4e-05, 0.014249, -0.004269, 0.010906, 0.124909, 0.273114, 0.001765, -0.169825, -0.082825, 0.004346, -0.418193, -0.203955, -0.126775, -0.003688, -0.001798, 0.135218, 0.173056, 0.016059, 0.130326, 0.007938, 0.009364, -0.015216, 0.016077, 0.130385, -0.008032, 0.009468, -0.015133, 0.310651, 0.429604, -0.288111, 0.026151, 0.207645, 0.310595, 0.429572, 0.28507, 0.029459, 0.211309, 0.001166, 0.045166, 0.000297, 0.000856, 8.3e-05, 0.001172, 0.045271, -0.000286, 0.000866, 8.9e-05, 2.9e-05, 0.010133, 0.0, 1e-05, -3e-06, 0.015656, 0.128998, 0.007947, -0.01306, -0.01127, 0.016216, 0.130838, 0.000119, -0.01975, 0.000827, 0.015668, 0.129038, -0.007602, -0.013169, -0.011408], [0.053728, 0.27067, 0.514402, 0.0, 0.163868, -0.150174, -0.0, 0.444358, -0.407223, -0.072873, 0.0, -0.0, 0.010987, -0.125741, 0.19014, 0.718332, 1.0, 0.0, -0.0, 0.0, -0.0, 0.0, 0.0, 0.0, 0.0, 0.0, -0.0, 0.0, 0.006197, 0.049326, 0.163949, 0.000342, 0.060053, -0.008802, 0.001839, 0.322703, -0.047299, -0.033675, 0.000651, -9.5e-05, 0.055877, -0.01674, 0.054352, 0.273114, 0.517542, 0.002086, -0.200772, -0.097917, 0.005637, -0.542436, -0.264549, -0.072871, -0.00212, -0.001034, 0.077725, 0.099474, 0.102817, 0.311173, 0.038612, 0.04555, -0.074018, 0.102875, 0.311274, -0.039041, 0.046023, -0.073557, 0.456513, 0.733297, -0.197634, 0.017938, 0.142437, 0.45647, 0.733258, 0.195564, 0.020209, 0.144963, 0.027813, 0.145991, 0.00953, 0.027487, 0.002679, 0.027892, 0.146232, -0.009135, 0.027688, 0.002841, 0.004484, 0.050482, 1.8e-05, 0.004621, -0.001579, 0.10152, 0.3089, 0.039369, -0.064698, -0.05583, 0.103319, 0.312049, 0.000575, -0.095407, 0.003994, 0.101558, 0.308967, -0.03764, -0.065202, -0.056482], [-0.0, 0.0, 0.0, 0.067937, 0.0, -0.0, 0.193608, 0.0, -0.0, 0.0, 0.135425, -0.124108, -0.0, 0.0, -0.0, 0.0, 0.0, 1.0, 0.0, 0.0, 0.530759, 0.0, 0.0, -0.0, -0.0, -0.0, 0.0, -0.0, -1e-06, -3.8e-05, -0.000342, 0.001213, -8.4e-05, 1.2e-05, 0.034396, -0.001046, 0.000153, 0.000146, 0.005393, -0.00079, -0.000184, 5.5e-05, -0.00022, -0.001765, -0.002086, 0.06944, 0.002817, 0.001374, 0.195367, 0.003273, 0.001596, 0.004427, -0.16794, -0.081905, -0.002572, -0.003291, -0.011879, -0.047857, -0.002979, -0.008368, 0.013597, 0.012017, 0.048382, -0.003134, 0.00855, -0.013666, 0.316247, 0.169415, -0.194388, 0.037475, 0.297567, -0.312897, -0.167645, -0.185814, -0.041774, -0.299651, -0.00081, -0.016395, -0.000112, -0.000713, -6.9e-05, 0.000779, 0.015705, -9.2e-05, 0.000689, 7.1e-05, -0.0, -5e-05, 1e-06, -0.0, 0.0, -0.011957, -0.048949, -0.003353, 0.01205, 0.010399, -0.000178, -0.000712, 0.004165, 0.000262, -1.1e-05, 0.011437, 0.046796, -0.002721, -0.011613, -0.01006], [-0.01688, -0.137201, -0.163868, -0.0, -0.111934, 0.164839, -0.0, -0.018295, 0.194195, 0.110483, 0.0, -0.0, 0.106979, 0.201439, -0.0, 0.0, -0.0, 0.0, 1.0, 0.0, 0.0, 0.530759, 0.0, 0.0, -0.0, -0.0, -0.0, -0.0, -0.000129, -0.00675, -0.060053, -8.4e-05, -0.01359, 0.00217, -0.001046, -0.149214, 0.026913, 0.016339, -0.000345, 5.5e-05, -0.026885, 0.00888, 0.021213, 0.169825, 0.200772, 0.002817, -0.201583, -0.132193, 0.003273, -0.119542, -0.153599, -0.135003, -0.005002, -0.003291, 0.079446, 0.234761, -0.014013, -0.056456, -0.008368, -0.005757, 0.01604, -0.014166, -0.057034, 0.00855, -0.00596, 0.01611, -0.028704, -0.015377, 0.037475, 0.215089, -0.027009, -0.032334, -0.017324, -0.041774, 0.214117, -0.030965, -0.002337, -0.047289, -0.000713, -0.001921, -0.0002, -0.002361, -0.0476, 0.000689, -0.001953, -0.000214, -6.7e-05, -0.012634, -0.0, -2.6e-05, 9e-06, 0.019651, 0.080442, 0.01205, -0.015824, -0.017089, 0.029496, 0.118106, 0.000262, -0.039233, 0.001817, 0.019811, 0.081062, -0.011613, -0.016133, -0.017426], [0.015469, 0.125735, 0.150174, 0.0, 0.164839, -0.083126, 0.0, 0.194195, 0.015642, -0.10125, -0.0, 0.0, 0.150177, -0.162915, 0.0, -0.0, 0.0, 0.0, 0.0, 1.0, 0.0, 0.0, 0.530759, 0.0, -0.0, -0.0, 0.0, -0.0, 1.9e-05, 0.000989, 0.008802, 1.2e-05, 0.00217, 0.000895, 0.000153, 0.026913, 0.030457, -0.002395, 5.5e-05, 2.3e-05, 0.005522, 0.003978, 0.010346, 0.082825, 0.097917, 0.001374, -0.132193, 0.004998, 0.001596, -0.153599, 0.12049, -0.065842, -0.003291, 0.000141, 0.202625, -0.013554, 0.022771, 0.091739, 0.013597, 0.01604, -0.021951, 0.022642, 0.091155, -0.013666, 0.01611, -0.021628, -0.227923, -0.1221, 0.297567, -0.027009, 0.00403, -0.231937, -0.124268, -0.299651, -0.030965, -0.003684, -0.000228, -0.004609, -6.9e-05, -0.0002, 0.000115, -0.000242, -0.004885, 7.1e-05, -0.000214, 0.000114, 2.3e-05, 0.004317, 0.0, 9e-06, -2e-06, 0.016957, 0.069416, 0.010399, -0.017089, -0.010767, -0.001235, -0.004944, -1.1e-05, 0.001817, 0.00409, 0.017162, 0.070221, -0.01006, -0.017426, -0.011112], [0.0, -0.0, -0.0, 0.193608, 0.0, -0.0, 0.53161, 0.0, 0.0, 0.0, 0.155847, -0.142823, 0.0, -0.0, 0.0, -0.0, -0.0, 0.530759, 0.0, 0.0, 1.0, 0.0, 0.0, 0.0, 0.0, 0.0, -0.0, 0.0, -0.000139, -0.000848, -0.001839, 0.034396, -0.001046, 0.000153, 0.17928, -0.003438, 0.000504, 0.000969, 0.062769, -0.0092, -0.000923, 0.000277, -0.001108, -0.004346, -0.005637, 0.195367, 0.003273, 0.001596, 0.534635, 0.00562, 0.002741, 0.003414, -0.19081, -0.093059, -0.001198, -0.001534, -0.106807, -0.184677, 0.018926, -0.049823, 0.080961, 0.107985, 0.186672, 0.018046, 0.050866, -0.081298, 0.456219, 0.431525, 0.085483, 0.018552, 0.147312, -0.451446, -0.427026, 0.089693, -0.020684, -0.148369, -0.031203, -0.091084, 0.004055, -0.032961, -0.003213, 0.029899, 0.087179, 0.005063, 0.031723, 0.003256, -7.6e-05, -0.000458, 0.002252, -8.6e-05, 2.9e-05, -0.109074, -0.189562, 0.015807, 0.073203, 0.063169, -0.001589, -0.002743, 0.061463, 0.001545, -6.5e-05, 0.10428, 0.181203, 0.019674, -0.070504, -0.061075], [-0.086861, -0.341677, -0.444358, -0.0, -0.018295, 0.194195, 0.0, 0.166475, 0.33462, -0.000855, -0.0, 0.0, 0.142409, 0.010957, 0.0, -0.0, 0.0, 0.0, 0.530759, 0.0, 0.0, 1.0, 0.0, -0.0, 0.0, 0.0, 0.0, 0.0, -0.024326, -0.148863, -0.322703, -0.001046, -0.149214, 0.026913, -0.003438, -0.424043, 0.088433, 0.061401, -0.001529, 0.000277, -0.099246, 0.039338, 0.106576, 0.418193, 0.542436, 0.003273, -0.119542, -0.153599, 0.00562, -0.006116, -0.263755, 0.002075, -0.001161, -0.001534, -0.075534, 0.0545, -0.125997, -0.217859, -0.049823, 0.002385, 0.095507, -0.127296, -0.220054, 0.050866, 0.001234, 0.095836, -0.041409, -0.039168, 0.018552, 0.288196, -0.013371, -0.046652, -0.044128, -0.020684, 0.287715, -0.015332, -0.089999, -0.262712, -0.032961, -0.079586, -0.009266, -0.090622, -0.264231, 0.031723, -0.080621, -0.009867, -0.019369, -0.116664, -8.6e-05, -0.019517, 0.007439, 0.179249, 0.311522, 0.073203, -0.059949, -0.103811, 0.263747, 0.455146, 0.001545, -0.194958, 0.010734, 0.180637, 0.313887, -0.070504, -0.061755, -0.105797], [0.079602, 0.313123, 0.407223, 0.0, 0.194195, 0.015642, 0.0, 0.33462, 0.224954, 0.000784, 0.0, 0.0, 0.155137, 0.014919, -0.0, -0.0, 0.0, 0.0, 0.0, 0.530759, 0.0, 0.0, 1.0, 0.0, 0.0, 0.0, 0.0, 0.0, 0.003565, 0.021819, 0.047299, 0.000153, 0.026913, 0.030457, 0.000504, 0.088433, 0.166338, -0.009, 0.000277, 0.000317, 0.03295, 0.055666, 0.051978, 0.203955, 0.264549, 0.001596, -0.153599, 0.12049, 0.002741, -0.263755, 0.406059, 0.001012, -0.001534, 0.001235, 0.149312, -0.11887, 0.204743, 0.354015, 0.080961, 0.095507, -0.094037, 0.203454, 0.351707, -0.081298, 0.095836, -0.091977, -0.328803, -0.311005, 0.147312, -0.013371, 0.183711, -0.334637, -0.316536, -0.148369, -0.015332, 0.179873, -0.008772, -0.025607, -0.003213, -0.009266, 0.01458, -0.0093, -0.027116, 0.003256, -0.009867, 0.014517, 0.006618, 0.039864, 2.9e-05, 0.007439, -0.000289, 0.154679, 0.268822, 0.063169, -0.103811, -0.02923, -0.01104, -0.019052, -6.5e-05, 0.010734, 0.061023, 0.156479, 0.271909, -0.061075, -0.105797, -0.031272], [-0.030277, -0.125749, -0.072873, 0.0, -0.110483, 0.10125, 0.0, 0.000855, -0.000784, 0.123654, 0.0, -0.0, -0.003388, 0.03877, -0.0, 0.0, 0.0, -0.0, 0.0, 0.0, 0.0, -0.0, 0.0, 1.0, 0.0, 0.0, 0.0, 0.0, -0.000197, -0.008587, -0.033675, -0.000146, -0.016339, 0.002395, -0.000969, -0.061401, 0.009, 0.019248, -0.000571, 8.4e-05, -0.028678, 0.008591, -0.031094, -0.126775, -0.072871, -0.004427, 0.135003, 0.065842, -0.003414, -0.002075, -0.001012, 0.124291, 0.007433, 0.003625, -0.022445, -0.028726, -0.014722, -0.022582, -0.019701, -0.008218, 0.013355, -0.014427, -0.022114, 0.019696, -0.008027, 0.01283, 0.194316, 0.038178, 0.146693, 0.043341, 0.344146, 0.186066, 0.036563, -0.156397, 0.047658, 0.341853, -0.002167, -0.016884, -0.001125, -0.002011, -0.000196, -0.002266, -0.017592, 0.001115, -0.002131, -0.000219, -0.000113, -0.008325, -0.0, -5.2e-05, 1.8e-05, -0.01355, -0.021121, -0.019088, 0.010441, 0.009009, -0.02935, -0.044743, -0.000459, 0.044506, -0.001863, -0.014855, -0.023144, 0.019228, 0.012204, 0.010572], [-0.0, -0.0, -0.0, -0.135425, 0.0, -0.0, -0.155847, -0.0, 0.0, -0.0, -0.150788, 0.230915, 0.0, 0.0, 0.0, 0.0, 0.0, -0.0, -0.0, -0.0, 0.0, 0.0, 0.0, 0.0, 1.0, 0.0, 0.0, 0.0, 4e-06, 0.000166, 0.000651, -0.005393, 0.000345, -5.5e-05, -0.062769, 0.001529, -0.000277, -0.000571, -0.022021, 0.003516, 0.000679, -0.000224, -0.000904, -0.003688, -0.00212, 0.16794, 0.005002, 0.003291, 0.19081, 0.001161, 0.001534, 0.007433, -0.275475, -0.184725, -0.001565, -0.005122, 0.01962, 0.030095, 0.006269, 0.010274, -0.028642, -0.020043, -0.030722, 0.006657, -0.010747, 0.029067, -0.041497, -0.008153, 0.024829, 0.35516, -0.04147, 0.046259, 0.00909, 0.026631, -0.349999, 0.047053, 0.003385, 0.026366, 0.000599, 0.003535, 0.000369, -0.003267, -0.02536, 0.000491, -0.003434, -0.000377, 1e-06, 0.000101, -7e-06, 1e-06, -0.0, -0.028445, -0.044339, -0.010166, 0.029211, 0.031552, -0.000612, -0.000932, 0.018294, 0.001037, -4.8e-05, 0.027407, 0.042701, -0.008307, -0.028462, -0.030749], [0.0, 0.0, 0.0, 0.124108, -0.0, 0.0, 0.142823, 0.0, 0.0, 0.0, 0.230915, -0.110433, 0.0, -0.0, 0.0, 0.0, 0.0, -0.0, -0.0, -0.0, 0.0, 0.0, 0.0, 0.0, 0.0, 1.0, 0.0, 0.0, -1e-06, -2.4e-05, -9.5e-05, 0.00079, -5.5e-05, -2.3e-05, 0.0092, -0.000277, -0.000317, 8.4e-05, 0.003516, 0.001451, -0.00014, -0.000101, -0.000441, -0.001798, -0.001034, 0.081905, 0.003291, -0.000141, 0.093059, 0.001534, -0.001235, 0.003625, -0.184725, 0.013197, -0.004604, 0.000503, -0.031882, -0.048904, -0.010186, -0.028642, 0.03919, 0.032034, 0.049102, -0.01064, 0.029067, -0.039018, -0.329499, -0.064738, 0.197155, -0.04147, 0.031098, 0.331822, 0.065204, 0.191028, 0.047053, -0.019044, 0.00033, 0.00257, 5.8e-05, 0.000369, -0.000211, -0.000335, -0.002603, 5e-05, -0.000377, 0.000199, -0.0, -3.5e-05, 2e-06, -0.0, 0.0, -0.024546, -0.038261, -0.008772, 0.031552, 0.019874, 2.6e-05, 3.9e-05, -0.000766, -4.8e-05, -0.000108, 0.023742, 0.03699, -0.007196, -0.030749, -0.019603], [0.004565, 0.01896, 0.010987, -0.0, -0.106979, -0.150177, 0.0, -0.142409, -0.155137, -0.003388, -0.0, -0.0, -0.358381, -0.046047, -0.0, -0.0, -0.0, 0.0, -0.0, 0.0, -0.0, 0.0, 0.0, 0.0, 0.0, 0.0, 1.0, 0.0, 0.000327, 0.014249, 0.055877, 0.000184, 0.026885, -0.005522, 0.000923, 0.099246, -0.03295, -0.028678, 0.000679, -0.00014, 0.047535, -0.020995, 0.033165, 0.135218, 0.077725, 0.002572, -0.079446, -0.202625, 0.001198, 0.075534, -0.149312, -0.022445, -0.001565, -0.004604, -0.163934, 0.258238, -0.018986, -0.029122, -0.014458, -0.025729, 0.013622, -0.018364, -0.028149, 0.014136, -0.025434, 0.012615, -0.116854, -0.022959, 0.162031, -0.047417, 0.142955, -0.120592, -0.023697, -0.165478, -0.053946, 0.14164, 0.004835, 0.037662, 0.001873, 0.00469, 0.000596, 0.004899, 0.038028, -0.001816, 0.004785, 0.000639, 0.000155, 0.011405, 0.0, 7e-05, -2.9e-05, 0.005968, 0.009303, 0.004668, 0.004411, -0.017047, 0.050661, 0.077232, 0.000573, -0.076759, 0.004745, 0.005925, 0.009231, -0.00443, 0.004511, -0.017202], [-0.052242, -0.216978, -0.125741, 0.0, -0.201439, 0.162915, -0.0, -0.010957, -0.014919, 0.03877, -0.0, 0.0, -0.046047, 0.164569, 0.0, 0.0, 0.0, -0.0, -0.0, -0.0, 0.0, 0.0, 0.0, 0.0, 0.0, 0.0, 0.0, 1.0, -9.8e-05, -0.004269, -0.01674, -5.5e-05, -0.00888, -0.003978, -0.000277, -0.039338, -0.055666, 0.008591, -0.000224, -0.000101, -0.020995, -0.016256, 0.042445, 0.173056, 0.099474, 0.003291, -0.234761, 0.013554, 0.001534, -0.0545, 0.11887, -0.028726, -0.005122, 0.000503, 0.258238, -0.035212, -0.037611, -0.057691, -0.028642, -0.019695, 0.046232, -0.037762, -0.057883, 0.029067, -0.020248, 0.045995, 0.029907, 0.005876, -0.04147, -0.255968, -0.002823, 0.03429, 0.006738, 0.047053, -0.259439, -0.001968, 0.000952, 0.007412, 0.000369, 0.000994, -0.000608, 0.001016, 0.007888, -0.000377, 0.001068, -0.000603, -0.00012, -0.008824, -0.0, -5.8e-05, 1.3e-05, 0.040338, 0.062878, 0.031552, -0.041424, -0.032661, -0.004249, -0.006477, -4.8e-05, 0.007206, 0.017967, 0.041126, 0.064075, -0.030749, -0.04271, -0.033957], [0.00028, 0.010906, 0.054352, -0.00022, -0.021211, -0.010349, -0.001108, -0.106569, -0.051993, -0.031094, 0.000904, 0.000441, 0.033153, 0.042455, 1e-06, 5.7e-05, 0.006197, -1e-06, -0.000129, 1.9e-05, -0.000139, -0.024326, 0.003565, -0.000197, 4e-06, -1e-06, 0.000327, -9.8e-05, 1.0, -0.2157, 0.19014, 0.0, -0.0, 0.0, 0.0, 0.0, 0.0, -0.0, 0.0, 0.0, -0.0, 0.0, 0.0, 0.0, 6.5e-05, 0.0, -0.0, -0.0, 0.0, -0.000469, -3.7e-05, -0.0, -0.0, -0.0, 0.0, 0.0, 0.000628, 0.023065, 0.000163, -0.000275, -0.000249, 0.000623, 0.022999, -0.000169, -0.000271, -0.000244, 2.3e-05, 0.006516, -5e-06, -1.2e-05, 5e-06, 2.5e-05, 0.006771, 5e-06, -1.4e-05, 6e-06, 0.056143, 0.095728, 0.084071, 0.011756, 0.058394, 0.056139, 0.095725, -0.082941, 0.01278, 0.059761, 0.056157, 0.095735, -0.000122, 0.07448, -0.071241, 0.0, 0.00011, 0.0, -0.0, -0.0, 0.0, 1.9e-05, -0.0, -0.0, 0.0, 0.0, 0.000106, -0.0, -0.0, -0.0], [0.010906, 0.12491, 0.273115, -0.001765, -0.169814, -0.08285, -0.004346, -0.418163, -0.204016, -0.126775, 0.003687, 0.001799, 0.135168, 0.173096, 5.7e-05, 0.00323, 0.049326, -3.8e-05, -0.00675, 0.000989, -0.000848, -0.148863, 0.021819, -0.008587, 0.000166, -2.4e-05, 0.014249, -0.004269, -0.2157, 1.0, 0.718332, -0.0, 0.0, -0.0, -0.0, -0.0, -0.0, 0.0, 0.0, 0.0, -0.0, 0.0, 0.0, 1e-06, 0.001198, 0.0, -3e-06, -0.0, -0.0, -0.006553, -0.000511, -5e-06, -0.0, -0.0, 9e-06, 1e-06, 0.017049, 0.13351, 0.008422, -0.01421, -0.012848, 0.016949, 0.133195, -0.008724, -0.014008, -0.012642, 0.00127, 0.046765, -0.000329, -0.000879, 0.000366, 0.001375, 0.048287, 0.000348, -0.000968, 0.000409, 0.311534, 0.430096, 0.290989, 0.04069, 0.202115, 0.31152, 0.430088, -0.287099, 0.044239, 0.206862, 0.311581, 0.430122, -0.000424, 0.257732, -0.246524, 0.0, 0.001497, 0.0, -0.0, -0.0, 0.0, 0.000331, -0.0, -0.0, 0.0, 0.0, 0.001449, -0.0, -0.0, -0.0], [0.054352, 0.273115, 0.517543, -0.002086, -0.200758, -0.097947, -0.005637, -0.542397, -0.264628, -0.072871, 0.002119, 0.001034, 0.077696, 0.099497, 0.006197, 0.049326, 0.163949, -0.000342, -0.060053, 0.008802, -0.001839, -0.322703, 0.047299, -0.033675, 0.000651, -9.5e-05, 0.055877, -0.01674, 0.19014, 0.718332, 1.0, 0.0, -0.0, 0.0, 0.0, 0.0, 0.0, 0.0, 0.0, 0.0, -0.0, 0.0, 6.5e-05, 0.001198, 0.013997, 0.0, -0.001988, -0.000155, 0.0, -0.045403, -0.003543, -0.001753, 0.0, 0.0, 0.003, 0.000471, 0.105943, 0.316599, 0.039251, -0.066225, -0.059874, 0.105633, 0.316063, -0.040829, -0.065555, -0.059162, 0.029027, 0.149655, -0.009919, -0.026547, 0.011057, 0.030191, 0.15311, 0.009924, -0.027602, 0.011676, 0.457172, 0.733903, 0.199349, 0.027876, 0.138464, 0.457161, 0.733894, -0.196689, 0.030308, 0.141719, 0.457207, 0.733935, -0.00029, 0.176554, -0.168876, 0.000444, 0.013058, 9.7e-05, -0.000434, -0.0001, 7.2e-05, 0.004505, -0.0, -6.8e-05, 7e-06, 0.000427, 0.012759, -9.2e-05, -0.000416, -9.8e-05], [0.00022, 0.001765, 0.002086, 0.06944, -0.002817, -0.001374, 0.195368, -0.003273, -0.001597, -0.004427, -0.167929, -0.08193, 0.002571, 0.003292, 1e-06, 3.8e-05, 0.000342, 0.001213, -8.4e-05, 1.2e-05, 0.034396, -0.001046, 0.000153, -0.000146, -0.005393, 0.00079, 0.000184, -5.5e-05, 0.0, -0.0, 0.0, 1.0, 0.0, 0.0, 0.530759, 0.0, 0.0, 0.0, -0.0, -0.0, 0.0, 0.0, 0.0, 0.0, 0.0, 0.0, 0.0, 0.0, 0.000853, 0.0, 0.0, 0.0, -2e-06, -0.0, 0.0, 0.0, -0.012446, -0.048287, -0.002978, 0.012532, 0.01133, 0.012908, 0.050265, -0.003611, -0.012887, -0.01163, 0.000879, 0.016881, -0.000122, -0.00073, 0.000304, -0.000914, -0.016724, -0.00011, 0.000772, -0.000326, -0.319593, -0.170825, -0.201156, -0.058804, -0.29209, 0.315318, 0.168546, -0.190012, 0.06308, 0.29496, 0.000465, 0.000249, 0.219416, 0.000542, -0.000519, -0.0, -0.000482, -0.0, 0.0, 0.0, 0.0, 0.0, 0.0, -0.0, 0.0, 0.0, 0.00046, -0.0, -0.0, -0.0], [0.021211, 0.169814, 0.200758, -0.002817, -0.201545, -0.132224, -0.003273, -0.119496, -0.153635, -0.134993, 0.005001, 0.003292, 0.079347, 0.234787, 0.000129, 0.00675, 0.060053, -8.4e-05, -0.01359, 0.00217, -0.001046, -0.149214, 0.026913, -0.016339, 0.000345, -5.5e-05, 0.026885, -0.00888, -0.0, 0.0, -0.0, 0.0, 1.0, 0.0, 0.0, 0.530759, 0.0, 0.0, 0.0, 0.0, -0.0, -0.0, 0.0, 3e-06, 0.001988, 0.0, -7e-06, -1e-06, 0.0, -0.009994, -0.000846, -1.4e-05, 0.0, 0.0, 2.4e-05, 4e-06, 0.020999, 0.08147, 0.012532, -0.016694, -0.019116, 0.020725, 0.080705, -0.012887, -0.016276, -0.018673, 0.002353, 0.045182, -0.00073, -0.001802, 0.000813, 0.002541, 0.046513, 0.000772, -0.001979, 0.000908, -0.04469, -0.023887, -0.058804, 0.211148, -0.040844, -0.048587, -0.025971, 0.06308, 0.209636, -0.045451, -0.283077, -0.151289, 0.000542, -0.110454, 0.315526, 1e-06, 0.002148, 0.0, -0.0, -0.0, 0.0, 0.000535, -0.0, -0.0, 0.0, 1e-06, 0.002083, -0.0, -0.0, -0.0], [0.010349, 0.08285, 0.097947, -0.001374, -0.132224, 0.004959, -0.001597, -0.153635, 0.120445, -0.065862, 0.003292, -0.00014, 0.202641, -0.01346, -1.9e-05, -0.000989, -0.008802, 1.2e-05, 0.00217, 0.000895, 0.000153, 0.026913, 0.030457, 0.002395, -5.5e-05, -2.3e-05, -0.005522, -0.003978, 0.0, -0.0, 0.0, 0.0, 0.0, 1.0, 0.0, 0.0, 0.530759, 0.0, 0.0, 0.0, 0.0, -0.0, 0.0, 0.0, 0.000155, 0.0, -1e-06, 0.0, 0.0, -0.000846, 0.000787, -1e-06, 0.0, 0.0, 2e-06, -1e-06, 0.018985, 0.073658, 0.01133, -0.019116, -0.012834, 0.018704, 0.072834, -0.01163, -0.018673, -0.012437, -0.00098, -0.018818, 0.000304, 0.000813, -0.000188, -0.001075, -0.019676, -0.000326, 0.000908, -0.000217, -0.221983, -0.118652, -0.29209, -0.040844, 0.01649, -0.227195, -0.121442, 0.29496, -0.045451, 0.006829, 0.270766, 0.14471, -0.000519, 0.315526, -0.082387, 0.0, 0.000497, 0.0, -0.0, -0.0, -0.0, -5.2e-05, 0.0, 0.0, 0.0, 0.0, 0.000488, -0.0, -0.0, -0.0], [0.001108, 0.004346, 0.005637, 0.195368, -0.003273, -0.001597, 0.534636, -0.00562, -0.002742, -0.003414, -0.190796, -0.093087, 0.001198, 0.001534, 0.000139, 0.000848, 0.001839, 0.034396, -0.001046, 0.000153, 0.17928, -0.003438, 0.000504, -0.000969, -0.062769, 0.0092, 0.000923, -0.000277, 0.0, -0.0, 0.0, 0.530759, 0.0, 0.0, 1.0, 0.0, 0.0, 0.0, 0.0, 0.0, 0.0, 0.0, 0.0, -0.0, 0.0, 0.000853, 0.0, 0.0, 0.01729, 0.0, 0.0, 0.0, -0.002485, -0.000194, 0.0, 0.0, -0.108166, -0.184787, 0.020928, 0.07117, 0.064345, 0.112556, 0.192514, 0.017121, -0.073527, -0.066357, 0.032293, 0.092671, 0.004407, -0.031552, 0.013141, -0.032144, -0.090808, 0.005598, 0.031381, -0.013274, -0.460102, -0.434942, 0.082693, -0.029033, -0.144211, 0.453962, 0.429141, 0.088186, 0.031145, 0.145634, 0.00067, 0.000633, 0.290338, 0.000268, -0.000256, -0.000565, -0.008458, 5.5e-05, 0.000617, 0.000143, 0.0, 4e-06, 2.8e-05, -0.0, 0.0, 0.000537, 0.008159, 5.6e-05, -0.000586, -0.000137], [0.106569, 0.418163, 0.542397, -0.003273, -0.119496, -0.153635, -0.00562, -0.006036, -0.263816, 0.002075, 0.001161, 0.001534, -0.075572, 0.054495, 0.024326, 0.148863, 0.322703, -0.001046, -0.149214, 0.026913, -0.003438, -0.424043, 0.088433, -0.061401, 0.001529, -0.000277, 0.099246, -0.039338, 0.0, -0.0, 0.0, 0.0, 0.530759, 0.0, 0.0, 1.0, 0.0, 0.0, 0.0, 0.0, 0.0, 0.0, 0.000469, 0.006553, 0.045403, 0.0, -0.009994, -0.000846, 0.0, -0.122174, -0.010883, -0.007691, 0.0, 0.0, 0.013129, 0.002258, 0.182498, 0.311773, 0.07117, -0.056968, -0.108563, 0.18072, 0.309099, -0.073527, -0.055139, -0.106542, 0.086432, 0.248035, -0.031552, -0.068253, 0.035173, 0.089401, 0.25256, 0.031381, -0.070397, 0.036919, -0.064338, -0.06082, -0.029033, 0.286256, -0.020166, -0.069951, -0.066127, 0.031145, 0.285509, -0.022441, -0.407487, -0.385192, 0.000268, 0.127497, 0.155759, 0.00252, 0.037721, 0.000617, -0.002559, -0.000637, 0.000511, 0.015549, -0.0, -0.000515, 5.3e-05, 0.002433, 0.036979, -0.000586, -0.002468, -0.000622], [0.051993, 0.204016, 0.264628, -0.001597, -0.153635, 0.120445, -0.002742, -0.263816, 0.405982, 0.001012, 0.001534, -0.001235, 0.149335, -0.118818, -0.003565, -0.021819, -0.047299, 0.000153, 0.026913, 0.030457, 0.000504, 0.088433, 0.166338, 0.009, -0.000277, -0.000317, -0.03295, -0.055666, 0.0, -0.0, 0.0, 0.0, 0.0, 0.530759, 0.0, 0.0, 1.0, -0.0, 0.0, 0.0, -0.0, 0.0, 3.7e-05, 0.000511, 0.003543, 0.0, -0.000846, 0.000787, 0.0, -0.010883, 0.016441, -0.0006, 0.0, 0.0, 0.001412, -0.002294, 0.164999, 0.281878, 0.064345, -0.108563, -0.035044, 0.163095, 0.278954, -0.066357, -0.106542, -0.033235, -0.035998, -0.103305, 0.013141, 0.035173, 0.001547, -0.037817, -0.106835, -0.013274, 0.036919, 0.001264, -0.319578, -0.302102, -0.144211, -0.020166, 0.190149, -0.327091, -0.309208, 0.145634, -0.022441, 0.185375, 0.389765, 0.36844, -0.000256, 0.155759, 0.141353, 0.000583, 0.008726, 0.000143, -0.000637, 4.6e-05, -5e-05, -0.001524, 0.0, 5.3e-05, 2.3e-05, 0.00057, 0.008665, -0.000137, -0.000622, 4e-05], [-0.031094, -0.126775, -0.072871, 0.004427, 0.134993, 0.065862, 0.003414, -0.002075, -0.001012, 0.124291, -0.007432, -0.003626, -0.022436, -0.028732, -0.000197, -0.008587, -0.033675, 0.000146, 0.016339, -0.002395, 0.000969, 0.061401, -0.009, 0.019248, -0.000571, 8.4e-05, -0.028678, 0.008591, -0.0, 0.0, 0.0, 0.0, 0.0, 0.0, 0.0, 0.0, -0.0, 1.0, 0.0, 0.0, 0.0, 0.0, -0.0, -5e-06, -0.001753, 0.0, 1.4e-05, 1e-06, 0.0, 0.007691, 0.0006, 2.6e-05, 0.0, 0.0, -4.4e-05, -7e-06, -0.015706, -0.023194, -0.020981, 0.012541, 0.011338, -0.014341, -0.021258, 0.020722, 0.010745, 0.009697, -0.002338, -0.017279, 0.001238, 0.002041, -0.00085, -0.002588, -0.018224, -0.001335, 0.00231, -0.000977, 0.201221, 0.039445, -0.13959, 0.068715, 0.341319, 0.190535, 0.037351, 0.152434, 0.07244, 0.33873, -0.201764, -0.039546, 0.001023, -0.063285, 0.060533, -1e-06, -0.001484, -0.0, 0.0, 0.0, -0.0, -0.000461, 0.0, 0.0, -0.0, -1e-06, -0.00145, 0.0, 0.0, 0.0], [0.000904, 0.003687, 0.002119, 0.167929, -0.005001, -0.003292, 0.190796, -0.001161, -0.001534, -0.007432, -0.275421, -0.184768, 0.001563, 0.005123, 4e-06, 0.000166, 0.000651, 0.005393, -0.000345, 5.5e-05, 0.062769, -0.001529, 0.000277, -0.000571, -0.022021, 0.003516, 0.000679, -0.000224, 0.0, 0.0, 0.0, -0.0, 0.0, 0.0, 0.0, 0.0, 0.0, 0.0, 1.0, 0.0, 0.0, 0.0, 0.0, 0.0, 0.0, 2e-06, 0.0, 0.0, 0.002485, 0.0, 0.0, 0.0, -1.2e-05, -1e-06, 0.0, 0.0, -0.028924, -0.042715, -0.008809, 0.029307, 0.033569, 0.02979, 0.044158, -0.010611, -0.029818, -0.03422, 0.003384, 0.025008, -0.000599, -0.003294, 0.001486, -0.003503, -0.024662, -0.000541, 0.003468, -0.00159, 0.065068, 0.012755, 0.039946, -0.351594, 0.063129, -0.0698, -0.013683, 0.040814, 0.344605, -0.069314, -0.0006, -0.000118, -0.322682, -0.000212, 0.00071, -1e-06, -0.001209, -0.0, 0.0, 0.0, 0.0, 0.0, 0.0, -0.0, 0.0, 1e-06, 0.001157, -0.0, -0.0, -0.0], [0.000441, 0.001799, 0.001034, 0.08193, -0.003292, 0.00014, 0.093087, -0.001534, 0.001235, -0.003626, -0.184768, 0.013143, 0.004605, -0.000501, -1e-06, -2.4e-05, -9.5e-05, -0.00079, 5.5e-05, 2.3e-05, -0.0092, 0.000277, 0.000317, 8.4e-05, 0.003516, 0.001451, -0.00014, -0.000101, 0.0, 0.0, 0.0, -0.0, 0.0, 0.0, 0.0, 0.0, 0.0, 0.0, 0.0, 1.0, 0.0, 0.0, 0.0, 0.0, 0.0, 0.0, 0.0, 0.0, 0.000194, 0.0, 0.0, 0.0, -1e-06, 0.0, 0.0, 0.0, -0.026151, -0.038619, -0.007964, 0.033569, 0.022528, 0.026885, 0.039851, -0.009576, -0.03422, -0.022783, -0.001409, -0.010416, 0.000249, 0.001486, -0.000345, 0.001482, 0.010432, 0.000229, -0.00159, 0.000381, 0.323203, 0.063356, 0.19842, 0.063129, -0.050729, -0.326383, -0.063982, 0.190847, -0.069314, 0.035317, 0.000574, 0.000112, 0.308649, 0.00071, -0.000149, -0.0, -0.00028, -0.0, 0.0, 0.0, -0.0, -0.0, -0.0, 0.0, 0.0, 0.0, 0.000271, -0.0, -0.0, -0.0], [0.033153, 0.135168, 0.077696, -0.002571, -0.079347, -0.202641, -0.001198, 0.075572, -0.149335, -0.022436, 0.001563, 0.004605, -0.164087, 0.2582, 0.000327, 0.014249, 0.055877, -0.000184, -0.026885, 0.005522, -0.000923, -0.099246, 0.03295, -0.028678, 0.000679, -0.00014, 0.047535, -0.020995, -0.0, -0.0, -0.0, 0.0, -0.0, 0.0, 0.0, 0.0, -0.0, 0.0, 0.0, 0.0, 1.0, 0.0, 0.0, 9e-06, 0.003, 0.0, -2.4e-05, -2e-06, 0.0, -0.013129, -0.001412, -4.4e-05, 0.0, 0.0, 7.5e-05, 1.4e-05, 0.004455, 0.006579, 0.00339, 0.007478, -0.017102, 0.004437, 0.006577, -0.003518, 0.007358, -0.016835, 0.003743, 0.027661, -0.001475, -0.003212, 0.001949, 0.