{"coordinates": [[[10.962, 10.727, 10.0], [9.77, 9.928, 9.999], [10.915, 9.298, 10.0], [8.344, 10.044, 10.0], [11.231, 11.21, 10.92569999999999], [11.232, 11.21, 9.074], [11.451, 8.383, 10.0], [7.9975, 10.585, 10.885], [7.872, 9.058, 10.001], [7.99, 10.584, 9.113]]], "HF": [-155.93114401373], "elements": [["C", "C", "C", "C", "H", "H", "H", "H", "H", "H"]], "S": [[[1.0, -0.2157, 0.19014, -0.0, -0.0, -0.0, 0.0, -0.0, 0.0, -0.0, 0.0, 0.0, -0.0, 0.0, 0.00043, 0.01644, 0.062807, 5e-06, 0.028602, 0.019279, 1.8e-05, 0.106173, 0.071567, -0.043296, 1.7e-05, 1.2e-05, 0.028135, 0.069513, 0.00043, 0.01644, 0.062808, -2e-06, 0.001129, 0.034476, -9e-06, 0.004191, 0.127973, -0.043297, -0.0, -1e-05, -0.074833, 0.004907, 0.0, 2.1e-05, 0.003681, -0.0, 4.6e-05, 1.2e-05, -1e-06, 0.015509, 0.004045, -7.2e-05, -0.0, -0.0, 0.000108, 6.1e-05, 0.059049, 0.097154, -0.094055, -0.027372, -0.049095, 0.05905, 0.097154, 0.094047, -0.027424, -0.049086, 0.000169, 0.014403, -0.0, -2.2e-05, 0.000105, 4e-06, 0.00289, -1e-06, 2e-06, 0.0, 0.0, 0.000929, -0.0, 0.0, 0.0, 4e-06, 0.002884, 1e-06, 2e-06, 0.0], [-0.2157, 1.0, 0.718332, 0.0, -0.0, 0.0, -0.0, -0.0, -0.0, 0.0, 0.0, 0.0, -0.0, -0.0, 0.01644, 0.156465, 0.305627, 3.2e-05, 0.188591, 0.127122, 6.8e-05, 0.403888, 0.272246, -0.139026, 5.6e-05, 3.8e-05, 0.090342, 0.22321, 0.01644, 0.156468, 0.30563, -1.6e-05, 0.007445, 0.227317, -3.4e-05, 0.015944, 0.486817, -0.139027, -1e-06, -3.4e-05, -0.240286, 0.015757, 2.1e-05, 0.001309, 0.032534, -0.0, 0.002802, 0.000731, -4e-06, 0.105024, 0.027394, -0.003921, -0.0, -0.0, 0.005926, 0.003317, 0.321002, 0.435327, -0.310754, -0.090436, -0.162208, 0.321006, 0.435328, 0.310723, -0.090605, -0.162176, 0.006491, 0.09042, -2e-06, -0.001406, 0.00674, 0.000237, 0.023709, -3.9e-05, 0.000129, 6e-06, 2.3e-05, 0.009133, -0.0, 7e-06, 4e-06, 0.000237, 0.023672, 3.8e-05, 0.000129, 6e-06], [0.19014, 0.718332, 1.0, 0.0, 0.0, 0.0, -0.0, -0.0, 0.0, 0.0, 0.0, 0.0, -0.0, 0.0, 0.062807, 0.305627, 0.558516, 3.3e-05, 0.196437, 0.132411, 8.6e-05, 0.5069, 0.341682, -0.07254, 2.9e-05, 2e-05, 0.047138, 0.116465, 0.062808, 0.30563, 0.55852, -1.7e-05, 0.007755, 0.236772, -4.3e-05, 0.020011, 0.610978, -0.07254, -1e-06, -1.8e-05, -0.125373, 0.008221, 0.003681, 0.032534, 0.124235, -2e-06, 0.040828, 0.01065, -1e-05, 0.258652, 0.067467, -0.025269, -3e-06, -1e-06, 0.038191, 0.021378, 0.464189, 0.740333, -0.210042, -0.061127, -0.109638, 0.464191, 0.740335, 0.21002, -0.061241, -0.109616, 0.06539, 0.239567, -1.9e-05, -0.013108, 0.062855, 0.012631, 0.092289, -0.003904, 0.013072, 0.000626, 0.003953, 0.0469, -1e-06, 0.003784, 0.002044, 0.012608, 0.092188, 0.003899, 0.013047, 0.000632], [-0.0, 0.0, 0.0, 1.0, 0.0, 0.0, 0.530759, 0.0, 0.0, -0.0, -0.0, 0.0, 0.0, 0.0, -5e-06, -3.2e-05, -3.3e-05, 0.091987, -4.6e-05, -3.1e-05, 0.219309, -4.5e-05, -3e-05, 7.7e-05, 0.192453, 0.129725, -2.6e-05, -6.4e-05, 2e-06, 1.6e-05, 1.7e-05, 0.09199, 1e-06, 2.8e-05, 0.219311, 1e-06, 2.7e-05, -3.9e-05, 0.007598, 0.231972, -3.5e-05, 2e-06, 0.0, 0.0, 2e-06, 0.000467, 0.0, 0.0, 0.022649, 5e-06, 1e-06, -0.0, 0.002177, 0.000568, 1e-06, 0.0, 0.343524, 0.179317, -0.243292, -0.137416, -0.246471, -0.343491, -0.179298, -0.243194, 0.137658, 0.246397, 4e-06, 2.6e-05, 0.00126, -1e-06, 5e-06, 0.000155, 0.008201, -1.3e-05, 0.0001, 5e-06, 0.0, 4e-06, 1e-06, 0.0, 0.0, -0.000154, -0.008193, -1.3e-05, -9.9e-05, -5e-06], [-0.0, -0.0, 0.0, 0.0, 1.0, 0.0, 0.0, 0.530759, 0.0, 0.0, -0.0, 0.0, -0.0, 0.0, -0.028602, -0.188591, -0.196437, -4.6e-05, -0.180949, -0.183976, -4.5e-05, -0.046863, -0.179416, 0.125868, -6.3e-05, -6.4e-05, 0.038457, -0.250755, -0.001129, -0.007445, -0.007755, 1e-06, 0.091564, -0.012987, 1e-06, 0.218896, -0.012665, 0.004969, -1.6e-05, 2e-06, 0.023767, 0.230912, -4.6e-05, -0.002802, -0.040828, 0.0, -0.005799, -0.001635, 5e-06, -0.110583, -0.034752, 0.007773, 1e-06, 0.0, -0.01147, -0.007071, 0.099973, 0.052185, -0.137416, 0.188898, -0.071729, 0.10016, 0.052282, 0.137658, 0.188753, -0.071848, 0.002569, 0.018192, -1e-06, 0.000588, 0.003221, -0.000518, -0.027459, 0.0001, -0.000317, -1.6e-05, -4.9e-05, -0.010684, 0.0, -1.6e-05, -9e-06, -0.000516, -0.02742, -9.9e-05, -0.000315, -1.6e-05], [-0.0, 0.0, 0.0, 0.0, 0.0, 1.0, 0.0, 0.0, 0.530759, 0.0, 0.0, -0.0, 0.0, -0.0, -0.019279, -0.127122, -0.132411, -3.1e-05, -0.183976, -0.032024, -3e-05, -0.179416, 0.098371, 0.084843, -6.4e-05, -1.1e-05, -0.233528, -0.064014, -0.034476, -0.227317, -0.236772, 2.8e-05, -0.012987, -0.304538, 2.7e-05, -0.012665, -0.167383, 0.151711, 2e-06, 5.3e-05, 0.261712, -0.024776, -1.2e-05, -0.000731, -0.01065, 0.0, -0.001635, 4.1e-05, 1e-06, -0.034752, 0.013584, 0.002027, 0.0, -0.0, -0.004127, 0.000184, 0.179314, 0.0936, -0.246471, -0.071729, 0.100236, 0.179279, 0.093581, 0.246397, -0.071848, 0.10029, -0.012316, -0.08723, 5e-06, 0.003221, -0.014185, -2.5e-05, -0.001316, 5e-06, -1.6e-05, 1.6e-05, -2.6e-05, -0.005772, 0.0, -9e-06, -4e-06, -2.5e-05, -0.001328, -5e-06, -1.6e-05, 1.6e-05], [0.0, -0.0, -0.0, 0.530759, 0.0, 0.0, 1.0, 0.0, 0.0, 0.0, 0.0, 0.0, 0.0, 0.0, -1.8e-05, -6.8e-05, -8.6e-05, 0.219309, -4.5e-05, -3e-05, 0.574853, -7.4e-05, -5e-05, 5.2e-05, 0.185483, 0.125027, -1e-05, -2.5e-05, 9e-06, 3.4e-05, 4.3e-05, 0.219311, 1e-06, 2.7e-05, 0.574857, 1e-06, 4.4e-05, -2.6e-05, 0.007322, 0.223568, -1.4e-05, 1e-06, 1e-06, 4e-06, 1e-05, 0.022649, 5e-06, 1e-06, 0.137746, 2e-05, 5e-06, -5e-06, 0.043616, 0.011377, 5e-06, 3e-06, 0.48392, 0.454629, 0.068383, -0.065936, -0.118263, -0.48387, -0.454581, 0.068432, 0.066051, 0.118227, 5.5e-05, 0.000114, 0.038046, -1.2e-05, 5.6e-05, 0.014203, 0.056761, 0.002001, 0.015851, 0.00076, 6e-06, 3.6e-05, 0.001971, 6e-06, 3e-06, -0.014187, -0.056738, 0.001991, -0.015832, -0.000767], [-0.0, -0.0, -0.0, 0.0, 0.530759, 0.0, 0.0, 1.0, 0.0, 0.0, 0.0, 0.0, 0.0, 0.0, -0.106173, -0.403888, -0.5069, -4.5e-05, -0.046863, -0.179416, -7.4e-05, 0.137187, -0.295014, -0.014146, -6e-06, -2.5e-05, 0.125087, -0.024194, -0.004191, -0.015944, -0.020011, 1e-06, 0.218896, -0.012665, 1e-06, 0.574175, -0.020825, -0.000559, -1.6e-05, 1e-06, 0.013664, 0.223152, -0.015509, -0.105024, -0.258652, 5e-06, -0.110583, -0.034752, 2e-05, -0.373584, -0.133375, 0.053072, 8e-06, 3e-06, -0.074655, -0.054827, 0.140832, 0.132307, -0.065936, 0.275759, -0.034417, 0.141094, 0.132553, 0.066051, 0.27569, -0.034474, 0.038403, 0.07964, -1.2e-05, 0.029897, 0.039072, -0.047558, -0.190058, 0.015851, -0.046339, -0.002544, -0.016139, -0.102179, 6e-06, -0.014902, -0.009116, -0.047479, -0.189886, -0.015832, -0.046264, -0.002566], [0.0, -0.0, 0.0, 0.0, 0.0, 0.530759, 0.0, 0.0, 1.0, -0.0, 0.0, 0.0, -0.0, 0.0, -0.071567, -0.272246, -0.341682, -3e-05, -0.179416, 0.098371, -5e-05, -0.295014, 0.375995, -0.009536, -2.5e-05, 1.4e-05, -0.165737, 0.084898, -0.127973, -0.486817, -0.610978, 2.7e-05, -0.012665, -0.167383, 4.4e-05, -0.020825, -0.060982, -0.017053, 1e-06, 1.1e-05, -0.029952, -0.005374, -0.004045, -0.027394, -0.067467, 1e-06, -0.034752, 0.013584, 5e-06, -0.133375, 0.102956, 0.013843, 3e-06, -1e-06, -0.042227, 0.026347, 0.252598, 0.237309, -0.118263, -0.034417, 0.233217, 0.252547, 0.23726, 0.118227, -0.034474, 0.233244, -0.184143, -0.381872, 5.6e-05, 0.039072, -0.149305, -0.002279, -0.009109, 0.00076, -0.002544, 0.006613, -0.00872, -0.055206, 3e-06, -0.009116, -0.002954, -0.002299, -0.009195, -0.000767, -0.002566, 0.006597], [-0.0, 0.0, 0.0, -0.0, 0.0, 0.0, 0.0, 0.0, -0.0, 1.0, 0.0, 0.0, 0.0, 0.0, -0.043296, -0.139026, -0.07254, -7.7e-05, -0.125868, -0.084843, -5.2e-05, 0.014146, 0.009536, 0.135009, -0.000109, -7.3e-05, -0.000425, -0.001049, -0.043297, -0.139027, -0.07254, 3.9e-05, -0.004969, -0.151711, 2.6e-05, 0.000559, 0.017053, 0.13501, 2e-06, 6.5e-05, 0.001125, -7.4e-05, -7.2e-05, -0.003921, -0.025269, 0.0, -0.007773, -0.002027, 5e-06, -0.053072, -0.013843, 0.010154, 2e-06, 0.0, -0.014204, -0.007951, 0.245913, 0.047052, 0.096574, -0.169877, -0.304694, 0.245821, 0.047034, -0.096702, -0.170154, -0.304563, -0.013881, -0.037564, 9e-06, 0.003913, -0.018762, -0.000582, -0.011971, 0.000176, -0.000414, -2e-05, -8.9e-05, -0.007671, 0.0, -3.6e-05, -2e-05, -0.00058, -0.011954, -0.000175, -0.000412, -2e-05], [0.0, 0.0, 0.0, -0.0, -0.0, 0.0, 0.0, 0.0, 0.0, 0.0, 1.0, 0.0, 0.0, 0.0, 1.7e-05, 5.6e-05, 2.9e-05, -0.192453, 6.3e-05, 6.4e-05, -0.185483, 6e-06, 2.5e-05, -0.000109, -0.236512, -0.249987, -1.5e-05, 7.4e-05, -0.0, -1e-06, -1e-06, -0.007598, 1.6e-05, -2e-06, -0.007322, 1.6e-05, -1e-06, 2e-06, 0.133781, -0.017647, 4e-06, 3.8e-05, -0.0, -0.0, -3e-06, -0.002177, -1e-06, -0.0, -0.043616, -8e-06, -3e-06, 2e-06, -0.009422, -0.002655, -2e-06, -1e-06, 0.150905, 0.028874, -0.104743, 0.329022, -0.11434, -0.151171, -0.028924, -0.104892, -0.328754, 0.114517, 3e-06, 8e-06, 0.001253, 1e-06, 5e-06, -0.000731, -0.015031, 7.6e-05, -0.000563, -2.8e-05, -0.0, -7e-06, -5e-06, -0.0, -0.0, 0.000728, 0.01502, 7.6e-05, 0.000561, 2.9e-05], [0.0, 0.0, 0.0, 0.0, 0.0, -0.0, 0.0, 0.0, 0.0, 0.0, 0.0, 1.0, 0.0, 0.0, 1.2e-05, 3.8e-05, 2e-05, -0.129725, 6.4e-05, 1.1e-05, -0.125027, 2.5e-05, -1.4e-05, -7.3e-05, -0.249987, -0.034152, 7.4e-05, 1.6e-05, -1e-05, -3.4e-05, -1.8e-05, -0.231972, -2e-06, -5.3e-05, -0.223568, -1e-06, -1.1e-05, 6.5e-05, -0.017647, -0.404444, 3.8e-05, -4e-06, -0.0, -0.0, -1e-06, -0.000568, -0.0, 0.0, -0.011377, -3e-06, 1e-06, 0.0, -0.002655, 6.4e-05, -1e-06, 0.0, 0.270666, 0.051789, -0.187869, -0.11434, 0.187689, -0.270584, -0.051773, -0.187748, 0.114517, -0.187756, -1.4e-05, -3.7e-05, -0.006007, 5e-06, -2e-05, -3.5e-05, -0.00072, 4e-06, -2.8e-05, 2.9e-05, -0.0, -4e-06, -3e-06, -0.0, -0.0, 3.5e-05, 0.000727, 4e-06, 2.9e-05, -2.9e-05], [-0.0, -0.0, -0.0, 0.0, -0.0, 0.0, 0.0, 0.0, -0.0, 0.0, 0.0, 0.0, 1.0, 0.0, 0.028135, 0.090342, 0.047138, 2.6e-05, -0.038457, 0.233528, 1e-05, -0.125087, 0.165737, -0.000425, -1.5e-05, 7.4e-05, -0.328822, 0.18826, -0.074833, -0.240286, -0.125373, 3.5e-05, -0.023767, -0.261712, 1.4e-05, -0.013664, 0.029952, 0.001125, 4e-06, 3.8e-05, 0.133994, -0.035346, 0.000108, 0.005926, 0.038191, -1e-06, 0.01147, 0.004127, -5e-06, 0.074655, 0.042227, -0.014204, -2e-06, -1e-06, 0.01963, 0.01665, -0.048683, -0.009315, 0.070667, 0.134871, -0.168133, -0.048573, -0.009294, -0.070499, 0.135076, -0.168184, -0.022038, -0.05964, 1.1e-05, 0.008613, -0.029287, 0.00122, 0.025108, -0.000296, 0.00089, 5.2e-05, 8.5e-05, 0.007283, -0.0, 3.2e-05, 2.3e-05, 0.001216, 0.025075, 0.000295, 0.000886, 5.3e-05], [0.0, -0.0, 0.0, 0.0, 0.0, -0.0, 0.0, 0.0, 0.0, 0.0, 0.0, 0.0, 0.0, 1.0, 0.069513, 0.22321, 0.116465, 6.4e-05, 0.250755, 0.064014, 2.5e-05, 0.024194, -0.084898, -0.001049, 7.4e-05, 1.6e-05, 0.18826, 0.060119, 0.004907, 0.015757, 0.008221, -2e-06, -0.230912, 0.024776, -1e-06, -0.223152, 0.005374, -7.4e-05, 3.8e-05, -4e-06, -0.035346, -0.402704, 6.1e-05, 0.003317, 0.021378, -0.0, 0.007071, -0.000184, -3e-06, 0.054827, -0.026347, -0.007951, -1e-06, 0.0, 0.01665, -0.000794, 0.07877, 0.015072, -0.11434, 0.171744, 0.054622, 0.078901, 0.015097, 0.114517, 0.171587, 0.054749, -0.00961, -0.026007, 5e-06, -0.002797, -0.014138, 0.000117, 0.002412, -2.8e-05, 9e-05, -9.7e-05, 0.000129, 0.011114, -0.0, 5.4e-05, 2.6e-05, 0.000118, 0.002434, 2.9e-05, 9.1e-05, -9.6e-05], [0.00043, 0.01644, 0.062807, -5e-06, -0.028602, -0.019279, -1.8e-05, -0.106173, -0.071567, -0.043296, 1.7e-05, 1.2e-05, 0.028135, 0.069513, 1.0, -0.2157, 0.19014, -0.0, 0.0, -0.0, 0.0, 0.0, 0.0, -0.0, 0.0, -0.0, -0.0, 0.0, 0.000767, 0.028381, 0.075932, -1.3e-05, -0.049411, 0.027329, -3.2e-05, -0.122262, 0.067622, -0.06534, 4.6e-05, -2.5e-05, 0.060151, -0.095862, 0.000416, 0.015921, 0.062106, -7e-06, 0.033385, -0.002711, -2.7e-05, 0.126898, -0.010305, -0.042217, -3e-05, 2e-06, 0.072165, -0.011798, 0.000617, 0.02292, -0.000171, -0.000269, -0.000237, 0.000616, 0.022917, 0.000171, -0.000269, -0.000237, 0.000313, 0.018061, -0.0, -0.000146, 0.000135, 0.000821, 0.025287, -0.000228, 0.000458, -0.000169, 0.000818, 0.025257, -0.0, 0.000488, 0.000223, 0.000821, 0.025286, 0.000228, 0.000458, -0.000169], [0.01644, 0.156465, 0.305627, -3.2e-05, -0.188591, -0.127122, -6.8e-05, -0.403888, -0.272246, -0.139026, 5.6e-05, 3.8e-05, 0.090342, 0.22321, -0.2157, 1.0, 0.718332, 0.0, 0.0, 0.0, -0.0, -0.0, -0.0, 0.0, 0.0, 0.0, -0.0, 0.0, 0.028381, 0.208363, 0.354132, -6.6e-05, -0.249235, 0.137848, -0.000118, -0.446406, 0.246901, -0.14986, 0.000105, -5.8e-05, 0.137961, -0.219867, 0.015921, 0.153782, 0.302972, -4.7e-05, 0.223534, -0.018152, -0.000101, 0.483896, -0.039294, -0.138166, -0.0001, 8e-06, 0.236176, -0.038611, 0.01683, 0.132816, -0.008885, -0.013961, -0.012305, 0.016826, 0.132804, 0.008877, -0.013962, -0.0123, 0.010328, 0.109067, -5e-06, -0.008666, 0.007995, 0.020585, 0.144053, -0.010959, 0.022019, -0.00813, 0.020534, 0.143908, -1.6e-05, 0.023494, 0.010737, 0.020582, 0.144045, 0.01096, 0.022021, -0.00811], [0.062807, 0.305627, 0.558516, -3.3e-05, -0.196437, -0.132411, -8.6e-05, -0.5069, -0.341682, -0.07254, 2.9e-05, 2e-05, 0.047138, 0.116465, 0.19014, 0.718332, 1.0, 0.0, 0.0, 0.0, 0.0, 0.0, 0.0, 0.0, 0.0, 0.0, -0.0, 0.0, 0.075932, 0.354132, 0.617215, -5.8e-05, -0.220916, 0.122186, -0.000141, -0.536698, 0.29684, -0.070164, 4.9e-05, -2.7e-05, 0.064592, -0.10294, 0.062106, 0.302972, 0.555223, -4.9e-05, 0.235112, -0.019092, -0.000128, 0.608865, -0.049442, -0.072608, -5.2e-05, 4e-06, 0.124112, -0.020291, 0.10526, 0.31542, -0.041791, -0.065668, -0.057878, 0.105248, 0.315398, 0.041763, -0.065682, -0.057866, 0.082456, 0.273937, -3.1e-05, -0.05787, 0.05339, 0.116425, 0.334312, -0.04463, 0.089668, -0.033106, 0.116279, 0.334071, -6.5e-05, 0.095845, 0.043804, 0.116417, 0.334298, 0.044636, 0.089686, -0.033028], [5e-06, 3.2e-05, 3.3e-05, 0.091987, -4.6e-05, -3.1e-05, 0.219309, -4.5e-05, -3e-05, -7.7e-05, -0.192453, -0.129725, 2.6e-05, 6.4e-05, -0.0, 0.0, 0.0, 1.0, 0.0, 0.0, 0.530759, 0.0, 0.0, 0.0, -0.0, 0.0, -0.0, 0.0, 1.3e-05, 6.6e-05, 5.8e-05, 0.133583, -9.8e-05, 5.4e-05, 0.255172, -7.5e-05, 4.2e-05, -0.000154, -0.26711, 0.147735, 6.7e-05, -0.000107, 7e-06, 4.7e-05, 4.9e-05, 0.089995, 8.2e-05, -7e-06, 0.217352, 8.1e-05, -7e-06, -0.000114, 0.227523, -0.018476, 0.000101, -1.7e-05, 0.013165, 0.051495, -0.004021, -0.013193, -0.011628, -0.013155, -0.051462, -0.004011, 0.013186, 0.011617, 8e-06, 4.1e-05, 0.00231, -8e-06, 7e-06, 0.015571, 0.053629, -0.004319, 0.020119, -0.007428, 2.3e-05, 7.9e-05, 0.005677, 3.2e-05, 1.4e-05, -0.015573, -0.053637, -0.004322, -0.020126, 0.007412], [0.028602, 0.188591, 0.196437, -4.6e-05, -0.180949, -0.183976, -4.5e-05, -0.046863, -0.179416, -0.125868, 6.3e-05, 6.4e-05, -0.038457, 0.250755, 0.0, 0.0, 0.0, 0.0, 1.0, 0.0, 0.0, 0.530759, 0.0, 0.0, 0.0, 0.0, -0.0, 0.0, 0.049411, 0.249235, 0.220916, -9.8e-05, -0.238046, 0.205543, -7.5e-05, -0.030693, 0.158108, -0.121566, 0.000122, -0.000107, -0.013227, -0.256876, -0.033385, -0.223534, -0.235112, 8.2e-05, -0.299398, 0.03162, 8.1e-05, -0.16765, 0.031264, 0.151463, 0.000156, -1.7e-05, -0.255923, 0.060561, 0.020687, 0.080916, -0.013193, -0.016356, -0.018271, 0.020689, 0.080936, 0.013186, -0.016365, -0.01827, 0.014271, 0.075786, -8e-06, -0.012157, 0.013348, -0.031285, -0.107748, 0.020119, -0.034728, 0.014924, -0.033398, -0.115207, 3.2e-05, -0.040482, -0.021096, -0.031289, -0.107771, -0.020126, -0.034744, 0.014892], [0.019279, 0.127122, 0.132411, -3.1e-05, -0.183976, -0.032024, -3e-05, -0.179416, 0.098371, -0.084843, 6.4e-05, 1.1e-05, 0.233528, 0.064014, -0.0, 0.0, 0.0, 0.0, 0.0, 1.0, 0.0, 0.0, 0.530759, -0.0, 0.0, 0.0, -0.0, -0.0, -0.027329, -0.137848, -0.122186, 5.4e-05, 0.205543, 0.0199, 4.2e-05, 0.158108, 0.167725, 0.067236, -0.000107, -1.1e-05, -0.288154, -0.043325, 0.002711, 0.018152, 0.019092, -7e-06, 0.03162, 0.087427, -7e-06, 0.031264, 0.214814, -0.012299, -1.7e-05, -4.6e-05, 0.057733, 0.221105, 0.018233, 0.071317, -0.011628, -0.018271, -0.011729, 0.018227, 0.071304, 0.011617, -0.01827, -0.011723, -0.013166, -0.06992, 7e-06, 0.013348, -0.010004, 0.011551, 0.039781, -0.007428, 0.014924, 0.000185, -0.015264, -0.052653, 1.4e-05, -0.021096, -0.003965, 0.011523, 0.039688, 0.007412, 0.014892, 0.00021], [1.8e-05, 6.8e-05, 8.6e-05, 0.219309, -4.5e-05, -3e-05, 0.574853, -7.4e-05, -5e-05, -5.2e-05, -0.185483, -0.125027, 1e-05, 2.5e-05, 0.0, -0.0, 0.0, 0.530759, 0.0, 0.0, 1.0, 0.0, 0.0, 0.0, 0.0, 0.0, -0.0, 0.0, 3.2e-05, 0.000118, 0.000141, 0.255172, -7.5e-05, 4.2e-05, 0.632135, -0.000117, 6.5e-05, -8.6e-05, -0.206767, 0.11436, 2.1e-05, -3.3e-05, 2.7e-05, 0.000101, 0.000128, 0.217352, 8.1e-05, -7e-06, 0.571631, 0.000133, -1.1e-05, -7.7e-05, 0.222116, -0.018037, 4e-05, -7e-06, 0.11526, 0.197419, 0.014512, -0.075693, -0.066714, -0.115185, -0.197299, 0.014562, 0.075669, 0.066664, 8.8e-05, 0.000167, 0.048528, -6.6e-05, 6e-05, 0.121543, 0.199902, 0.020676, 0.098424, -0.036339, 0.000178, 0.000293, 0.069573, 0.000154, 7.1e-05, -0.121562, -0.199939, 0.020653, -0.098467, 0.036261], [0.106173, 0.403888, 0.5069, -4.5e-05, -0.046863, -0.179416, -7.4e-05, 0.137187, -0.295014, 0.014146, 6e-06, 2.5e-05, -0.125087, 0.024194, 0.0, -0.0, 0.0, 0.0, 0.530759, 0.0, 0.0, 1.0, 0.0, 0.0, 0.0, 0.0, 0.0, 0.0, 0.122262, 0.446406, 0.536698, -7.5e-05, -0.030693, 0.158108, -0.000117, 0.188106, 0.245587, 0.033546, 6e-06, -3.3e-05, -0.127751, -0.011567, -0.126898, -0.483896, -0.608865, 8.1e-05, -0.16765, 0.031264, 0.000133, -0.063563, 0.05158, -0.01581, 3.5e-05, -7e-06, 0.029936, 0.013382, 0.181112, 0.310211, -0.075693, -0.056256, -0.104829, 0.181154, 0.310297, 0.075669, -0.056331, -0.104844, 0.1646, 0.311007, -6.6e-05, -0.073418, 0.112507, -0.244197, -0.401632, 0.098424, -0.128084, 0.07301, -0.261063, -0.429586, 0.000154, -0.156684, -0.103406, -0.244249, -0.401728, -0.098467, -0.128186, 0.072858], [0.071567, 0.272246, 0.341682, -3e-05, -0.179416, 0.098371, -5e-05, -0.295014, 0.375995, 0.009536, 2.5e-05, -1.4e-05, 0.165737, -0.084898, 0.0, -0.0, 0.0, 0.0, 0.0, 0.530759, 0.0, 0.0, 1.0, 0.0, 0.0, 0.0, 0.0, 0.0, -0.067622, -0.246901, -0.29684, 4.2e-05, 0.158108, 0.167725, 6.5e-05, 0.245587, 0.496304, -0.018554, -3.3e-05, -3.6e-05, -0.158062, -0.137118, 0.010305, 0.039294, 0.049442, -7e-06, 0.031264, 0.214814, -1.1e-05, 0.05158, 0.567442, 0.001284, -7e-06, -4.6e-05, 0.033642, 0.219564, 0.159626, 0.27341, -0.066714, -0.104829, -0.02971, 0.159596, 0.27337, 0.066664, -0.104844, -0.029692, -0.151859, -0.286933, 6e-05, 0.112507, -0.05527, 0.090159, 0.148284, -0.036339, 0.07301, 0.042709, -0.119313, -0.196333, 7.1e-05, -0.103406, 0.022314, 0.089947, 0.14794, 0.036261, 0.072858, 0.042829], [-0.043296, -0.139026, -0.07254, 7.7e-05, 0.125868, 0.084843, 5.2e-05, -0.014146, -0.009536, 0.135009, -0.000109, -7.3e-05, -0.000425, -0.001049, -0.0, 0.0, 0.0, 0.0, 0.0, -0.0, 0.0, 0.0, 0.0, 1.0, 0.0, 0.0, 0.0, 0.0, -0.06534, -0.14986, -0.070164, 0.000154, 0.121566, -0.067236, 8.6e-05, -0.033546, 0.018554, 0.154164, -0.000196, 0.000108, 0.032615, -0.051978, -0.042217, -0.138166, -0.072608, 0.000114, -0.151463, 0.012299, 7.7e-05, 0.01581, -0.001284, 0.134105, 0.000194, -1.6e-05, -0.004205, 0.000687, -0.013399, -0.019951, 0.020417, 0.009638, 0.008495, -0.013416, -0.019978, -0.020416, 0.009664, 0.008514, -0.020375, -0.04127, 1.9e-05, 0.021835, -0.020145, -0.016428, -0.021518, 0.025304, -0.015113, 0.00558, -0.035409, -0.046454, 6e-05, -0.049598, -0.022668, -0.016418, -0.021507, -0.025299, -0.015103, 0.005562], [1.7e-05, 5.6e-05, 2.9e-05, 0.192453, -6.3e-05, -6.4e-05, 0.185483, -6e-06, -2.5e-05, -0.000109, -0.236512, -0.249987, -1.5e-05, 7.4e-05, 0.0, 0.0, 0.0, -0.0, 0.0, 0.0, 0.0, 0.0, 0.0, 0.0, 1.0, 0.0, 0.0, 0.0, 4.6e-05, 0.000105, 4.9e-05, 0.26711, -0.000122, 0.000107, 0.206767, -6e-06, 3.3e-05, -0.000196, -0.293244, 0.26705, -1.5e-05, -0.000109, -3e-05, -0.0001, -5.2e-05, -0.227523, -0.000156, 1.7e-05, -0.222116, -3.5e-05, 7e-06, 0.000194, -0.398717, 0.043067, -0.000111, 2.7e-05, 0.030554, 0.045493, -0.011885, -0.030791, -0.034406, -0.03054, -0.04548, -0.011859, 0.030792, 0.034386, 2e-05, 4.2e-05, 0.007875, -2.2e-05, 2.4e-05, -0.044198, -0.057892, 0.015559, -0.062434, 0.026841, -6.9e-05, -9.1e-05, -0.022005, -0.000107, -5.6e-05, 0.044213, 0.057917, 0.015576, 0.062478, -0.026789], [1.2e-05, 3.8e-05, 2e-05, 0.129725, -6.4e-05, -1.1e-05, 0.125027, -2.5e-05, 1.4e-05, -7.3e-05, -0.249987, -0.034152, 7.4e-05, 1.6e-05, -0.0, 0.0, 0.0, 0.0, 0.0, 0.0, 0.0, 0.0, 0.0, 0.0, 0.0, 1.0, 0.0, 0.0, -2.5e-05, -5.8e-05, -2.7e-05, -0.147735, 0.000107, 1.1e-05, -0.11436, 3.3e-05, 3.6e-05, 0.000108, 0.26705, 0.04189, -0.000133, -2.8e-05, 2e-06, 8e-06, 4e-06, 0.018476, 1.7e-05, 4.6e-05, 0.018037, 7e-06, 4.6e-05, -1.6e-05, 0.043067, 0.128148, 2.7e-05, 0.000108, 0.026929, 0.040096, -0.010475, -0.034406, -0.022078, -0.026906, -0.040067, -0.010448, 0.034386, 0.022055, -1.9e-05, -3.8e-05, -0.007265, 2.4e-05, -1.8e-05, 0.016318, 0.021374, -0.005744, 0.026841, 0.000356, -3.2e-05, -4.2e-05, -0.010057, -5.6e-05, -1e-05, -0.016282, -0.021329, -0.005736, -0.026789, -0.000401], [0.028135, 0.090342, 0.047138, -2.6e-05, 0.038457, -0.233528, -1e-05, 0.125087, -0.165737, -0.000425, -1.5e-05, 7.4e-05, -0.328822, 0.18826, -0.0, -0.0, -0.0, -0.0, -0.0, -0.0, -0.0, 0.0, 0.0, 0.0, 0.0, 0.0, 1.0, 0.0, 0.060151, 0.137961, 0.064592, -6.7e-05, 0.013227, 0.288154, -2.1e-05, 0.127751, 0.158062, 0.032615, -1.5e-05, -0.000133, -0.292845, -0.236027, 0.072165, 0.236176, 0.124112, -0.000101, 0.255923, -0.057733, -4e-05, -0.029936, -0.033642, -0.004205, -0.000111, 2.7e-05, 0.124935, -0.086181, 0.005358, 0.007977, -0.004356, 0.006113, -0.017454, 0.005376, 0.008006, 0.004369, 0.006088, -0.01747, 0.002837, 0.005747, -2e-06, 0.004201, 0.010654, 0.038347, 0.050229, -0.031395, 0.042451, -0.030904, 0.040136, 0.052656, -4.8e-05, 0.048615, 0.042333, 0.038394, 0.050295, 0.03144, 0.042542, -0.030859], [0.069513, 0.22321, 0.116465, -6.4e-05, -0.250755, -0.064014, -2.5e-05, -0.024194, 0.084898, -0.001049, 7.4e-05, 1.6e-05, 0.18826, 0.060119, 0.0, 0.0, 0.0, 0.0, 0.0, -0.0, 0.0, 0.0, 0.0, 0.0, 0.0, 0.0, 0.0, 1.0, -0.095862, -0.219867, -0.10294, 0.000107, 0.256876, 0.043325, 3.3e-05, 0.011567, 0.137118, -0.051978, -0.000109, -2.8e-05, -0.236027, -0.064792, -0.011798, -0.038611, -0.020291, 1.7e-05, -0.060561, -0.221105, 7e-06, -0.013382, -0.219564, 0.000687, 2.7e-05, 0.000108, -0.086181, -0.388125, 0.042315, 0.063004, -0.034406, -0.042643, -0.034692, 0.042316, 0.063015, 0.034386, -0.042664, -0.034686, -0.035177, -0.071251, 2.4e-05, 0.038281, -0.034146, -0.032785, -0.042943, 0.026841, -0.046313, -0.000716, 0.046373, 0.060838, -5.6e-05, 0.071537, 0.015285, -0.032715, -0.042855, -0.026789, -0.046229, -0.000807], [0.00043, 0.01644, 0.062808, 2e-06, -0.001129, -0.034476, 9e-06, -0.004191, -0.127973, -0.043297, -0.0, -1e-05, -0.074833, 0.004907, 0.000767, 0.028381, 0.075932, 1.3e-05, 0.049411, -0.027329, 3.2e-05, 0.122262, -0.067622, -0.06534, 4.6e-05, -2.5e-05, 0.060151, -0.095862, 1.0, -0.2157, 0.19014, -0.0, 0.0, 0.0, -0.0, 0.0, 0.0, -0.0, 0.0, 0.0, -0.0, 0.0, 0.0, 2.4e-05, 0.003994, -0.0, 5.3e-05, -1.6e-05, -0.0, 0.016468, -0.004779, -8.4e-05, 0.0, -0.0, 0.000122, -7.7e-05, 0.000621, 0.022972, -0.000173, -5.9e-05, -0.000356, 0.000621, 0.022971, 0.000173, -5.9e-05, -0.000356, 0.062452, 0.098756, -6.6e-05, -0.059231, 0.101178, 1e-06, 0.001645, -0.0, 0.0, -0.0, 5e-06, 0.003239, -0.0, 2e-06, 0.0, 1e-06, 0.001644, 0.0, 0.0, -0.0], [0.01644, 0.156468, 0.30563, 1.6e-05, -0.007445, -0.227317, 3.4e-05, -0.015944, -0.486817, -0.139027, -1e-06, -3.4e-05, -0.240286, 0.015757, 0.028381, 0.208363, 0.354132, 6.6e-05, 0.249235, -0.137848, 0.000118, 0.446406, -0.246901, -0.14986, 0.000105, -5.8e-05, 0.137961, -0.219867, -0.2157, 1.0, 0.718332, 0.0, -0.0, -0.0, 0.0, -0.0, -0.0, 0.0, 0.0, 0.0, -0.0, -0.0, 2.4e-05, 0.001508, 0.034727, 0.0, 0.003183, -0.000924, 0.0, 0.109784, -0.03186, -0.00444, 0.0, -0.0, 0.006495, -0.004116, 0.016909, 0.133067, -0.008935, -0.003052, -0.018457, 0.016907, 0.133062, 0.008934, -0.003057, -0.018454, 0.3318, 0.441185, -0.000208, -0.18577, 0.317328, 7.4e-05, 0.014775, -9e-06, 2.9e-05, -1.3e-05, 0.000301, 0.026088, -0.0, 0.000179, 1.4e-05, 7.4e-05, 0.014772, 9e-06, 2.9e-05, -1.3e-05], [0.062808, 0.30563, 0.55852, 1.7e-05, -0.007755, -0.236772, 4.3e-05, -0.020011, -0.610978, -0.07254, -1e-06, -1.8e-05, -0.125373, 0.008221, 0.075932, 0.354132, 0.617215, 5.8e-05, 0.220916, -0.122186, 0.000141, 0.536698, -0.29684, -0.070164, 4.9e-05, -2.7e-05, 0.064592, -0.10294, 0.19014, 0.718332, 1.0, 0.0, 0.0, 0.0, 0.0, 0.0, -0.0, 0.0, 0.0, 0.0, -0.0, 0.0, 0.003994, 0.034727, 0.129749, 0.0, 0.042922, -0.012456, 0.0, 0.265009, -0.076908, -0.026466, 0.0, 0.0, 0.038719, -0.02454, 0.105507, 0.315846, -0.041885, -0.014309, -0.086525, 0.105502, 0.315837, 0.041887, -0.01433, -0.086516, 0.472077, 0.747509, -0.000139, -0.123767, 0.211417, 0.007095, 0.065962, -0.002067, 0.006814, -0.003004, 0.014197, 0.098781, -5e-06, 0.01526, 0.001207, 0.007093, 0.065954, 0.002069, 0.006813, -0.003], [-2e-06, -1.6e-05, -1.7e-05, 0.09199, 1e-06, 2.8e-05, 0.219311, 1e-06, 2.7e-05, 3.9e-05, -0.007598, -0.231972, 3.5e-05, -2e-06, -1.3e-05, -6.6e-05, -5.8e-05, 0.133583, -9.8e-05, 5.4e-05, 0.255172, -7.5e-05, 4.2e-05, 0.000154, 0.26711, -0.147735, -6.7e-05, 0.000107, -0.0, 0.0, 0.0, 1.0, 0.0, 0.0, 0.530759, 0.0, 0.0, -0.0, -0.0, 0.0, 0.0, 0.0, -0.0, 0.0, 0.0, 0.000542, 0.0, 0.0, 0.02418, -0.0, 0.0, 0.0, 0.002483, -0.000721, -0.0, 0.0, 0.013226, 0.05158, -0.004041, -0.002884, -0.01744, -0.013226, -0.051583, -0.004042, 0.002888, 0.017438, 0.000232, 0.000118, 0.239923, -0.000186, 0.000318, 4.7e-05, 0.005028, -3e-06, 2.2e-05, -1e-05, 0.0, 1e-05, 2.3e-05, 0.0, 0.0, -4.7e-05, -0.005032, -3e-06, -2.2e-05, 1e-05], [0.001129, 0.007445, 0.007755, 1e-06, 0.091564, -0.012987, 1e-06, 0.218896, -0.012665, -0.004969, 1.6e-05, -2e-06, -0.023767, -0.230912, -0.049411, -0.249235, -0.220916, -9.8e-05, -0.238046, 0.205543, -7.5e-05, -0.030693, 0.158108, 0.121566, -0.000122, 0.000107, 0.013227, 0.256876, 0.0, -0.0, 0.0, 0.0, 1.0, 0.0, 0.0, 0.530759, 0.0, 0.0, -0.0, 0.0, -0.0, 0.0, -5.3e-05, -0.003183, -0.042922, 0.0, -0.006478, 0.002037, 0.0, -0.113037, 0.039822, 0.008655, 0.0, -0.0, -0.012276, 0.008633, 0.004518, 0.017621, -0.002884, 0.003416, -0.005958, 0.004525, 0.017648, 0.002888, 0.003413, -0.005966, 0.206976, 0.105227, -0.000186, 0.073877, 0.283636, -0.000155, -0.016573, 2.2e-05, -6.7e-05, 3.1e-05, -0.000677, -0.031119, 0.0, -0.000454, -3.8e-05, -0.000155, -0.016573, -2.2e-05, -6.7e-05, 3.1e-05], [0.034476, 0.227317, 0.236772, 2.8e-05, -0.012987, -0.304538, 2.7e-05, -0.012665, -0.167383, -0.151711, -2e-06, -5.3e-05, -0.261712, 0.024776, 0.027329, 0.137848, 0.122186, 5.4e-05, 0.205543, 0.0199, 4.2e-05, 0.158108, 0.167725, -0.067236, 0.000107, 1.1e-05, 0.288154, 0.043325, 0.0, -0.0, 0.0, 0.0, 0.0, 1.0, 0.0, 0.0, 0.530759, -0.0, 0.0, -0.0, -0.0, -0.0, 1.6e-05, 0.000924, 0.012456, 0.0, 0.002037, -4.9e-05, -0.0, 0.039822, 0.012623, -0.002512, -0.0, 0.0, 0.005004, -0.000232, 0.027322, 0.106554, -0.01744, -0.005958, -0.031626, 0.027317, 0.106544, 0.017438, -0.005966, -0.031618, -0.353552, -0.179746, 0.000318, 0.283636, -0.244577, 6.8e-05, 0.007308, -1e-05, 3.1e-05, -1e-05, -5.4e-05, -0.002461, 0.0, -3.8e-05, 2e-05, 6.8e-05, 0.007298, 1e-05, 3.1e-05, -1e-05], [-9e-06, -3.4e-05, -4.3e-05, 0.219311, 1e-06, 2.7e-05, 0.574857, 1e-06, 4.4e-05, 2.6e-05, -0.007322, -0.223568, 1.4e-05, -1e-06, -3.2e-05, -0.000118, -0.000141, 0.255172, -7.5e-05, 4.2e-05, 0.632135, -0.000117, 6.5e-05, 8.6e-05, 0.206767, -0.11436, -2.1e-05, 3.3e-05, -0.0, 0.0, 0.0, 0.530759, 0.0, 0.0, 1.0, 0.0, 0.0, 0.0, 0.0, 0.0, 0.0, 0.0, -0.0, 0.0, 0.0, 0.02418, -0.0, 0.0, 0.14355, 0.0, 0.0, 0.0, 0.045699, -0.013262, 0.0, 0.0, 0.115484, 0.197616, 0.014579, -0.016486, -0.099692, -0.115491, -0.197631, 0.014568, 0.016513, 0.099692, 0.000319, 0.000297, 0.300159, -8.6e-05, 0.000148, 0.008135, 0.040866, 0.001088, 0.008479, -0.003739, 1.8e-05, 6.9e-05, 0.007619, 2.1e-05, 2e-06, -0.008141, -0.040898, 0.001083, -0.008486, 0.003737], [0.004191, 0.015944, 0.020011, 1e-06, 0.218896, -0.012665, 1e-06, 0.574175, -0.020825, 0.000559, 1.6e-05, -1e-06, -0.013664, -0.223152, -0.122262, -0.446406, -0.536698, -7.5e-05, -0.030693, 0.158108, -0.000117, 0.188106, 0.245587, -0.033546, -6e-06, 3.3e-05, 0.127751, 0.011567, 0.0, -0.0, 0.0, 0.0, 0.530759, 0.0, 0.0, 1.0, 0.0, 0.0, 0.0, 0.0, 0.0, 0.0, -0.016468, -0.109784, -0.265009, 0.0, -0.113037, 0.039822, 0.0, -0.370442, 0.149166, 0.0539, 0.0, 0.0, -0.071754, 0.061179, 0.039451, 0.067509, -0.016486, 0.057206, -0.034056, 0.039512, 0.067614, 0.016513, 0.057185, -0.034107, 0.284591, 0.265537, -8.6e-05, 0.222973, 0.131848, -0.026812, -0.134691, 0.008479, -0.024284, 0.012323, -0.05465, -0.208494, 2.1e-05, -0.055642, -0.005003, -0.026811, -0.134698, -0.008486, -0.024289, 0.012308], [0.127973, 0.486817, 0.610978, 2.7e-05, -0.012665, -0.167383, 4.4e-05, -0.020825, -0.060982, 0.017053, -1e-06, -1.1e-05, 0.029952, 0.005374, 0.067622, 0.246901, 0.29684, 4.2e-05, 0.158108, 0.167725, 6.5e-05, 0.245587, 0.496304, 0.018554, 3.3e-05, 3.6e-05, 0.158062, 0.137118, 0.0, -0.0, -0.0, 0.0, 0.0, 0.530759, 0.0, 0.0, 1.0, 0.0, 0.0, 0.0, 0.0, 0.0, 0.004779, 0.03186, 0.076908, -0.0, 0.039822, 0.012623, 0.0, 0.149166, 0.100261, -0.015642, 0.0, 0.0, 0.047349, 0.024096, 0.238566, 0.408233, -0.099692, -0.034056, -0.143106, 0.238542, 0.4082, 0.099692, -0.034107, -0.143076, -0.486133, -0.453584, 0.000148, 0.131848, 0.07494, 0.011823, 0.059393, -0.003739, 0.012323, -0.001773, -0.004322, -0.01649, 2e-06, -0.005003, 0.007224, 0.011807, 0.059317, 0.003737, 0.012308, -0.00176], [-0.043297, -0.139027, -0.07254, -3.9e-05, 0.004969, 0.151711, -2.6e-05, -0.000559, -0.017053, 0.13501, 2e-06, 6.5e-05, 0.001125, -7.4e-05, -0.06534, -0.14986, -0.070164, -0.000154, -0.121566, 0.067236, -8.6e-05, 0.033546, -0.018554, 0.154164, -0.000196, 0.000108, 0.032615, -0.051978, -0.0, 0.0, 0.0, -0.0, 0.0, -0.0, 0.0, 0.0, 0.0, 1.0, 0.0, 0.0, 0.0, 0.0, -8.4e-05, -0.00444, -0.026466, 0.0, -0.008655, 0.002512, 0.0, -0.0539, 0.015642, 0.011257, 0.0, 0.0, -0.015184, 0.009624, -0.01344, -0.019952, 0.020516, 0.002101, 0.012703, -0.013436, -0.019947, -0.020513, 0.002103, 0.012695, -0.204506, -0.038091, 0.0005, 0.035185, -0.060103, -0.000209, -0.008755, 4.4e-05, -0.000108, 4.8e-05, -0.000954, -0.016992, 0.0, -0.000768, -6.1e-05, -0.000209, -0.00875, -4.4e-05, -0.000108, 4.8e-05], [-0.0, -1e-06, -1e-06, 0.007598, -1.6e-05, 2e-06, 0.007322, -1.6e-05, 1e-06, 2e-06, 0.133781, -0.017647, 4e-06, 3.8e-05, 4.6e-05, 0.000105, 4.9e-05, -0.26711, 0.000122, -0.000107, -0.206767, 6e-06, -3.3e-05, -0.000196, -0.293244, 0.26705, -1.5e-05, -0.000109, 0.0, 0.0, 0.0, -0.0, -0.0, 0.0, 0.0, 0.0, 0.0, 0.0, 1.0, 0.0, 0.0, 0.0, -0.0, -0.0, 0.0, -0.002483, 0.0, -0.0, -0.045699, 0.0, 0.0, 0.0, -0.010524, 0.003309, 0.0, 0.0, 0.006671, 0.009903, -0.002595, 0.00644, -0.011215, -0.006682, -0.00992, -0.0026, -0.006434, 0.011232, 0.000203, 3.8e-05, 0.2374, 9.5e-05, 0.000291, -0.000218, -0.009108, 1.6e-05, -0.000119, 5.5e-05, -1e-06, -1.9e-05, -0.000141, -1e-06, -0.0, 0.000218, 0.009116, 1.6e-05, 0.000119, -5.5e-05], [-1e-05, -3.4e-05, -1.8e-05, 0.231972, 2e-06, 5.3e-05, 0.223568, 1e-06, 1.1e-05, 6.5e-05, -0.017647, -0.404444, 3.8e-05, -4e-06, -2.5e-05, -5.8e-05, -2.7e-05, 0.147735, -0.000107, -1.1e-05, 0.11436, -3.3e-05, -3.6e-05, 0.000108, 0.26705, 0.04189, -0.000133, -2.8e-05, 0.0, 0.0, 0.0, 0.0, 0.0, -0.0, 0.0, 0.0, 0.0, 0.0, 0.0, 1.0, 0.0, 0.0, 0.0, 0.0, 0.0, 0.000721, -0.0, 0.0, 0.013262, 0.0, 0.0, 0.0, 0.003309, -8.2e-05, 0.0, 0.0, 0.040341, 0.059887, -0.015695, -0.011215, -0.059525, -0.040338, -0.059887, -0.015699, 0.011232, 0.059516, -0.000346, -6.4e-05, -0.405521, 0.000291, -0.000232, 9.6e-05, 0.004016, -7e-06, 5.5e-05, -1.8e-05, -0.0, -2e-06, -1.1e-05, -0.0, 0.0, -9.6e-05, -0.004014, -7e-06, -5.5e-05, 1.8e-05], [-0.074833, -0.240286, -0.125373, -3.5e-05, 0.023767, 0.261712, -1.4e-05, 0.013664, -0.029952, 0.001125, 4e-06, 3.8e-05, 0.133994, -0.035346, 0.060151, 0.137961, 0.064592, 6.7e-05, -0.013227, -0.288154, 2.1e-05, -0.127751, -0.158062, 0.032615, -1.5e-05, -0.000133, -0.292845, -0.236027, -0.0, -0.0, -0.0, 0.0, -0.0, -0.0, 0.0, 0.0, 0.0, 0.0, 0.0, 0.0, 1.0, 0.0, 0.000122, 0.006495, 0.038719, -0.0, 0.012276, -0.005004, 0.0, 0.071754, -0.047349, -0.015184, 0.0, 0.0, 0.01955, -0.019669, -0.040528, -0.060165, 0.032982, 0.014101, 0.051, -0.040516, -0.060151, -0.032975, 0.014119, 0.050977, -0.173395, -0.032297, 0.000164, 0.383445, 0.156051, 0.000289, 0.012091, -5.1e-05, 0.000145, -8.3e-05, 0.001631, 0.029066, -0.0, 0.001312, 0.000126, 0.000289, 0.012101, 5.1e-05, 0.000145, -8.3e-05], [0.004907, 0.015757, 0.008221, 2e-06, 0.230912, -0.024776, 1e-06, 0.223152, -0.005374, -7.4e-05, 3.8e-05, -4e-06, -0.035346, -0.402704, -0.095862, -0.219867, -0.10294, -0.000107, -0.256876, -0.043325, -3.3e-05, -0.011567, -0.137118, -0.051978, -0.000109, -2.8e-05, -0.236027, -0.064792, 0.0, -0.0, 0.0, 0.0, 0.0, -0.0, 0.0, 0.0, 0.0, 0.0, 0.0, 0.0, 0.0, 1.0, -7.7e-05, -0.004116, -0.02454, 0.0, -0.008633, 0.000232, 0.0, -0.061179, -0.024096, 0.009624, 0.0, 0.0, -0.019669, 0.000982, 0.013781, 0.020458, -0.011215, 0.013304, -0.020335, 0.013801, 0.020489, 0.011232, 0.013289, -0.020362, -0.308873, -0.057531, 0.000291, -0.145368, -0.206988, -0.000316, -0.013237, 5.5e-05, -0.000173, 5.9e-05, 0.00026, 0.004627, -0.0, 0.00022, -0.000123, -0.000316, -0.013221, -5.5e-05, -0.000173, 5.9e-05], [0.0, 2.1e-05, 0.003681, 0.0, -4.6e-05, -1.2e-05, 1e-06, -0.015509, -0.004045, -7.2e-05, -0.0, -0.0, 0.000108, 6.1e-05, 0.000416, 0.015921, 0.062106, 7e-06, -0.033385, 0.002711, 2.7e-05, -0.126898, 0.010305, -0.042217, -3e-05, 2e-06, 0.072165, -0.011798, 0.0, 2.4e-05, 0.003994, -0.0, -5.3e-05, 1.6e-05, -0.0, -0.016468, 0.004779, -8.4e-05, -0.0, 0.0, 0.000122, -7.7e-05, 1.0, -0.2157, 0.19014, -0.0, 0.0, -0.0, -0.0, 0.0, 0.0, -0.0, 0.0, 0.0, -0.0, 0.0, 2e-06, 0.001944, -0.0, -1e-06, -0.0, 2e-06, 0.001942, 0.0, -1e-06, -0.0, 0.0, 0.000902, -0.0, -0.0, 0.0, 0.056255, 0.095784, -0.083588, 0.032788, -0.051046, 0.056245, 0.095779, -9.4e-05, 0.044596, 0.093136, 0.056244, 0.095778, 0.083638, 0.032825, -0.050889], [2.1e-05, 0.001309, 0.032534, 0.0, -0.002802, -0.000731, 4e-06, -0.105024, -0.027394, -0.003921, -0.0, -0.0, 0.005926, 0.003317, 0.015921, 0.153782, 0.302972, 4.7e-05, -0.223534, 0.018152, 0.000101, -0.483896, 0.039294, -0.138166, -0.0001, 8e-06, 0.236176, -0.038611, 2.4e-05, 0.001508, 0.034727, 0.0, -0.003183, 0.000924, 0.0, -0.109784, 0.03186, -0.00444, -0.0, 0.0, 0.006495, -0.004116, -0.2157, 1.0, 0.718332, 0.0, -0.0, 0.0, 0.0, -0.0, -0.0, 0.0, 0.0, 0.0, -0.0, -0.0, 0.000105, 0.017004, -1.4e-05, -4.5e-05, -1.8e-05, 0.000104, 0.016988, 1.4e-05, -4.5e-05, -1.8e-05, 2.1e-05, 0.008906, -0.0, -6e-06, 3e-06, 0.311903, 0.430302, -0.288791, 0.113279, -0.17636, 0.31187, 0.430283, -0.000326, 0.154099, 0.321831, 0.311865, 0.43028, 0.289017, 0.113428, -0.175849], [0.003681, 0.032534, 0.124235, 2e-06, -0.040828, -0.01065, 1e-05, -0.258652, -0.067467, -0.025269, -3e-06, -1e-06, 0.038191, 0.021378, 0.062106, 0.302972, 0.555223, 4.9e-05, -0.235112, 0.019092, 0.000128, -0.608865, 0.049442, -0.072608, -5.2e-05, 4e-06, 0.124112, -0.020291, 0.003994, 0.034727, 0.129749, 0.0, -0.042922, 0.012456, 0.0, -0.265009, 0.076908, -0.026466, 0.0, 0.0, 0.038719, -0.02454, 0.19014, 0.718332, 1.0, 0.0, -0.0, -0.0, 0.0, 0.0, -0.0, 0.0, 0.0, 0.0, -0.0, 0.0, 0.00842, 0.072882, -0.00261, -0.008142, -0.003288, 0.00841, 0.072831, 0.002607, -0.008133, -0.003284, 0.003834, 0.04607, -1e-06, -0.003677, 0.001966, 0.457447, 0.734156, -0.197738, 0.077563, -0.120755, 0.457423, 0.734134, -0.000223, 0.105518, 0.220371, 0.457418, 0.73413, 0.197903, 0.077669, -0.120412], [-0.0, -0.0, -2e-06, 0.000467, 0.0, 0.0, 0.022649, 5e-06, 1e-06, 0.0, -0.002177, -0.000568, -1e-06, -0.0, -7e-06, -4.7e-05, -4.9e-05, 0.089995, 8.2e-05, -7e-06, 0.217352, 8.1e-05, -7e-06, 0.000114, -0.227523, 0.018476, -0.000101, 1.7e-05, -0.0, 0.0, 0.0, 0.000542, 0.0, 0.0, 0.02418, 0.0, -0.0, 0.0, -0.002483, 0.000721, -0.0, 0.0, -0.0, 0.0, 0.0, 1.0, 0.0, 0.0, 0.530759, 0.0, -0.0, -0.0, -0.0, 0.0, 0.0, -0.0, 7e-05, 0.006078, -5e-06, -3.5e-05, -1.4e-05, -7e-05, -0.006073, -5e-06, 3.5e-05, 1.4e-05, 0.0, 2e-06, 1e-06, -0.0, 0.0, 0.317258, 0.169419, -0.194199, 0.162368, -0.252785, 0.000358, 0.000191, 0.219705, 0.000249, 0.000521, -0.317497, -0.169563, -0.19491, -0.162719, 0.252266], [4.6e-05, 0.002802, 0.040828, 0.0, -0.005799, -0.001635, 5e-06, -0.110583, -0.034752, -0.007773, -1e-06, -0.0, 0.01147, 0.007071, 0.033385, 0.223534, 0.235112, 8.2e-05, -0.299398, 0.03162, 8.1e-05, -0.16765, 0.031264, -0.151463, -0.000156, 1.7e-05, 0.255923, -0.060561, 5.3e-05, 0.003183, 0.042922, 0.0, -0.006478, 0.002037, -0.0, -0.113037, 0.039822, -0.008655, 0.0, -0.0, 0.012276, -0.008633, 0.0, -0.0, -0.0, 0.0, 1.0, 0.0, 0.0, 0.530759, -0.0, 0.0, -0.0, -0.0, -0.0, 0.0, 0.000218, 0.018959, -3.5e-05, -0.000103, -4.4e-05, 0.000218, 0.018943, 3.5e-05, -0.000103, -4.4e-05, 4.6e-05, 0.010465, -0.0, -1.5e-05, 9e-06, -0.124445, -0.066455, 0.162368, 0.156049, 0.099156, -0.169285, -0.090408, 0.000249, 0.101839, -0.246161, -0.124606, -0.066547, -0.162719, 0.155839, 0.099005], [1.2e-05, 0.000731, 0.01065, 0.0, -0.001635, 4.1e-05, 1e-06, -0.034752, 0.013584, -0.002027, -0.0, 0.0, 0.004127, -0.000184, -0.002711, -0.018152, -0.019092, -7e-06, 0.03162, 0.087427, -7e-06, 0.031264, 0.214814, 0.012299, 1.7e-05, 4.6e-05, -0.057733, -0.221105, -1.6e-05, -0.000924, -0.012456, 0.0, 0.002037, -4.9e-05, 0.0, 0.039822, 0.012623, 0.002512, -0.0, 0.0, -0.005004, 0.000232, -0.0, 0.0, -0.0, 0.0, 0.0, 1.0, -0.0, -0.0, 0.530759, -0.0, -0.0, -0.0, -0.0, -0.0, 8.8e-05, 0.007657, -1.4e-05, -4.4e-05, -1.2e-05, 8.8e-05, 0.007648, 1.4e-05, -4.4e-05, -1.2e-05, -2.5e-05, -0.005595, 0.0, 9e-06, -4e-06, 0.193745, 0.103462, -0.252785, 0.099156, 0.065366, -0.353547, -0.188813, 0.000521, -0.246161, -0.294393, 0.193178, 0.103169, 0.252266, 0.099005, 0.066211], [-1e-06, -4e-06, -1e-05, 0.022649, 5e-06, 1e-06, 0.137746, 2e-05, 5e-06, 5e-06, -0.043616, -0.011377, -5e-06, -3e-06, -2.7e-05, -0.000101, -0.000128, 0.217352, 8.1e-05, -7e-06, 0.571631, 0.000133, -1.1e-05, 7.7e-05, -0.222116, 0.018037, -4e-05, 7e-06, -0.0, 0.0, 0.0, 0.02418, 0.0, -0.0, 0.14355, 0.0, 0.0, 0.0, -0.045699, 0.013262, 0.0, 0.0, -0.0, 0.0, 0.0, 0.530759, 0.0, -0.0, 1.0, 0.0, 0.0, 0.0, 0.0, 0.0, 0.0, 0.0, 0.010034, 0.0471, 0.001018, -0.01051, -0.004245, -0.010023, -0.047072, 0.001016, 0.0105, 0.004239, 3e-06, 1.9e-05, 0.001908, -3e-06, 2e-06, 0.456349, 0.431289, 0.086357, 0.080074, -0.124665, 0.000515, 0.000487, 0.290481, 0.000123, 0.000257, -0.456734, -0.431663, 0.085983, -0.080257, 0.124423], [0.015509, 0.105024, 0.258652, 5e-06, -0.110583, -0.034752, 2e-05, -0.373584, -0.133375, -0.053072, -8e-06, -3e-06, 0.074655, 0.054827, 0.126898, 0.483896, 0.608865, 8.1e-05, -0.16765, 0.031264, 0.000133, -0.063563, 0.05158, 0.01581, -3.5e-05, 7e-06, -0.029936, -0.013382, 0.016468, 0.109784, 0.265009, -0.0, -0.113037, 0.039822, 0.0, -0.370442, 0.149166, -0.0539, 0.0, 0.0, 0.071754, -0.061179, 0.0, -0.0, 0.0, 0.0, 0.530759, -0.0, 0.0, 1.0, 0.0, -0.0, 0.0, 0.0, 0.0, 0.0, 0.031297, 0.146912, -0.01051, -0.028395, -0.01324, 0.031267, 0.146836, 0.0105, -0.02837, -0.013224, 0.015751, 0.100938, -3e-06, -0.014599, 0.008826, -0.179004, -0.169174, 0.080074, 0.259088, 0.0489, -0.243521, -0.230153, 0.000123, 0.232347, -0.12141, -0.179251, -0.169411, -0.080257, 0.25898, 0.048831], [0.004045, 0.027394, 0.067467, 1e-06, -0.034752, 0.013584, 5e-06, -0.133375, 0.102956, -0.013843, -3e-06, 1e-06, 0.042227, -0.026347, -0.010305, -0.039294, -0.049442, -7e-06, 0.031264, 0.214814, -1.1e-05, 0.05158, 0.567442, -0.001284, 7e-06, 4.6e-05, -0.033642, -0.219564, -0.004779, -0.03186, -0.076908, 0.0, 0.039822, 0.012623, 0.0, 0.149166, 0.100261, 0.015642, 0.0, 0.0, -0.047349, -0.024096, 0.0, -0.0, -0.0, -0.0, -0.0, 0.530759, 0.0, 0.0, 1.0, 0.0, 0.0, 0.0, 0.0, 0.0, 0.01264, 0.059333, -0.004245, -0.01324, -0.00096, 0.012624, 0.059287, 0.004239, -0.013224, -0.000957, -0.008422, -0.05397, 2e-06, 0.008826, -0.002811, 0.278685, 0.263381, -0.124665, 0.0489, 0.214366, -0.508586, -0.480667, 0.000257, -0.12141, 0.03692, 0.277895, 0.262641, 0.124423, 0.048831, 0.214774], [-7.2e-05, -0.003921, -0.025269, -0.0, 0.007773, 0.002027, -5e-06, 0.053072, 0.013843, 0.010154, 2e-06, 0.0, -0.014204, -0.007951, -0.042217, -0.138166, -0.072608, -0.000114, 0.151463, -0.012299, -7.7e-05, -0.01581, 0.001284, 0.134105, 0.000194, -1.6