{"coordinates": [[[9.459, 9.603, 9.999], [10.54, 10.396, 9.999], [8.055, 10.11, 10.0], [11.944, 9.889, 10.0], [9.5865, 8.523, 9.999], [10.413, 11.476, 9.999], [7.528, 9.746, 10.887], [8.009, 11.203, 10.0], [7.528, 9.746, 9.11319999999999], [12.471, 10.253, 10.887], [11.99, 8.796, 10.0], [12.471, 10.253, 9.11319999999999]]], "HF": [-157.21864111258], "elements": [["C", "C", "C", "C", "H", "H", "H", "H", "H", "H", "H", "H"]], "S": [[[1.0, -0.2157, 0.19014, -0.0, -0.0, -0.0, 0.0, 0.0, 0.0, -0.0, -0.0, 0.0, -0.0, 0.0, 0.000644, 0.024128, 0.071786, 0.0, -0.039362, -0.02892, 0.0, -0.109932, -0.080768, -0.058041, 0.0, 0.0, 0.030046, 0.095935, 0.000319, 0.012378, 0.056843, -7e-06, 0.024973, -0.009022, -3.3e-05, 0.114302, -0.041292, -0.034503, -3e-05, 1.1e-05, 0.045963, -0.038193, 1e-06, 6.3e-05, 0.006505, -0.0, -0.000143, -1.7e-05, -4e-06, -0.025405, -0.002932, -0.000218, 0.0, 0.0, 0.000367, 8.6e-05, 0.057534, 0.096417, -1e-05, -0.012376, 0.105437, 0.000787, 0.024917, 0.0, -0.000233, -0.000459, 0.00068, 0.023702, -0.000184, 0.000399, -3e-05, 0.000582, 0.022463, -0.0, 0.000251, -0.000277, 0.00068, 0.023703, 0.000183, 0.0004, -3e-05, 2e-06, 0.002175, -0.0, -1e-06, -0.0, 4.1e-05, 0.008292, -0.0, -2.5e-05, 8e-06, 2e-06, 0.002175, 0.0, -1e-06, -0.0], [-0.2157, 1.0, 0.718332, 0.0, 0.0, 0.0, -0.0, -0.0, -0.0, 0.0, 0.0, 0.0, -0.0, 0.0, 0.024128, 0.191674, 0.339043, -0.0, -0.215304, -0.158184, -0.0, -0.406301, -0.298511, -0.14752, -0.0, -0.0, 0.076367, 0.243832, 0.012378, 0.134013, 0.282808, -5.4e-05, 0.188421, -0.068068, -0.000127, 0.444227, -0.160479, -0.130822, -0.000114, 4.1e-05, 0.174276, -0.144815, 6.3e-05, 0.003513, 0.051276, -1e-06, -0.007337, -0.000847, -2.5e-05, -0.153992, -0.017771, -0.009228, 5e-06, 1e-06, 0.015563, 0.00364, 0.316095, 0.432627, -3.3e-05, -0.041884, 0.356821, 0.019973, 0.14231, 0.0, -0.011358, -0.022312, 0.018028, 0.13655, -0.00929, 0.020212, -0.0015, 0.016151, 0.130628, -5e-06, 0.013213, -0.014582, 0.01803, 0.136557, 0.009281, 0.02022, -0.001503, 0.000132, 0.018684, -1.8e-05, -6.3e-05, -1.4e-05, 0.002087, 0.057165, -0.0, -0.00173, 0.000552, 0.000132, 0.01868, 1.8e-05, -6.2e-05, -1.3e-05], [0.19014, 0.718332, 1.0, 0.0, 0.0, 0.0, 0.0, 0.0, 0.0, 0.0, 0.0, 0.0, -0.0, 0.0, 0.071786, 0.339043, 0.599239, 0.0, -0.200032, -0.146964, 0.0, -0.494714, -0.363468, -0.071127, 0.0, 0.0, 0.03682, 0.117564, 0.056843, 0.282808, 0.52991, -6.1e-05, 0.214126, -0.077354, -0.000162, 0.57034, -0.206037, -0.072897, -6.4e-05, 2.3e-05, 0.097111, -0.080694, 0.006505, 0.051276, 0.168245, -1e-05, -0.062342, -0.007194, -5.3e-05, -0.329893, -0.03807, -0.034555, 1.9e-05, 2e-06, 0.058277, 0.013632, 0.460564, 0.737017, -2.2e-05, -0.028505, 0.242845, 0.114679, 0.33141, 0.0, -0.04726, -0.092844, 0.108945, 0.321745, -0.041597, 0.090505, -0.006716, 0.103112, 0.311689, -2.6e-05, 0.064012, -0.070644, 0.108952, 0.321757, 0.041553, 0.090529, -0.00673, 0.009444, 0.077922, -0.002841, -0.009639, -0.002082, 0.037153, 0.172687, -7e-06, -0.036531, 0.011646, 0.009442, 0.077912, 0.002837, -0.009638, -0.002081], [-0.0, 0.0, 0.0, 1.0, 0.0, 0.0, 0.530759, 0.0, 0.0, 0.0, 0.0, 0.0, -0.0, 0.0, 0.0, -0.0, 0.0, 0.119551, -0.0, -0.0, 0.243992, -0.0, -0.0, -0.0, -0.227165, -0.166899, 0.0, 0.0, 7e-06, 5.4e-05, 6.1e-05, 0.075763, 8.9e-05, -3.2e-05, 0.202517, 9.8e-05, -3.5e-05, -0.000133, 0.188114, -0.067957, 9.5e-05, -7.9e-05, 0.0, 1e-06, 1e-05, 0.001326, -3e-06, -0.0, 0.03577, -3.1e-05, -4e-06, -4e-06, -0.005881, -0.000679, 6e-06, 1e-06, 3.6e-05, 1.9e-05, 0.223938, -7e-06, 5.8e-05, 0.0, 0.0, 0.005474, -0.0, -0.0, 0.013568, 0.050818, -0.003659, 0.018376, -0.001364, 8e-06, 3.3e-05, 0.004145, 8e-06, -9e-06, -0.013554, -0.050763, -0.003641, -0.018362, 0.001365, 8.5e-05, 0.006425, -6e-06, -4.7e-05, -1e-05, 1e-06, 1.2e-05, 0.000287, -1e-06, 0.0, -8.5e-05, -0.006416, -6e-06, 4.7e-05, 1e-05], [-0.0, 0.0, 0.0, 0.0, 1.0, 0.0, 0.0, 0.530759, 0.0, 0.0, 0.0, 0.0, 0.0, 0.0, 0.039362, 0.215304, 0.200032, 0.0, -0.178255, -0.218799, 0.0, -0.001995, -0.180727, -0.116823, -0.0, -0.0, -0.098794, 0.242977, -0.024973, -0.188421, -0.214126, 8.9e-05, -0.237275, 0.113086, 9.8e-05, -0.142145, 0.12451, 0.142512, 0.000166, -7.9e-05, -0.146417, 0.210022, 0.000143, 0.007337, 0.062342, -3e-06, -0.014762, -0.001857, -3.1e-05, -0.153957, -0.021895, -0.017515, 1.1e-05, 1e-06, 0.029385, 0.007571, 0.046143, 0.024382, -7e-06, 0.215292, 0.073655, 0.016238, 0.057003, 0.0, -0.005679, -0.021912, -0.02952, -0.110567, 0.018376, -0.035194, 0.002967, -0.01975, -0.079281, 8e-06, -0.015374, 0.021541, -0.02953, -0.110596, -0.018362, -0.035217, 0.002974, 0.000289, 0.021799, -4.7e-05, -0.000153, -3.5e-05, 0.004115, 0.058427, -1e-06, -0.003816, 0.001308, 0.000289, 0.021797, 4.7e-05, -0.000152, -3.5e-05], [-0.0, 0.0, 0.0, 0.0, 0.0, 1.0, 0.0, 0.0, 0.530759, -0.0, 0.0, 0.0, -0.0, 0.0, 0.02892, 0.158184, 0.146964, 0.0, -0.218799, -0.041202, 0.0, -0.180727, 0.111211, -0.08583, -0.0, -0.0, 0.261213, 0.073972, 0.009022, 0.068068, 0.077354, -3.2e-05, 0.113086, 0.03491, -3.5e-05, 0.12451, 0.157538, -0.051483, -7.9e-05, -2.5e-05, 0.188808, 0.087693, 1.7e-05, 0.000847, 0.007194, -0.0, -0.001857, 0.001112, -4e-06, -0.021895, 0.033243, -0.002021, 1e-06, -1e-06, 0.004748, -0.004929, -0.393107, -0.20772, 5.8e-05, 0.073655, -0.403554, 0.0319, 0.111985, 0.0, -0.021912, -0.037572, 0.00219, 0.008204, -0.001364, 0.002967, 0.004566, 0.021796, 0.087496, -9e-06, 0.021541, -0.019629, 0.002195, 0.008222, 0.001365, 0.002974, 0.004566, 6.2e-05, 0.004709, -1e-05, -3.5e-05, 0.0, -0.001312, -0.018626, 0.0, 0.001308, -0.00013, 6.2e-05, 0.004708, 1e-05, -3.5e-05, 0.0], [0.0, -0.0, 0.0, 0.530759, 0.0, 0.0, 1.0, 0.0, 0.0, 0.0, 0.0, 0.0, -0.0, 0.0, 0.0, -0.0, 0.0, 0.243992, -0.0, -0.0, 0.614623, 0.0, 0.0, 0.0, -0.18771, -0.137911, 0.0, 0.0, 3.3e-05, 0.000127, 0.000162, 0.202517, 9.8e-05, -3.5e-05, 0.546831, 0.000166, -6e-05, -9.8e-05, 0.203117, -0.073377, 4.2e-05, -3.5e-05, 4e-06, 2.5e-05, 5.3e-05, 0.03577, -3.1e-05, -4e-06, 0.183763, -9.9e-05, -1.1e-05, -2.8e-05, -0.06504, -0.007506, 2.7e-05, 6e-06, 5.2e-05, 4.9e-05, 0.292555, -3e-06, 2.8e-05, -0.0, 0.0, 0.068571, 0.0, 0.0, 0.114229, 0.192963, 0.019091, 0.099852, -0.007409, 7.3e-05, 0.000126, 0.061344, 4.8e-05, -5.3e-05, -0.114107, -0.192752, 0.019195, -0.099767, 0.007417, 0.010751, 0.048218, 0.001455, -0.01187, -0.002564, 2.3e-05, 5.9e-05, 0.021001, -2.4e-05, 8e-06, -0.010736, -0.048158, 0.001463, 0.011855, 0.00256], [0.0, -0.0, 0.0, 0.0, 0.530759, 0.0, 0.0, 1.0, 0.0, 0.0, 0.0, 0.0, 0.0, 0.0, 0.109932, 0.406301, 0.494714, 0.0, -0.001995, -0.180727, 0.0, 0.226042, -0.285491, 0.025681, 0.0, -0.0, -0.144902, -0.001229, -0.114302, -0.444227, -0.57034, 9.8e-05, -0.142145, 0.12451, 0.000166, -0.037112, 0.210952, -0.006305, 3.9e-05, -3.5e-05, 0.055294, 0.049457, 0.025405, 0.153992, 0.329893, -3.1e-05, -0.153957, -0.021895, -9.9e-05, -0.430683, -0.070907, -0.062174, 4.4e-05, 6e-06, 0.103148, 0.031836, 0.065734, 0.061952, -3e-06, 0.288345, 0.035865, 0.128949, 0.213377, 0.0, 0.012687, -0.109787, -0.248535, -0.419841, 0.099852, -0.15227, 0.016121, -0.177001, -0.305695, 4.8e-05, -0.054351, 0.127683, -0.248601, -0.419942, -0.099767, -0.15237, 0.016159, 0.036476, 0.163602, -0.01187, -0.03532, -0.0087, 0.115147, 0.299429, -2.4e-05, -0.099616, 0.038451, 0.036474, 0.163604, 0.011855, -0.035323, -0.008698], [0.0, -0.0, 0.0, 0.0, 0.0, 0.530759, 0.0, 0.0, 1.0, 0.0, 0.0, 0.0, 0.0, 0.0, 0.080768, 0.298511, 0.363468, 0.0, -0.180727, 0.111211, 0.0, -0.285491, 0.404871, 0.018868, -0.0, 0.0, 0.169363, -0.087289, 0.041292, 0.160479, 0.206037, -3.5e-05, 0.12451, 0.157538, -6e-05, 0.210952, 0.470624, 0.002278, -3.5e-05, -4.5e-05, 0.126778, 0.158743, 0.002932, 0.017771, 0.03807, -4e-06, -0.021895, 0.033243, -1.1e-05, -0.070907, 0.17558, -0.007175, 6e-06, -1e-05, 0.026915, -0.0605, -0.560007, -0.527792, 2.8e-05, 0.035865, -0.012993, 0.253327, 0.41919, 0.0, -0.109787, -0.147111, 0.018442, 0.031153, -0.007409, 0.016121, 0.063788, 0.195342, 0.33737, -5.3e-05, 0.127683, -0.07957, 0.018482, 0.03122, 0.007417, 0.016159, 0.063787, 0.00788, 0.035343, -0.002564, -0.0087, 0.003074, -0.036707, -0.095452, 8e-06, 0.038451, 0.008744, 0.007877, 0.035334, 0.00256, -0.008698, 0.003074], [-0.0, 0.0, 0.0, 0.0, 0.0, -0.0, 0.0, 0.0, 0.0, 1.0, 0.0, 0.0, 0.0, 0.0, -0.058041, -0.14752, -0.071127, -0.0, 0.116823, 0.08583, 0.0, -0.025681, -0.018868, 0.147535, 0.0, 0.0, 0.012267, 0.039168, -0.034503, -0.130822, -0.072897, 0.000133, -0.142512, 0.051483, 9.8e-05, 0.006305, -0.002278, 0.127499, 0.000228, -8.2e-05, -0.020528, 0.017057, -0.000218, -0.009228, -0.034555, 4e-06, 0.017515, 0.002021, 2.8e-05, 0.062174, 0.007175, 0.020386, -1.7e-05, -2e-06, -0.030755, -0.007194, -0.202452, -0.039223, 8e-05, 0.009754, -0.083098, -0.034643, -0.04626, 0.0, 0.024168, 0.047479, -0.015305, -0.021815, 0.022129, -0.015552, 0.001154, -0.029259, -0.044718, 2.1e-05, -0.02981, 0.032899, -0.015343, -0.021868, -0.022136, -0.01562, 0.001161, -0.000348, -0.010248, 8.8e-05, 0.000216, 4.7e-05, -0.005289, -0.028829, 2e-06, 0.005862, -0.001869, -0.000348, -0.010254, -8.8e-05, 0.000216, 4.7e-05], [-0.0, 0.0, 0.0, 0.0, 0.0, 0.0, 0.0, 0.0, 0.0, 0.0, 1.0, 0.0, 0.0, 0.0, -0.0, 0.0, 0.0, 0.227165, -0.0, -0.0, 0.18771, 0.0, -0.0, 0.0, -0.221262, -0.288367, 0.0, 0.0, -3e-05, -0.000114, -6.4e-05, -0.188114, -0.000166, 7.9e-05, -0.203117, -3.9e-05, 3.5e-05, 0.000228, -0.321882, 0.156774, -8.4e-05, 0.000128, 0.0, 5e-06, 1.9e-05, 0.005881, -1.1e-05, -1e-06, 0.06504, -4.4e-05, -6e-06, -1.7e-05, -0.023918, -0.003008, 2.1e-05, 5e-06, 8e-06, 1e-06, 0.052676, 4e-05, 1.3e-05, 0.0, -0.0, 0.010624, 0.0, 0.0, -0.041795, -0.059573, 0.014337, -0.06349, 0.005353, -1.9e-05, -2.9e-05, -0.012241, -1.9e-05, 2.6e-05, 0.041762, 0.059521, 0.014268, 0.063459, -0.00536, 0.000407, 0.011986, -3.6e-05, -0.000271, -6.2e-05, 3e-06, 1.8e-05, 0.001473, -4e-06, 1e-06, -0.000407, -0.011972, -3.6e-05, 0.000271, 6.2e-05], [0.0, 0.0, 0.0, 0.0, 0.0, 0.0, 0.0, 0.0, 0.0, 0.0, 0.0, 1.0, 0.0, 0.0, -0.0, 0.0, 0.0, 0.166899, -0.0, -0.0, 0.137911, -0.0, 0.0, 0.0, -0.288367, -0.040632, 0.0, 0.0, 1.1e-05, 4.1e-05, 2.3e-05, 0.067957, 7.9e-05, 2.5e-05, 0.073377, 3.5e-05, 4.5e-05, -8.2e-05, 0.156774, 0.055455, 0.00012, 6.1e-05, 0.0, 1e-06, 2e-06, 0.000679, -1e-06, 1e-06, 0.007506, -6e-06, 1e-05, -2e-06, -0.003008, 0.001803, 3e-06, -4e-06, -6.4e-05, -1.2e-05, -0.448769, 1.3e-05, -6.7e-05, 0.0, -0.0, 0.020872, 0.0, 0.0, 0.003101, 0.00442, -0.001064, 0.005353, 0.008252, 2.1e-05, 3.2e-05, 0.01351, 2.6e-05, -2.4e-05, -0.003105, -0.004425, -0.001061, -0.00536, -0.008243, 8.8e-05, 0.002589, -8e-06, -6.2e-05, 1e-06, -1e-06, -6e-06, -0.00047, 1e-06, -0.0, -8.8e-05, -0.002586, -8e-06, 6.2e-05, -1e-06], [-0.0, -0.0, -0.0, -0.0, 0.0, -0.0, -0.0, 0.0, 0.0, 0.0, 0.0, 0.0, 1.0, 0.0, 0.030046, 0.076367, 0.03682, 0.0, 0.098794, -0.261213, 0.0, 0.144902, -0.169363, 0.012267, 0.0, 0.0, -0.38549, 0.152097, 0.045963, 0.174276, 0.097111, -9.5e-05, 0.146417, -0.188808, -4.2e-05, -0.055294, -0.126778, -0.020528, -8.4e-05, 0.00012, -0.060953, -0.26388, 0.000367, 0.015563, 0.058277, -6e-06, -0.029385, -0.004748, -2.7e-05, -0.103148, -0.026915, -0.030755, 2.1e-05, 3e-06, 0.05265, 0.017992, -0.341126, -0.066089, 5.3e-05, 0.120356, -0.12782, -0.035308, -0.047148, 0.0, 0.041508, 0.0398, 0.045218, 0.064451, -0.035871, 0.059228, -0.007188, -0.004981, -0.007612, 3e-06, -0.018519, -0.006582, 0.045242, 0.064479, 0.035851, 0.059281, -0.007206, 0.000659, 0.019385, -0.000136, -0.000414, -0.00011, 0.00747, 0.040721, -2e-06, -0.008009, 0.003492, 0.000659, 0.019387, 0.000136, -0.000414, -0.00011], [0.0, 0.0, 0.0, 0.0, 0.0, 0.0, 0.0, 0.0, 0.0, 0.0, 0.0, 0.0, 0.0, 1.0, 0.095935, 0.243832, 0.117564, 0.0, -0.242977, -0.073972, 0.0, 0.001229, 0.087289, 0.039168, 0.0, 0.0, 0.152097, 0.052504, -0.038193, -0.144815, -0.080694, 7.9e-05, -0.210022, -0.087693, 3.5e-05, -0.049457, -0.158743, 0.017057, 0.000128, 6.1e-05, -0.26388, -0.159247, 8.6e-05, 0.00364, 0.013632, -1e-06, -0.007571, 0.004929, -6e-06, -0.031836, 0.0605, -0.007194, 5e-06, -4e-06, 0.017992, -0.020057, -0.081202, -0.015732, 1.3e-05, -0.432658, -0.084575, 0.048516, 0.064784, -0.0, -0.021564, -0.072744, -0.006748, -0.009618, 0.005353, -0.01025, -0.017955, -0.050433, -0.07708, 2.6e-05, -0.050056, 0.057911, -0.006764, -0.00964, -0.00536, -0.010278, -0.017958, 0.000299, 0.008786, -6.2e-05, -0.000199, 3e-06, -0.005301, -0.028899, 1e-06, 0.006259, -0.000672, 0.000298, 0.008784, 6.2e-05, -0.000199, 3e-06], [0.000644, 0.024128, 0.071786, 0.0, 0.039362, 0.02892, 0.0, 0.109932, 0.080768, -0.058041, -0.0, -0.0, 0.030046, 0.095935, 1.0, -0.2157, 0.19014, -0.0, 0.0, -0.0, 0.0, 0.0, 0.0, -0.0, 0.0, 0.0, -0.0, 0.0, 1e-06, 6.3e-05, 0.006508, -0.0, 0.000143, 1.7e-05, -4e-06, 0.025412, 0.002931, -0.000218, -0.0, -0.0, 0.000368, 8.6e-05, 0.000319, 0.012377, 0.05684, -7e-06, -0.024972, 0.009017, -3.3e-05, -0.114305, 0.041274, -0.034499, 3e-05, -1.1e-05, 0.04597, -0.038176, 0.000787, 0.024919, -0.0, 0.000234, 0.000459, 0.057515, 0.096408, -0.0, 0.01238, -0.105392, 2e-06, 0.002176, -0.0, 1e-06, 0.0, 4.1e-05, 0.008298, -0.0, 2.5e-05, -8e-06, 2e-06, 0.002176, 0.0, 1e-06, 0.0, 0.000679, 0.023698, -0.000183, -0.000399, 3e-05, 0.000582, 0.022458, -0.0, -0.000251, 0.000277, 0.00068, 0.0237, 0.000183, -0.000399, 3e-05], [0.024128, 0.191674, 0.339043, -0.0, 0.215304, 0.158184, -0.0, 0.406301, 0.298511, -0.14752, 0.0, 0.0, 0.076367, 0.243832, -0.2157, 1.0, 0.718332, 0.0, -0.0, 0.0, -0.0, -0.0, -0.0, 0.0, -0.0, 0.0, -0.0, -0.0, 6.3e-05, 0.003515, 0.051289, -1e-06, 0.007341, 0.000847, -2.5e-05, 0.154024, 0.017763, -0.009232, -5e-06, -1e-06, 0.015571, 0.00364, 0.012377, 0.134004, 0.282798, -5.4e-05, -0.188421, 0.068036, -0.000127, -0.444245, 0.16041, -0.130819, 0.000114, -4.1e-05, 0.174314, -0.144759, 0.019976, 0.142319, -1e-06, 0.011361, 0.022316, 0.316031, 0.432591, 0.0, 0.041908, -0.356781, 0.000132, 0.018689, -1.8e-05, 6.3e-05, 1.4e-05, 0.00209, 0.057199, -0.0, 0.001733, -0.000553, 0.000132, 0.018688, 1.8e-05, 6.3e-05, 1.4e-05, 0.018023, 0.136535, -0.009287, -0.020206, 0.001497, 0.016144, 0.130604, -5e-06, -0.013209, 0.014572, 0.018026, 0.136544, 0.009278, -0.020215, 0.001499], [0.071786, 0.339043, 0.599239, 0.0, 0.200032, 0.146964, 0.0, 0.494714, 0.363468, -0.071127, 0.0, 0.0, 0.03682, 0.117564, 0.19014, 0.718332, 1.0, 0.0, -0.0, 0.0, 0.0, 0.0, -0.0, 0.0, 0.0, 0.0, -0.0, 0.0, 0.006508, 0.051289, 0.168274, -1e-05, 0.062356, 0.007191, -5.3e-05, 0.329936, 0.03805, -0.034561, -1.9e-05, -2e-06, 0.05829, 0.013626, 0.05684, 0.282798, 0.529898, -6.1e-05, -0.214133, 0.07732, -0.000162, -0.570368, 0.205952, -0.072897, 6.4e-05, -2.3e-05, 0.097135, -0.080665, 0.114688, 0.331425, -5e-06, 0.047269, 0.092847, 0.460517, 0.736973, 0.0, 0.028524, -0.24284, 0.009448, 0.077939, -0.002842, 0.009642, 0.002082, 0.03718, 0.17276, -9e-06, 0.036555, -0.011658, 0.009447, 0.077934, 0.002838, 0.009643, 0.002081, 0.10893, 0.321719, -0.041591, -0.090495, 0.006705, 0.10309, 0.311648, -2.2e-05, -0.064014, 0.070618, 0.108939, 0.321735, 0.041548, -0.090523, 0.006711], [0.0, -0.0, 0.0, 0.119551, 0.0, 0.0, 0.243992, 0.0, 0.0, -0.0, 0.227165, 0.166899, 0.0, 0.0, -0.0, 0.0, 0.0, 1.0, 0.0, 0.0, 0.530759, 0.0, 0.0, 0.0, -0.0, 0.0, -0.0, 0.0, 0.0, 1e-06, 1e-05, 0.001327, 3e-06, 0.0, 0.035779, 3.1e-05, 4e-06, -4e-06, 0.005884, 0.000679, 6e-06, 1e-06, 7e-06, 5.4e-05, 6.1e-05, 0.075756, -8.9e-05, 3.2e-05, 0.202511, -9.8e-05, 3.5e-05, -0.000133, -0.188112, 0.067925, 9.5e-05, -7.9e-05, 2e-06, 6e-06, 0.005475, 1e-06, 2e-06, 0.0, 0.0, 0.223873, 0.0, -0.0, 8.5e-05, 0.006427, -6e-06, 4.7e-05, 1e-05, 1e-06, 1.4e-05, 0.000288, 1e-06, -0.0, -8.5e-05, -0.006419, -6e-06, -4.7e-05, -1e-05, 0.013564, 0.050812, -0.003658, -0.01837, 0.001361, 7e-06, 2.7e-05, 0.004142, -7e-06, 7e-06, -0.013551, -0.050758, -0.00364, 0.018357, -0.001361], [-0.039362, -0.215304, -0.200032, -0.0, -0.178255, -0.218799, -0.0, -0.001995, -0.180727, 0.116823, -0.0, -0.0, 0.098794, -0.242977, 0.0, -0.0, -0.0, 0.0, 1.0, 0.0, 0.0, 0.530759, 0.0, 0.0, 0.0, 0.0, -0.0, 0.0, -0.000143, -0.007341, -0.062356, 3e-06, -0.014769, -0.001856, 3.1e-05, -0.153982, -0.021884, 0.017523, 1.1e-05, 1e-06, -0.0294, -0.007569, 0.024972, 0.188421, 0.214133, -8.9e-05, -0.237299, 0.11304, -9.8e-05, -0.142189, 0.124466, -0.142519, 0.000166, -7.9e-05, 0.14651, -0.209961, -0.016242, -0.057013, 1e-06, -0.005683, -0.021917, -0.046168, -0.024399, -0.0, 0.215216, 0.073698, -0.000289, -0.021805, 4.7e-05, -0.000153, -3.5e-05, -0.004121, -0.058454, 1e-06, -0.003822, 0.001311, -0.000289, -0.021806, -4.7e-05, -0.000153, -3.5e-05, 0.029513, 0.11056, -0.01837, -0.035185, 0.002962, 0.019746, 0.079288, -7e-06, -0.015376, 0.021532, 0.029524, 0.110591, 0.018357, -0.03521, 0.002965], [-0.02892, -0.158184, -0.146964, -0.0, -0.218799, -0.041202, -0.0, -0.180727, 0.111211, 0.08583, -0.0, -0.0, -0.261213, -0.073972, -0.0, 0.0, 0.0, 0.0, 0.0, 1.0, 0.0, 0.0, 0.530759, 0.0, 0.0, 0.0, 0.0, -0.0, -1.7e-05, -0.000847, -0.007191, 0.0, -0.001856, 0.001113, 4e-06, -0.021884, 0.033256, 0.002021, 1e-06, -1e-06, -0.004748, 0.004933, -0.009017, -0.068036, -0.07732, 3.2e-05, 0.11304, 0.034939, 3.5e-05, 0.124466, 0.157568, 0.051461, -7.9e-05, -2.5e-05, -0.188752, -0.087772, -0.031903, -0.111987, 2e-06, -0.021917, -0.037575, 0.393045, 0.207721, 0.0, 0.073698, -0.403546, -6.2e-05, -0.004709, 1e-05, -3.5e-05, 0.0, 0.001314, 0.018642, -0.0, 0.001311, -0.00013, -6.2e-05, -0.004707, -1e-05, -3.5e-05, 0.0, -0.002187, -0.008192, 0.001361, 0.002962, 0.004565, -0.021783, -0.087469, 7e-06, 0.021532, -0.019611, -0.002189, -0.008198, -0.001361, 0.002965, 0.004566], [0.0, -0.0, 0.0, 0.243992, 0.0, 0.0, 0.614623, 0.0, 0.0, 0.0, 0.18771, 0.137911, 0.0, 0.0, 0.0, -0.0, 0.0, 0.530759, 0.0, 0.0, 1.0, 0.0, 0.0, 0.0, 0.0, 0.0, -0.0, 0.0, 4e-06, 2.5e-05, 5.3e-05, 0.035779, 3.1e-05, 4e-06, 0.183793, 9.9e-05, 1.1e-05, -2.8e-05, 0.065054, 0.007502, 2.7e-05, 6e-06, 3.3e-05, 0.000127, 0.000162, 0.202511, -9.8e-05, 3.5e-05, 0.54682, -0.000166, 6e-05, -9.8e-05, -0.203125, 0.073345, 4.2e-05, -3.5e-05, 1.4e-05, 2.2e-05, 0.068576, 6e-06, 1.2e-05, -0.0, 0.0, 0.292523, 0.0, 0.0, 0.010754, 0.048228, 0.001456, 0.011874, 0.002564, 2.7e-05, 7.1e-05, 0.021017, 2.9e-05, -9e-06, -0.010741, -0.048171, 0.001464, -0.011861, -0.00256, 0.114214, 0.192948, 0.019088, -0.099843, 0.007398, 6.1e-05, 0.000105, 0.06133, -4e-05, 4.4e-05, -0.114095, -0.19274, 0.019193, 0.09976, -0.007395], [-0.109932, -0.406301, -0.494714, -0.0, -0.001995, -0.180727, 0.0, 0.226042, -0.285491, -0.025681, 0.0, -0.0, 0.144902, 0.001229, 0.0, -0.0, 0.0, 0.0, 0.530759, 0.0, 0.0, 1.0, 0.0, 0.0, 0.0, 0.0, 0.0, 0.0, -0.025412, -0.154024, -0.329936, 3.1e-05, -0.153982, -0.021884, 9.9e-05, -0.430705, -0.070867, 0.062178, 4.4e-05, 6e-06, -0.10316, -0.031819, 0.114305, 0.444245, 0.570368, -9.8e-05, -0.142189, 0.124466, -0.000166, -0.037195, 0.210879, 0.006301, 3.9e-05, -3.5e-05, -0.055254, -0.049453, -0.128973, -0.213409, 6e-06, 0.012676, -0.109801, -0.065779, -0.061997, 0.0, 0.288307, 0.035893, -0.036488, -0.163631, 0.011874, -0.035331, -0.008701, -0.11521, -0.299505, 2.9e-05, -0.099654, 0.038483, -0.036489, -0.163643, -0.011861, -0.035338, -0.008697, 0.248514, 0.419829, -0.099843, -0.15227, 0.016097, 0.177012, 0.30574, -4e-05, -0.054402, 0.127673, 0.248586, 0.419936, 0.09976, -0.152374, 0.016113], [-0.080768, -0.298511, -0.363468, -0.0, -0.180727, 0.111211, 0.0, -0.285491, 0.404871, -0.018868, -0.0, 0.0, -0.169363, 0.087289, 0.0, -0.0, -0.0, 0.0, 0.0, 0.530759, 0.0, 0.0, 1.0, -0.0, 0.0, 0.0, -0.0, 0.0, -0.002931, -0.017763, -0.03805, 4e-06, -0.021884, 0.033256, 1.1e-05, -0.070867, 0.17562, 0.007171, 6e-06, -1e-05, -0.026902, 0.06052, -0.041274, -0.16041, -0.205952, 3.5e-05, 0.124466, 0.157568, 6e-05, 0.210879, 0.470675, -0.002275, -3.5e-05, -4.5e-05, -0.126739, -0.158784, -0.253333, -0.419187, 1.2e-05, -0.109801, -0.1471, 0.560002, 0.52781, 0.0, 0.035893, -0.013048, -0.00788, -0.03534, 0.002564, -0.008701, 0.003076, 0.036742, 0.095515, -9e-06, 0.038483, 0.008745, -0.007876, -0.035321, -0.00256, -0.008697, 0.003078, -0.018414, -0.031107, 0.007398, 0.016097, 0.063782, -0.195275, -0.337286, 4.4e-05, 0.127673, -0.079516, -0.018428, -0.031131, -0.007395, 0.016113, 0.063786], [-0.058041, -0.14752, -0.071127, -0.0, -0.116823, -0.08583, 0.0, 0.025681, 0.018868, 0.147535, 0.0, 0.0, 0.012267, 0.039168, -0.0, 0.0, 0.0, 0.0, 0.0, 0.0, 0.0, 0.0, -0.0, 1.0, 0.0, 0.0, 0.0, 0.0, -0.000218, -0.009232, -0.034561, 4e-06, -0.017523, -0.002021, 2.8e-05, -0.062178, -0.007171, 0.020394, 1.7e-05, 2e-06, -0.030767, -0.007192, -0.034499, -0.130819, -0.072897, 0.000133, 0.142519, -0.051461, 9.8e-05, -0.006301, 0.002275, 0.127496, -0.000228, 8.2e-05, -0.02054, 0.017057, -0.034648, -0.046261, 4e-06, -0.024174, -0.047484, -0.202443, -0.039227, -0.0, -0.009767, 0.083153, -0.000348, -0.01025, 8.8e-05, -0.000217, -4.7e-05, -0.005295, -0.028839, 2e-06, -0.005871, 0.001872, -0.000349, -0.010257, -8.8e-05, -0.000217, -4.7e-05, -0.015303, -0.021815, 0.022123, 0.015551, -0.001152, -0.029249, -0.044715, 1.8e-05, 0.029805, -0.032881, -0.015342, -0.021868, -0.022131, 0.01562, -0.001158], [0.0, -0.0, 0.0, -0.227165, -0.0, -0.0, -0.18771, 0.0, -0.0, 0.0, -0.221262, -0.288367, 0.0, 0.0, 0.0, -0.0, 0.0, -0.0, 0.0, 0.0, 0.0, 0.0, 0.0, 0.0, 1.0, 0.0, 0.0, 0.0, -0.0, -5e-06, -1.9e-05, -0.005884, -1.1e-05, -1e-06, -0.065054, -4.4e-05, -6e-06, 1.7e-05, -0.02393, -0.003008, -2.1e-05, -5e-06, 3e-05, 0.000114, 6.4e-05, 0.188112, -0.000166, 7.9e-05, 0.203125, -3.9e-05, 3.5e-05, -0.000228, -0.32192, 0.156711, 8.5e-05, -0.000128, -3e-06, -3e-06, -0.010627, -1e-06, -4e-06, -0.0, 0.0, -0.052704, -0.0, -0.0, -0.000408, -0.011989, 3.6e-05, -0.000271, -6.2e-05, -4e-06, -2.1e-05, -0.001476, -5e-06, 2e-06, 0.000407, 0.011976, 3.6e-05, 0.000271, 6.2e-05, 0.041785, 0.059569, -0.014333, -0.063474, 0.005344, 1.6e-05, 2.4e-05, 0.012238, -1.6e-05, 2.2e-05, -0.041754, -0.059518, -0.014264, 0.063447, -0.005344], [0.0, -0.0, 0.0, -0.166899, -0.0, -0.0, -0.137911, -0.0, 0.0, 0.0, -0.288367, -0.040632, 0.0, 0.0, 0.0, 0.0, 0.0, 0.0, 0.0, 0.0, 0.0, 0.0, 0.0, 0.0, 0.0, 1.0, 0.0, 0.0, -0.0, -1e-06, -2e-06, -0.000679, -1e-06, 1e-06, -0.007502, -6e-06, 1e-05, 2e-06, -0.003008, 0.001805, -3e-06, 4e-06, -1.1e-05, -4.1e-05, -2.3e-05, -0.067925, 7.9e-05, 2.5e-05, -0.073345, 3.5e-05, 4.5e-05, 8.2e-05, 0.156711, 0.055495, -0.00012, -6.1e-05, -5e-06, -7e-06, -0.020875, -4e-06, -8e-06, 0.0, -0.0, 0.448689, -0.0, 0.0, -8.8e-05, -0.002589, 8e-06, -6.2e-05, 1e-06, 1e-06, 7e-06, 0.000471, 2e-06, -0.0, 8.8e-05, 0.002585, 8e-06, 6.2e-05, -1e-06, -0.003096, -0.004414, 0.001062, 0.005344, 0.00825, -1.7e-05, -2.7e-05, -0.0135, 2.2e-05, -2e-05, 0.003095, 0.004412, 0.001057, -0.005344, -0.008242], [0.030046, 0.076367, 0.03682, 0.0, -0.098794, 0.261213, 0.0, -0.144902, 0.169363, 0.012267, 0.0, 0.0, -0.38549, 0.152097, -0.0, -0.0, -0.0, -0.0, -0.0, 0.0, -0.0, 0.0, -0.0, 0.0, 0.0, 0.0, 1.0, 0.0, 0.000368, 0.015571, 0.05829, -6e-06, 0.0294, 0.004748, -2.7e-05, 0.10316, 0.026902, -0.030767, -2.1e-05, -3e-06, 0.052674, 0.017988, 0.04597, 0.174314, 0.097135, -9.5e-05, -0.14651, 0.188752, -4.2e-05, 0.055254, 0.126739, -0.02054, 8.5e-05, -0.00012, -0.060786, -0.263849, -0.035307, -0.04714, 3e-06, -0.041514, -0.039793, -0.341097, -0.066095, 0.0, -0.12043, 0.127893, 0.000659, 0.01939, -0.000136, 0.000414, 0.00011, 0.007478, 0.040729, -2e-06, 0.008019, -0.003499, 0.000659, 0.019395, 0.000136, 0.000414, 0.00011, 0.04521, 0.064451, -0.035862, -0.059219, 0.007176, -0.004959, -0.007581, 2e-06, 0.018489, 0.006605, 0.045237, 0.064482, 0.035845, -0.059276, 0.007185], [0.095935, 0.243832, 0.117564, 0.0, 0.242977, 0.073972, 0.0, -0.001229, -0.087289, 0.039168, 0.0, 0.0, 0.152097, 0.052504, 0.0, -0.0, 0.0, 0.0, 0.0, -0.0, 0.0, 0.0, 0.0, 0.0, 0.0, 0.0, 0.0, 1.0, 8.6e-05, 0.00364, 0.013626, -1e-06, 0.007569, -0.004933, -6e-06, 0.031819, -0.06052, -0.007192, -5e-06, 4e-06, 0.017988, -0.020072, -0.038176, -0.144759, -0.080665, 7.9e-05, 0.209961, 0.087772, 3.5e-05, 0.049453, 0.158784, 0.017057, -0.000128, -6.1e-05, -0.263849, -0.159393, 0.048527, 0.064792, -4e-06, 0.021576, 0.072757, -0.081253, -0.015744, 0.0, 0.432556, 0.084644, 0.000299, 0.008785, -6.2e-05, 0.000199, -3e-06, -0.00531, -0.028919, 2e-06, -0.006271, 0.000674, 0.000299, 0.008782, 6.2e-05, 0.000199, -3e-06, -0.006737, -0.009604, 0.005344, 0.010233, 0.017952, -0.050417, -0.077077, 2.2e-05, 0.050055, -0.057875, -0.006744, -0.009613, -0.005344, 0.010248, 0.017958], [0.000319, 0.012378, 0.056843, 7e-06, -0.024973, 0.009022, 3.3e-05, -0.114302, 0.041292, -0.034503, -3e-05, 1.1e-05, 0.045963, -0.038193, 1e-06, 6.3e-05, 0.006508, 0.0, -0.000143, -1.7e-05, 4e-06, -0.025412, -0.002931, -0.000218, -0.0, -0.0, 0.000368, 8.6e-05, 1.0, -0.2157, 0.19014, -0.0, -0.0, -0.0, 0.0, 0.0, -0.0, -0.0, 0.0, 0.0, -0.0, 0.0, 0.0, 0.0, 5.9e-05, -0.0, -0.0, 0.0, 0.0, -0.00043, 2.4e-05, -0.0, -0.0, 0.0, 0.0, -0.0, 0.000461, 0.020718, 0.0, -0.000204, 0.000212, 2.8e-05, 0.007122, 0.0, -1.5e-05, -9e-06, 0.056209, 0.09576, -0.083653, 0.049709, 0.034312, 0.056158, 0.095735, -1.9e-05, 0.004378, -0.102973, 0.056221, 0.095766, 0.083662, 0.049763, 0.034295, 0.0, 3.5e-05, -0.0, -0.0, -0.0, 0.0, 0.000125, -0.0, -0.0, 0.0, 0.0, 3.5e-05, 0.0, -0.0, -0.0], [0.012378, 0.134013, 0.282808, 5.4e-05, -0.188421, 0.068068, 0.000127, -0.444227, 0.160479, -0.130822, -0.000114, 4.1e-05, 0.174276, -0.144815, 6.3e-05, 0.003515, 0.051289, 1e-06, -0.007341, -0.000847, 2.5e-05, -0.154024, -0.017763, -0.009232, -5e-06, -1e-06, 0.015571, 0.00364, -0.2157, 1.0, 0.718332, -0.0, -0.0, -0.0, -0.0, -0.0, -0.0, 0.0, 0.0, 0.0, -0.0, 0.0, 0.0, 1e-06, 0.001105, -0.0, -2e-06, 0.0, -0.0, -0.006108, 0.000346, -4e-06, -0.0, 0.0, 8e-06, -1e-06, 0.013684, 0.12218, 2e-06, -0.011309, 0.011722, 0.001526, 0.050365, 0.0, -0.001084, -0.000628, 0.31175, 0.430216, -0.289235, 0.171872, 0.118635, 0.311581, 0.430123, -6.5e-05, 0.015151, -0.35633, 0.31179, 0.430239, 0.289207, 0.172025, 0.118552, 0.0, 0.000563, -0.0, -0.0, -0.0, 0.0, 0.001664, -0.0, -0.0, 0.0, 0.0, 0.000563, 0.0, -0.0, -0.0], [0.056843, 0.282808, 0.52991, 6.1e-05, -0.214126, 0.077354, 0.000162, -0.57034, 0.206037, -0.072897, -6.4e-05, 2.3e-05, 0.097111, -0.080694, 0.006508, 0.051289, 0.168274, 1e-05, -0.062356, -0.007191, 5.3e-05, -0.329936, -0.03805, -0.034561, -1.9e-05, -2e-06, 0.05829, 0.013626, 0.19014, 0.718332, 1.0, 0.0, 0.0, 0.0, 0.0, 0.0, -0.0, 0.0, 0.0, 0.0, -0.0, 0.0, 5.9e-05, 0.001105, 0.013266, 0.0, -0.001843, 0.000104, 0.0, -0.043424, 0.002462, -0.001634, 0.0, 0.0, 0.002811, -0.00032, 0.094909, 0.297122, 1.2e-05, -0.061701, 0.063954, 0.031795, 0.157777, 5e-06, -0.028679, -0.016617, 0.457333, 0.734051, -0.198086, 0.117708, 0.081248, 0.457207, 0.733936, -4.5e-05, 0.010379, -0.244096, 0.457363, 0.734079, 0.198055, 0.117806, 0.081187, 0.000137, 0.006557, -2.6e-05, -0.000131, -4e-06, 0.000504, 0.014071, -0.0, -0.000493, 0.000165, 0.000137, 0.006552, 2.6e-05, -0.00013, -4e-06], [-7e-06, -5.4e-05, -6.1e-05, 0.075763, 8.9e-05, -3.2e-05, 0.202517, 9.8e-05, -3.5e-05, 0.000133, -0.188114, 0.067957, -9.5e-05, 7.9e-05, -0.0, -1e-06, -1e-05, 0.001327, 3e-06, 0.0, 0.035779, 3.1e-05, 4e-06, 4e-06, -0.005884, -0.000679, -6e-06, -1e-06, -0.0, -0.0, 0.0, 1.0, 0.0, 0.0, 0.530759, 0.0, 0.0, 0.0, -0.0, -0.0, 0.0, 0.0, -0.0, -0.0, 0.0, 0.0, 0.0, 0.0, 0.000788, 0.0, 0.0, 0.0, -1e-06, 0.0, 0.0, 0.0, -3e-06, -1.5e-05, 0.003337, 3e-06, -4e-06, -0.0, -8e-06, 0.000191, 0.0, 0.0, 0.317713, 0.169728, -0.195735, 0.246795, 0.170351, 7.2e-05, 3.8e-05, 0.219418, 5e-06, -0.000115, -0.317691, -0.169699, -0.195586, -0.246974, -0.170204, 0.0, 0.000176, -0.0, -0.0, -0.0, 0.0, 0.0, 0.0, -0.0, 0.0, -0.0, -0.000176, -0.0, 0.0, 0.0], [0.024973, 0.188421, 0.214126, 8.9e-05, -0.237275, 0.113086, 9.8e-05, -0.142145, 0.12451, -0.142512, -0.000166, 7.9e-05, 0.146417, -0.210022, 0.000143, 0.007341, 0.062356, 3e-06, -0.014769, -0.001856, 3.1e-05, -0.153982, -0.021884, -0.017523, -1.1e-05, -1e-06, 0.0294, 0.007569, -0.0, -0.0, 0.0, 0.0, 1.0, 0.0, 0.0, 0.530759, -0.0, 0.0, 0.0, 0.0, -0.0, -0.0, 0.0, 2e-06, 0.001843, 0.0, -6e-06, 0.0, 0.0, -0.009377, 0.000576, -1.2e-05, 0.0, 0.0, 2e-05, -2e-06, 0.017513, 0.078015, 3e-06, -0.014149, 0.018124, 0.002777, 0.047703, 0.0, -0.002177, -0.001372, -0.188794, -0.100857, 0.246795, 0.072933, -0.101227, -0.016641, -0.008894, 5e-06, 0.218278, 0.02681, -0.188967, -0.100939, -0.246974, 0.072722, -0.10124, 0.0, 0.000876, -0.0, -0.0, -0.0, 1e-06, 0.002365, -0.0, -0.0, 0.0, 0.0, 0.000875, 0.0, -0.0, -0.0], [-0.009022, -0.068068, -0.077354, -3.2e-05, 0.113086, 0.03491, -3.5e-05, 0.12451, 0.157538, 0.051483, 7.9e-05, 2.5e-05, -0.188808, -0.087693, 1.7e-05, 0.000847, 0.007191, 0.0, -0.001856, 0.001113, 4e-06, -0.021884, 0.033256, -0.002021, -1e-06, 1e-06, 0.004748, -0.004933, -0.0, -0.0, 0.0, 0.0, 0.0, 1.0, 0.0, -0.0, 0.530759, 0.0, 0.0, 0.0, 0.0, -0.0, -0.0, -0.0, -0.000104, 0.0, 0.0, 0.0, 0.0, 0.000576, 0.000755, 1e-06, 0.0, 0.0, -1e-06, -1e-06, -0.018153, -0.080864, -4e-06, 0.018124, -0.01545, 0.001609, 0.02764, 0.0, -0.001372, -0.000604, -0.130315, -0.069617, 0.170351, -0.101227, 0.149713, 0.39137, 0.209166, -0.000115, 0.02681, -0.411119, -0.130228, -0.069563, -0.170204, -0.10124, 0.149855, 0.0, 2.8e-05, -0.0, -0.0, 0.0, -0.0, -0.00079, 0.0, 0.0, -0.0, 0.0, 2.8e-05, 0.0, -0.0, 0.0], [-3.3e-05, -0.000127, -0.000162, 0.202517, 9.8e-05, -3.5e-05, 0.546831, 0.000166, -6e-05, 9.8e-05, -0.203117, 0.073377, -4.2e-05, 3.5e-05, -4e-06, -2.5e-05, -5.3e-05, 0.035779, 3.1e-05, 4e-06, 0.183793, 9.9e-05, 1.1e-05, 2.8e-05, -0.065054, -0.007502, -2.7e-05, -6e-06, 0.0, -0.0, 0.0, 0.530759, 0.0, 0.0, 1.0, 0.0, 0.0, 0.0, 0.0, 0.0, 0.0, 0.0, 0.0, -0.0, 0.0, 0.000788, 0.0, 0.0, 0.016431, 0.0, 0.0, 0.0, -0.002312, 0.000131, 0.0, 0.0, -3.4e-05, -6e-05, 0.05624, 2.3e-05, -2.4e-05, -1.6e-05, -4.3e-05, 0.017826, 1.5e-05, 9e-06, 0.457166, 0.432105, 0.085504, 0.121768, 0.08405, 0.000103, 9.7e-05, 0.290339, 2e-06, -5.7e-05, -0.457092, -0.432023, 0.085602, -0.121841, -0.083968, 0.000181, 0.004283, 1.6e-05, -0.000195, -6e-06, 0.0, 1e-06, 0.000222, -0.0, 0.0, -0.00018, -0.004279, 1.6e-05, 0.000194, 6e-06], [0.114302, 0.444227, 0.57034, 9.8e-05, -0.142145, 0.12451, 0.000166, -0.037112, 0.210952, 0.006305, -3.9e-05, 3.5e-05, -0.055294, -0.049457, 0.025412, 0.154024, 0.329936, 3.1e-05, -0.153982, -0.021884, 9.9e-05, -0.430705, -0.070867, -0.062178, -4.4e-05, -6e-06, 0.10316, 0.031819, 0.0, -0.0, 0.0, 0.0, 0.530759, -0.0, 0.0, 1.0, 0.0, -0.0, 0.0, 0.0, 0.0, 0.0, 0.00043, 0.006108, 0.043424, 0.0, -0.009377, 0.000576, 0.0, -0.118155, 0.007632, -0.007262, 0.0, 0.0, 0.012482, -0.001552, 0.172401, 0.307846, 2.3e-05, -0.061882, 0.122435, 0.092261, 0.25531, 1.5e-05, -0.070986, -0.051461, -0.271662, -0.256769, 0.121768, 0.218064, -0.049945, -0.023955, -0.022644, 2e-06, 0.289776, 0.013235, -0.271885, -0.256973, -0.121841, 0.217968, -0.049945, 0.000899, 0.021317, -0.000195, -0.000913, -3.1e-05, 0.002816, 0.040088, -0.0, -0.002855, 0.001027, 0.000898, 0.021303, 0.000194, -0.000912, -3.1e-05], [-0.041292, -0.160479, -0.206037, -3.5e-05, 0.12451, 0.157538, -6e-05, 0.210952, 0.470624, -0.002278, 3.5e-05, 4.5e-05, -0.126778, -0.158743, 0.002931, 0.017763, 0.03805, 4e-06, -0.021884, 0.033256, 1.1e-05, -0.070867, 0.17562, -0.007171, -6e-06, 1e-05, 0.026902, -0.06052, -0.0, -0.0, -0.0, 0.0, -0.0, 0.530759, 0.0, 0.0, 1.0, 0.0, 0.0, 0.0, 0.0, 0.0, -2.4e-05, -0.000346, -0.002462, 0.0, 0.000576, 0.000755, 0.0, 0.007632, 0.015999, 0.000412, 0.0, 0.0, -0.00097, -0.002216, -0.178697, -0.319088, -2.4e-05, 0.122435, -0.070667, 0.053458, 0.147934, 9e-06, -0.051461, -0.011991, -0.187515, -0.177235, 0.08405, -0.049945, 0.255947, 0.563373, 0.532549, -5.7e-05, 0.013235, -0.020925, -0.187372, -0.177095, -0.083968, -0.049945, 0.256021, 2.9e-05, 0.000692, -6e-06, -3.1e-05, 5.4e-05, -0.00094, -0.013387, 0.0, 0.001027, -0.000121, 2.9e-05, 0.000691, 6e-06, -3.1e-05, 5.4e-05], [-0.034503, -0.130822, -0.072897, -0.000133, 0.142512, -0.051483, -9.8e-05, -0.006305, 0.002278, 0.127499, 0.000228, -8.2e-05, -0.020528, 0.017057, -0.000218, -0.009232, -0.034561, -4e-06, 0.017523, 0.002021, -2.8e-05, 0.062178, 0.007171, 0.020394, 1.7e-05, 2e-06, -0.030767, -0.007192, -0.0, 0.0, 0.0, 0.0, 0.0, 0.0, 0.0, -0.0, 0.0, 1.0, 0.0, 0.0, 0.0, 0.0, -0.0, -4e-06, -0.001634, 0.0, 1.2e-05, -1e-06, 0.0, 0.007262, -0.000412, 2.2e-05, 0.0, 0.0, -3.7e-05, 4e-06, -0.025611, -0.043466, -9e-06, 0.02663, -0.027603, -0.004029, -0.026615, -1e-06, 0.003843, 0.002227, 0.196129, 0.038425, 0.146081, 0.285969, 0.19739, -0.201765, -0.039546, 0.000157, -0.00372, 0.087496, 0.196006, 0.038397, -0.146286, 0.286107, 0.197173, -0.0, -0.000651, 0.0, 0.0, 0.0, -2e-06, -0.001881, 0.0, 0.0, -0.0, -0.0, -0.00065, -0.0, 0.0, 0.0], [-3e-05, -0.000114, -6.4e-05, 0.188114, 0.000166, -7.9e-05, 0.203117, 3.9e-05, -3.5e-05, 0.000228, -0.321882, 0.156774, -8.4e-05, 0.000128, -0.0, -5e-06, -1.9e-05, 0.005884, 1.1e-05, 1e-06, 0.065054, 4.4e-05, 6e-06, 1.7e-05, -0.02393, -0.003008, -2.1e-05, -5e-06, 0.0, 0.0, 0.0, -0.0, 0.0, 0.0, 0.0, 0.0, 0.0, 0.0, 1.0, 0.0, 0.0, 0.0, 0.0, 0.0, 0.0, 1e-06, 0.0, 0.0, 0.002312, 0.0, 0.0, 0.0, -1e-05, 1e-06, 0.0, 0.0, -8e-06, -1.4e-05, 0.010401, 9e-06, -1.1e-05, -2e-06, -1.2e-05, 0.000912, 2e-06, 1e-06, -0.273036, -0.053492, 0.163625, 0.137065, -0.15539, -5e-06, -1e-06, -0.018969, 8.1e-05, 9e-06, 0.273225, 0.053524, 0.163605, -0.136715, 0.155371, 0.0, 0.000492, -0.0, -0.0, -0.0, 0.0, 0.0, 0.0, -0.0, 0.0, -0.0, -0.000492, -0.0, 0.0, 0.0], [1.1e-05, 4.1e-05, 2.3e-05, -0.067957, -7.9e-05, -2.5e-05, -0.073377, -3.5e-05, -4.5e-05, -8.2e-05, 0.156774, 0.055455, 0.00012, 6.1e-05, -0.0, -1e-06, -2e-06, 0.000679, 1e-06, -1e-06, 0.007502, 6e-06, -1e-05, 2e-06, -0.003008, 0.001805, -3e-06, 4e-06, 0.0, 0.0, 0.0, -0.0, 0.0, 0.0, 0.0, 0.0, 0.0, 0.0, 0.0, 1.0, 0.0, 0.0, -0.0, -0.0, 0.0, -0.0, 0.0, 0.0, -0.000131, 0.0, 0.0, 0.0, 1e-06, 0.0, 0.0, 0.0, 9e-06, 1.5e-05, -0.010781, -1.1e-05, 9e-06, -1e-06, -7e-06, 0.000528, 1e-06, 0.0, -0.188463, -0.036923, 0.112942, -0.15539, 0.254928, 0.000128, 2.5e-05, 0.446128, 9e-06, -0.000137, 0.188295, 0.036886, 0.11275, 0.155371, -0.255091, 0.0, 1.6e-05, -0.0, -0.0, 0.0, -0.0, -0.0, -0.0, 0.0, -0.0, -0.0, -1.6e-05, -0.0, 0.0, -0.0], [0.045963, 0.174276, 0.097111, 9.5e-05, -0.146417, 0.188808, 4.2e-05, 0.055294, 0.126778, -0.020528, -8.4e-05, 0.00012, -0.060953, -0.26388, 0.000368, 0.015571, 0.05829, 6e-06, -0.0294, -0.004748, 2.7e-05, -0.10316, -0.026902, -0.030767, -2.1e-05, -3e-06, 0.052674, 0.017988, -0.0, -0.0, -0.0, 0.0, -0.0, 0.0, 0.0, 0.0, 0.0, 0.0, 0.0, 0.0, 1.0, 0.0, 0.0, 8e-06, 0.002811, 0.0, -2e-05, 1e-06, 0.0, -0.012482, 0.00097, -3.7e-05, 0.0, 0.0, 6.5e-05, -8e-06, -0.00159, -0.002699, -0.0, 0.012428, 0.00868, 0.003471, 0.022925, 1e-06, -0.002852, -0.002709, 0.042472, 0.008321, -0.058932, -0.180203, 0.172729, -0.348206, -0.068249, 0.000109, -0.044291, 0.14939, 0.042666, 0.008358, 0.059188, -0.180216, 0.172722, 0.0, 0.001224, -0.0, -0.0, -0.0, 2e-06, 0.002605, -0.0, -0.0, 0.0, 0.0, 0.001223, 0.0, -0.0, -0.0], [-0.038193, -0.144815, -0.080694, -7.9e-05, 0.210022, 0.087693, -3.5e-05, 0.049457, 0.158743, 0.017057, 0.000128, 6.1e-05, -0.26388, -0.159247, 8.6e-05, 0.00364, 0.013626, 1e-06, -0.007569, 0.004933, 6e-06, -0.031819, 0.06052, -0.007192, -5e-06, 4e-06, 0.017988, -0.020072, 0.0, 0.0, 0.0, 0.0, -0.0, -0.0, 0.0, 0.0, 0.0, 0.0, 0.0, 0.0, 0.0, 1.0, -0.0, -1e-06, -0.00032, 0.0, 2e-06, 1e-06, 0.0, 0.001552, 0.002216, 4e-06, 0.0, 0.0, -8e-06, -9e-06, -0.044331, -0.075236, -1.1e-05, 0.045709, -0.048152, 0.006055, 0.039995, 1e-06, -0.006037, -0.002892, 0.11199, 0.021941, -0.15539, -0.056219, -0.151486, -0.029665, -0.005814, 9e-06, 0.443971, 0.031765, 0.112, 0.02194, 0.155371, -0.056043, -0.151731, 0.0, 8e-05, -0.0, -0.0, 0.0, -2e-06, -0.001958, 0.0, 0.0, -0.0, 0.0, 7.9e-05, 0.0, -0.0, 0.0], [1e-06, 6.3e-05, 0.006505, 0.0, 0.000143, 1.7e-05, 4e-06, 0.025405, 0.002932, -0.000218, 0.0, 0.0, 0.000367, 8.6e-05, 0.000319, 0.012377, 0.05684, 7e-06, 0.024972, -0.009017, 3.3e-05, 0.114305, -0.041274, -0.034499, 3e-05, -1.1e-05, 0.04597, -0.038176, 0.0, 0.0, 5.9e-05, -0.0, 0.0, -0.0, 0.0, 0.00043, -2.4e-05, -0.0, 0.0, -0.0, 0.0, -0.0, 1.0, -0.2157, 0.19014, -0.0, -0.0, -0.0, 0.0, 0.0, 0.0, -0.0, 0.0, 0.0, -0.0, 0.0, 2.8e-05, 0.007119, 0.0, 1.5e-05, 9e-06, 0.000461, 0.020716, 0.0, 0.000204, -0.000212, 0.0, 3.5e-05, -0.0, 0.0, 0.0, 0.0, 0.000125, -0.0, 0.0, -0.0, 0.0, 3.5e-05, 0.0, 0.0, 0.0, 0.056209, 0.09576, -0.083653, -0.049709, -0.034312, 0.056155, 0.095734, -9e-06, -0.004406, 0.102967, 0.056209, 0.095761, 0.083635, -0.049748, -0.034303], [6.3e-05, 0.003513, 0.051276, 1e-06, 0.007337, 0.000847, 2.5e-05, 0.153992, 0.017771, -0.009228, 5e-06, 1e-06, 0.015563, 0.00364, 0.012377, 0.134004, 0.282798, 5.4e-05, 0.188421, -0.068036, 0.000127, 0.444245, -0.16041, -0.130819, 0.000114, -4.1e-05, 0.174314, -0.144759, 0.0, 1e-06, 0.001105, -0.0, 2e-06, -0.0, -0.0, 0.006108, -0.000346, -4e-06, 0.0, -0.0, 8e-06, -1e-06, -0.2157, 1.0, 0.718332, -0.0, 0.0, 0.0, -0.0, -0.0, -0.0, 0.0, 0.0, 0.0, -0.0, 0.0, 0.001524, 0.050344, 0.0, 0.001083, 0.000627, 0.013681, 0.122168, 3e-06, 0.011307, -0.011717, 0.0, 0.000563, -0.0, 0.0, 0.0, 0.0, 0.001665, -0.0, 0.0, -0.0, 0.0, 0.000563, 0.0, 0.0, 0.0, 0.31175, 0.430216, -0.289235, -0.171872, -0.118635, 0.311574, 0.430118, -3.3e-05, -0.015249, 0.356321, 0.311751, 0.430217, 0.289171, -0.172003, -0.118603], [0.006505, 0.051276, 0.168245, 1e-05, 0.062342, 0.007194, 5.3e-05, 0.329893, 0.03807, -0.034555, 1.9e-05, 2e-06, 0.058277, 0.013632, 0.05684, 0.282798, 0.529898, 6.1e-05, 0.214133, -0.07732, 0.000162, 0.570368, -0.205952, -0.072897, 6.4e-05, -2.3e-05, 0.097135, -0.080665, 5.9e-05, 0.001105, 0.013266, 0.0, 0.001843, -0.000104, 0.0, 0.043424, -0.002462, -0.001634, 0.0, 0.0, 0.002811, -0.00032, 0.19014, 0.718332, 1.0, 0.0, -0.0, 0.0, 0.0, 0.0, 0.0, 0.0, 0.0, 0.0, -0.0, 0.0, 0.031779, 0.157729, 4e-06, 0.028665, 0.016609, 0.094897, 0.297101, 1.6e-05, 0.0617, -0.063941, 0.000137, 0.006557, -2.6e-05, 0.000131, 4e-06, 0.000505, 0.014079, -0.0, 0.000494, -0.000165, 0.000137, 0.006552, 2.6e-05, 0.00013, 4e-06, 0.457333, 0.734051, -0.198086, -0.117708, -0.081248, 0.457202, 0.733931, -2.2e-05, -0.010446, 0.244093, 0.457334, 0.734052, 0.198042, -0.117798, -0.081226], [-0.0, -1e-06, -1e-05, 0.001326, -3e-06, -0.0, 0.03577, -3.1e-05, -4e-06, 4e-06, 0.005881, 0.000679, -6e-06, -1e-06, -7e-06, -5.4e-05, -6.1e-05, 0.075756, -8.9e-05, 3.2e-05, 0.202511, -9.8e-05, 3.5e-05, 0.000133, 0.188112, -0.067925, -9.5e-05, 7.9e-05, -0.0, -0.0, 0.0, 0.0, 0.0, 0.0, 0.000788, 0.0, 0.0, 0.0, 1e-06, -0.0, 0.0, 0.0, -0.0, -0.0, 0.0, 1.0, 0.0, 0.0, 0.530759, 0.0, 0.0, 0.0, -0.0, 0.0, 0.0, 0.0, -0.0, -6e-06, 0.000191, -0.0, -0.0, -5e-06, -2e-05, 0.003336, -5e-06, 5e-06, 0.0, 0.000176, -0.0, 0.0, 0.0, 0.0, 0.0, 0.0, 0.0, -0.0, -0.0, -0.000176, -0.0, -0.0, -0.0, 0.317713, 0.169728, -0.195735, -0.246795, -0.170351, 3.6e-05, 1.9e-05, 0.21941, -2e-06, 5.8e-05, -0.317643, -0.16969, -0.195549, 0.246929, 0.170267], [-0.000143, -0.007337, -0.062342, -3e-06, -0.014762, -0.001857, -3.1e-05, -0.153957, -0.021895, 0.017515, -1.1e-05, -1e-06, -0.029385, -0.007571, -0.024972, -0.188421, -0.214133, -8.9e-05, -0.237299, 0.11304, -9.8e-05, -0.142189, 0.124466, 0.142519, -0.000166, 7.9e-05, -0.14651, 0.209961, -0.0, -2e-06, -0.001843, 0.0, -6e-06, 0.0, 0.0, -0.009377, 0.000576, 1.2e-05, 0.0, 0.0, -2e-05, 2e-06, -0.0, 0.0, -0.0, 0.0, 1.0, 0.0, 0.0, 0.530759, 0.0, 0.0, 0.0, 0.0, -0.0, 0.0, -0.002774, -0.047686, -0.0, -0.002174, -0.00137, -0.017511, -0.078017, -5e-06, -0.014149, 0.01812, -0.0, -0.000876, 0.0, -0.0, -0.0, -1e-06, -0.002367, 0.0, -0.0, 0.0, -0.0, -0.000876, -0.0, -0.0, -0.0, 0.188794, 0.100857, -0.246795, 0.072933, -0.101227, 0.016748, 0.008951, -2e-06, 0.218256, 0.026983, 0.188939, 0.100934, 0.246929, 0.07271, -0.101277], [-1.7e-05, -0.000847, -0.007194, -0.0, -0.001857, 0.001112, -4e-06, -0.021895, 0.033243, 0.002021, -1e-06, 1e-06, -0.004748, 0.004929, 0.009017, 0.068036, 0.07732, 3.2e-05, 0.11304, 0.034939, 3.5e-05, 0.124466, 0.157568, -0.051461, 7.9e-05, 2.5e-05, 0.188752, 0.087772, 0.0, 0.0, 0.000104, 0.0, 0.0, 0.0, 0.0, 0.000576, 0.000755, -1e-06, 0.0, 0.0, 1e-06, 1e-06, -0.0, 0.0, 0.0, 0.0, 0.0, 1.0, 0.0, 0.0, 0.530759, -0.0, 0.0, 0.0, -0.0, -0.0, -0.001607, -0.02763, -0.0, -0.00137, -0.000603, 0.018147, 0.08085, 5e-06, 0.01812, -0.015442, -0.0, -2.8e-05, 0.0, -0.0, 0.0, 0.0, 