{"coordinates": [[[9.552, 10.0, 10.308], [8.756, 8.7435, 9.958], [8.755, 11.256, 9.958], [10.872, 10.0, 9.581], [12.062, 10.0, 10.193], [9.724, 10.0, 11.392], [7.805, 8.72, 10.502], [9.312, 7.83869999999999, 10.22], [8.531, 8.694, 8.886], [8.53, 11.30529999999999, 8.886], [7.805, 11.275, 10.502], [9.311, 12.161, 10.22], [10.849, 10.0, 8.49429999999999], [12.978, 10.0, 9.612], [12.144, 10.0, 11.274]]], "HF": [-196.52571076107], "elements": [["C", "C", "C", "C", "C", "H", "H", "H", "H", "H", "H", "H", "H", "H", "H"]], "S": [[[1.0, -0.2157, 0.19014, 0.0, -0.0, -0.0, 0.0, 0.0, 0.0, -0.0, 0.0, 0.0, -0.0, 0.0, 0.000269, 0.010501, 0.053626, 0.005224, 0.011873, 0.018728, 0.026989, 0.061339, 0.096752, -0.025387, 0.012479, 0.019684, -0.021101, 0.044737, 0.000269, 0.010495, 0.053615, 0.005223, 0.011874, -0.018714, 0.026992, 0.061366, -0.096719, -0.025374, 0.012483, -0.019674, -0.021059, -0.04473, 0.000299, 0.011613, 0.055575, 0.012078, -0.021917, 0.0, 0.05794, -0.10514, 0.0, -0.009864, -0.047958, 0.0, 0.043513, -0.0, 1e-06, 6e-05, 0.00631, 6e-06, -0.000136, -0.0, 0.001144, -0.024924, -1e-06, -0.000203, -3.2e-05, -0.0, 0.000354, 0.0, 0.055638, 0.095474, -0.10064, -0.015969, 0.0, 0.000547, 0.021983, -3.1e-05, 0.000282, 0.000206, 0.000536, 0.021825, 1.3e-05, 3.8e-05, 0.000341, 0.000514, 0.021511, 0.000214, 0.000154, 0.000196, 0.000513, 0.021506, 0.000214, 0.000154, -0.000196, 0.000546, 0.021976, -3.1e-05, 0.000282, -0.000206, 0.000535, 0.021818, 1.3e-05, 3.8e-05, -0.00034, 0.000404, 0.019763, 0.000209, -0.000149, -0.0, 0.0, 0.000976, 0.0, -0.0, -0.0, 2.3e-05, 0.006478, -5e-06, -1.3e-05, -0.0], [-0.2157, 1.0, 0.718332, -0.0, 0.0, 0.0, -0.0, -0.0, -0.0, 0.0, 0.0, 0.0, -0.0, 0.0, 0.010501, 0.122289, 0.270269, 0.042568, 0.096748, 0.152603, 0.106207, 0.241381, 0.380738, -0.105764, 0.051988, 0.082003, -0.087907, 0.186372, 0.010495, 0.122251, 0.270227, 0.042566, 0.096776, -0.152527, 0.106221, 0.241497, -0.380621, -0.105741, 0.05202, -0.081988, -0.087759, -0.186403, 0.011613, 0.12936, 0.277888, 0.093898, -0.17039, 0.0, 0.22627, -0.410597, -0.0, -0.038797, -0.188635, 0.0, 0.171151, -0.0, 6e-05, 0.003332, 0.050044, 0.000322, -0.00702, -0.0, 0.006977, -0.151981, -6e-06, -0.008766, -0.0014, -0.0, 0.015247, 1e-06, 0.309864, 0.429164, -0.351239, -0.055732, 0.0, 0.015451, 0.128316, -0.001666, 0.01505, 0.010991, 0.015224, 0.12755, 0.000691, 0.002031, 0.018271, 0.014779, 0.126032, 0.01158, 0.008318, 0.01063, 0.014772, 0.12601, 0.011573, 0.008318, -0.010623, 0.015441, 0.128282, -0.001665, 0.015042, -0.010979, 0.015214, 0.127517, 0.00069, 0.002036, -0.018257, 0.012422, 0.117503, 0.011862, -0.008477, -1e-06, 2.5e-05, 0.009518, 2e-06, -9e-06, -0.0, 0.001255, 0.046542, -0.000347, -0.000931, -0.0], [0.19014, 0.718332, 1.0, 0.0, 0.0, 0.0, 0.0, 0.0, -0.0, 0.0, 0.0, 0.0, -0.0, 0.0, 0.053626, 0.270269, 0.513886, 0.050928, 0.115747, 0.182571, 0.138184, 0.314058, 0.495373, -0.061374, 0.030168, 0.047586, -0.051012, 0.10815, 0.053615, 0.270227, 0.513833, 0.050934, 0.115801, -0.182512, 0.13821, 0.314224, -0.495244, -0.061369, 0.030191, -0.047584, -0.050933, -0.108184, 0.055575, 0.277888, 0.52365, 0.108847, -0.197517, 0.0, 0.292005, -0.529882, -0.0, -0.021957, -0.106756, 0.0, 0.096862, 0.0, 0.00631, 0.050044, 0.165538, 0.002818, -0.061391, -2e-06, 0.015057, -0.328012, -1.3e-05, -0.033789, -0.005396, -0.0, 0.058772, 5e-06, 0.455924, 0.732756, -0.241218, -0.038274, 0.0, 0.100854, 0.307729, -0.008331, 0.075262, 0.054965, 0.100108, 0.306414, 0.003491, 0.010267, 0.092348, 0.098632, 0.303797, 0.059785, 0.042948, 0.054883, 0.098611, 0.30376, 0.059771, 0.042959, -0.054862, 0.100821, 0.307671, -0.008332, 0.075256, -0.054928, 0.100075, 0.306355, 0.00349, 0.010294, -0.092319, 0.090428, 0.288937, 0.06937, -0.049577, -4e-06, 0.004156, 0.048292, 0.000901, -0.004433, -0.0, 0.028856, 0.149145, -0.010564, -0.028347, -1e-06], [0.0, -0.0, 0.0, 1.0, 0.0, 0.0, 0.530759, 0.0, 0.0, 0.0, 0.0, -0.0, -0.0, 0.0, -0.005224, -0.042568, -0.050928, 0.050325, -0.03946, -0.062242, 0.172813, -0.046594, -0.073494, 0.097853, 0.0712, 0.112305, 0.041021, -0.086969, -0.005223, -0.042566, -0.050934, 0.050296, -0.039481, 0.062226, 0.172774, -0.046629, 0.073491, 0.097848, 0.071204, -0.112224, 0.04096, 0.087001, -0.012078, -0.093898, -0.108847, -0.007743, 0.145657, 0.0, 0.108096, 0.164784, 0.0, 0.145916, 0.01626, 0.0, -0.168384, -0.0, -6e-06, -0.000322, -0.002818, 0.001221, 0.000712, 0.0, 0.034508, 0.008672, 0.0, 0.001217, -0.00547, -0.0, -0.001599, -0.0, 0.385339, 0.206842, -0.396765, -0.097499, -0.0, 0.002514, 0.010375, 0.003584, 0.002958, 0.00216, -0.001045, -0.004356, 0.003779, -0.000169, -0.001516, -0.017638, -0.074871, -0.013006, -0.011994, -0.015327, -0.017631, -0.074857, -0.012999, -0.011993, 0.015317, 0.002513, 0.010378, 0.003581, 0.002958, -0.002159, -0.001045, -0.004354, 0.003776, -0.000169, 0.001515, -0.018758, -0.088777, -0.0187, 0.015466, 1e-06, -1.2e-05, -0.002511, -0.0, 5e-06, 0.0, 0.000931, 0.018007, -0.00016, -0.000828, -0.0], [-0.0, 0.0, 0.0, 0.0, 1.0, 0.0, 0.0, 0.530759, 0.0, 0.0, 0.0, 0.0, 0.0, -0.0, -0.011873, -0.096748, -0.115747, -0.03946, -0.021996, -0.141461, -0.046594, 0.087418, -0.167033, 0.057056, -0.013135, -0.086969, 0.18869, -0.047088, -0.011874, -0.096776, -0.115801, -0.039481, -0.022099, 0.141472, -0.046629, 0.087271, 0.167085, 0.057078, -0.013203, 0.087001, 0.188608, 0.047309, 0.021917, 0.17039, 0.197517, 0.145657, -0.191789, 0.0, 0.164784, -0.100117, -0.0, 0.028495, -0.243457, -0.0, 0.13623, 0.0, 0.000136, 0.00702, 0.061391, 0.000712, -0.014265, -1e-06, 0.008672, -0.154002, -8e-06, -0.016779, -0.002939, -0.0, 0.029209, 3e-06, 0.061142, 0.03282, -0.097499, 0.202236, -0.0, -0.022708, -0.093731, 0.002958, -0.022809, -0.019514, -0.003075, -0.012811, -0.000169, 0.00334, -0.004458, -0.012671, -0.053785, -0.011994, -0.004926, -0.011011, -0.012672, -0.053802, -0.011993, -0.004932, 0.011008, -0.022699, -0.093732, 0.002958, -0.022805, 0.019497, -0.003082, -0.012845, -0.000169, 0.003335, 0.004468, 0.013406, 0.063447, 0.015466, -0.008113, -1e-06, 6e-05, 0.012358, 5e-06, -2.3e-05, -0.0, 0.002498, 0.048317, -0.000828, -0.002072, -0.0], [-0.0, 0.0, 0.0, 0.0, 0.0, 1.0, 0.0, 0.0, 0.530759, 0.0, 0.0, 0.0, 0.0, 0.0, -0.018728, -0.152603, -0.182571, -0.062242, -0.141461, -0.155443, -0.073494, -0.167033, -0.070152, 0.089996, -0.086969, -0.095177, -0.003516, -0.216314, 0.018714, 0.152527, 0.182512, 0.062226, 0.141472, -0.15531, 0.073491, 0.167085, -0.070057, -0.089959, 0.087001, -0.095123, 0.003718, -0.216266, 0.0, 0.0, 0.0, 0.0, 0.0, 0.072526, -0.0, 0.0, 0.198905, 0.0, 0.0, 0.093311, -0.0, -0.169324, 0.0, 0.0, 2e-06, 0.0, -1e-06, 0.001254, 0.0, -8e-06, 0.034906, -1e-06, -0.0, 0.000258, 2e-06, -0.005616, 0.0, 0.0, 0.0, 0.0, 0.217707, -0.016584, -0.068453, 0.00216, -0.019514, -0.01034, -0.027656, -0.115223, -0.001516, -0.004458, -0.036262, -0.016192, -0.068732, -0.015327, -0.011011, -0.010381, 0.016183, 0.068709, 0.015317, 0.011008, -0.010371, 0.016567, 0.068412, -0.002159, 0.019497, -0.010322, 0.027638, 0.115196, 0.001515, 0.004468, -0.036235, 1e-06, 5e-06, 1e-06, -1e-06, 0.00294, 0.0, 1e-06, 0.0, -0.0, 1e-06, 0.0, 2e-06, -0.0, -0.0, 0.000148], [0.0, -0.0, 0.0, 0.530759, 0.0, 0.0, 1.0, 0.0, 0.0, 0.0, 0.0, 0.0, 0.0, 0.0, -0.026989, -0.106207, -0.138184, 0.172813, -0.046594, -0.073494, 0.495757, -0.080332, -0.126711, 0.079299, 0.098605, 0.155533, 0.019421, -0.041174, -0.026992, -0.106221, -0.13821, 0.172774, -0.046629, 0.073491, 0.495688, -0.080398, 0.126714, 0.079311, 0.098645, -0.155474, 0.019397, 0.041199, -0.05794, -0.22627, -0.292005, 0.108096, 0.164784, 0.0, 0.385795, 0.281079, 0.0, 0.136672, -0.103327, 0.0, -0.076423, 0.0, -0.001144, -0.006977, -0.015057, 0.034508, 0.008672, 0.0, 0.17965, 0.02834, 1e-06, 0.007925, -0.063408, -3e-06, -0.007873, -1e-06, 0.556912, 0.527044, -0.015439, -0.048384, 0.0, 0.0231, 0.040253, 0.057927, 0.018155, 0.013259, -0.009689, -0.016933, 0.059117, -0.001047, -0.009414, -0.16624, -0.292287, -0.047597, -0.076256, -0.097448, -0.166206, -0.292251, -0.047586, -0.076276, 0.097411, 0.023105, 0.040266, 0.057905, 0.018164, -0.013257, -0.009686, -0.01693, 0.059096, -0.001049, 0.009411, -0.195017, -0.355068, -0.1043, 0.112746, 9e-06, -0.003815, -0.023681, 0.001176, 0.004442, 0.0, 0.034422, 0.099014, 0.002632, -0.036127, -1e-06], [0.0, -0.0, 0.0, 0.0, 0.530759, 0.0, 0.0, 1.0, 0.0, 0.0, 0.0, 0.0, 0.0, 0.0, -0.061339, -0.241381, -0.314058, -0.046594, 0.087418, -0.167033, -0.080332, 0.348527, -0.287982, -0.010456, 0.022336, -0.041174, 0.154229, 0.08007, -0.061366, -0.241497, -0.314224, -0.046629, 0.087271, 0.167085, -0.080398, 0.348264, 0.288088, -0.010457, 0.022306, 0.041199, 0.154241, -0.079928, 0.10514, 0.410597, 0.529882, 0.164784, -0.100117, -0.0, 0.281079, 0.030636, 0.0, 0.076849, -0.049488, 0.0, -0.048877, 0.0, 0.024924, 0.151981, 0.328012, 0.008672, -0.154002, -8e-06, 0.02834, -0.43643, -2.5e-05, -0.061574, -0.012801, -1e-06, 0.107372, 1.1e-05, 0.088366, 0.083627, -0.048384, 0.281815, 0.0, -0.20869, -0.363649, 0.018155, -0.104079, -0.119783, -0.028497, -0.049805, -0.001047, 0.056394, -0.027688, -0.119423, -0.209971, -0.076256, 0.003774, -0.070004, -0.119457, -0.210049, -0.076276, 0.003719, 0.070012, -0.208683, -0.363686, 0.018164, -0.104137, 0.119738, -0.028571, -0.049941, -0.001049, 0.056357, 0.02776, 0.139373, 0.253757, 0.112746, -0.027117, -6e-06, 0.018777, 0.116551, 0.004442, -0.019785, -1e-06, 0.092362, 0.265678, -0.036127, -0.080841, -4e-06], [0.0, -0.0, -0.0, 0.0, 0.0, 0.530759, 0.0, 0.0, 1.0, 0.0, 0.0, 0.0, 0.0, 0.0, -0.096752, -0.380738, -0.495373, -0.073494, -0.167033, -0.070152, -0.126711, -0.287982, 0.076861, -0.016492, -0.041174, -0.016506, -0.104028, -0.037514, 0.096719, 0.380621, 0.495244, 0.073491, 0.167085, -0.070057, 0.126714, 0.288088, 0.076998, 0.016481, 0.041199, -0.016487, 0.104091, -0.037485, 0.0, -0.0, -0.0, -0.0, 0.0, 0.198905, 0.0, 0.0, 0.54069, 0.0, 0.0, 0.103358, 0.0, -0.187557, 1e-06, 6e-06, 1.3e-05, 0.0, -8e-06, 0.034906, 1e-06, -2.5e-05, 0.180951, -2e-06, -1e-06, 0.002944, 9e-06, -0.064131, -0.0, 0.0, 0.0, 0.0, 0.289492, -0.152409, -0.265577, 0.013259, -0.119783, -0.027542, -0.256305, -0.447956, -0.009414, -0.027688, -0.189559, -0.15261, -0.268322, -0.097448, -0.070004, -0.030904, 0.152555, 0.268248, 0.097411, 0.070012, -0.030869, 0.152313, 0.265445, -0.013257, 0.119738, -0.027478, 0.256236, 0.447894, 0.009411, 0.02776, -0.189516, 1.1e-05, 2e-05, 9e-06, -6e-06, 0.053459, 1e-06, 7e-06, 0.0, -1e-06, 0.002079, 4e-06, 1e-05, -1e-06, -4e-06, 0.016096], [-0.0, 0.0, 0.0, 0.0, 0.0, 0.0, 0.0, 0.0, 0.0, 1.0, 0.0, 0.0, 0.0, 0.0, -0.025387, -0.105764, -0.061374, -0.097853, -0.057056, -0.089996, -0.079299, 0.010456, 0.016492, 0.04778, -0.093617, -0.147665, -0.003653, 0.007745, -0.025374, -0.105741, -0.061369, -0.097848, -0.057078, 0.089959, -0.079311, 0.010457, -0.016481, 0.047744, -0.093674, 0.147638, -0.003639, -0.007728, -0.009864, -0.038797, -0.021957, -0.145916, -0.028495, 0.0, -0.136672, -0.076849, 0.0, -0.147902, 0.19569, 0.0, 0.141132, 0.0, -0.000203, -0.008766, -0.033789, -0.001217, 0.016779, 1e-06, -0.007925, 0.061574, 2e-06, 0.019289, 0.004772, 0.0, -0.030199, -2e-06, 0.38814, 0.076416, -0.150737, -0.144567, 0.0, -0.027568, -0.043332, 0.006359, -0.033345, -0.024353, -0.027788, -0.044089, -0.00268, -0.004631, -0.04165, 0.007407, 0.011975, -0.003393, 0.010858, 0.013876, 0.007401, 0.011968, -0.003395, 0.010855, -0.013863, -0.027553, -0.043326, 0.006358, -0.033332, 0.024328, -0.027773, -0.044084, -0.002678, -0.004641, 0.041624, 0.023345, 0.04211, 0.02184, -0.029056, -2e-06, -8.6e-05, -0.006983, -1e-05, 4e-05, 0.0, -0.002155, -0.016038, 0.001241, 0.001985, 0.0], [0.0, 0.0, 0.0, 0.0, 0.0, 0.0, 0.0, 0.0, 0.0, 0.0, 1.0, 0.0, 0.0, 0.0, 0.012479, 0.051988, 0.030168, -0.0712, 0.013135, 0.086969, -0.098605, -0.022336, 0.041174, -0.093617, -0.018847, -0.150402, -0.106572, 0.021487, 0.012483, 0.05202, 0.030191, -0.071204, 0.013203, -0.087001, -0.098645, -0.022306, -0.041199, -0.093674, -0.018957, 0.150392, -0.106561, -0.021619, -0.047958, -0.188635, -0.106756, -0.01626, 0.243457, 0.0, 0.103327, 0.049488, 0.0, 0.19569, 0.010063, 0.0, -0.143994, 0.0, -3.2e-05, -0.0014, -0.005396, 0.00547, 0.002939, 0.0, 0.063408, 0.012801, 1e-06, 0.004772, -0.022517, -1e-06, -0.005987, -1e-06, 0.108031, 0.021269, -0.113388, 0.409958, 0.0, -0.007006, -0.011012, -0.012752, -0.008976, -0.00768, 0.000401, 0.000636, -0.001849, -0.000556, 0.000741, 0.028747, 0.046474, 0.027042, 0.014255, 0.031872, 0.028748, 0.046489, 0.02704, 0.014271, -0.031865, -0.007007, -0.011018, -0.012744, -0.008979, 0.007677, 0.000402, 0.000638, -0.001853, -0.000555, -0.000743, -0.038809, -0.070004, -0.049395, 0.029986, 3e-06, -6.6e-05, -0.005357, -1e-06, 3.2e-05, 0.0, 0.003851, 0.02867, -0.000844, -0.004061, -0.0], [0.0, 0.0, 0.0, -0.0, 0.0, 0.0, 0.0, 0.0, 0.0, 0.0, 0.0, 1.0, 0.0, 0.0, 0.019684, 0.082003, 0.047586, -0.112305, 0.086969, 0.095177, -0.155533, 0.041174, 0.016506, -0.147665, -0.150402, -0.160729, 0.006344, 0.116173, -0.019674, -0.081988, -0.047584, 0.112224, -0.087001, 0.095123, 0.155474, -0.041199, 0.016487, 0.147638, 0.150392, -0.160566, -0.006454, 0.116183, -0.0, -0.0, 0.0, 0.0, -0.0, -0.093311, 0.0, 0.0, -0.103358, 0.0, 0.0, -0.004158, 0.0, 0.202788, -0.0, -0.0, -0.0, 0.0, 0.0, -0.000258, 3e-06, 1e-06, -0.002944, 0.0, -1e-06, 0.00198, -0.0, 0.001155, 0.0, 0.0, 0.0, 0.0, 0.439002, -0.005117, -0.008042, -0.009313, -0.00768, -0.004068, 0.003605, 0.005719, -0.016631, 0.000741, 0.006029, 0.036735, 0.059389, 0.034557, 0.031872, 0.030043, -0.036713, -0.05937, -0.034532, -0.031865, 0.030013, 0.005114, 0.008042, 0.009301, 0.007677, -0.004063, -0.003602, -0.005718, 0.016618, -0.000743, 0.006024, -3e-06, -5e-06, -4e-06, 3e-06, -0.010864, -0.0, -0.0, -0.0, 0.0, -1e-06, 0.0, 1e-06, -0.0, -0.0, 0.00029], [-0.0, -0.0, -0.0, -0.0, 0.0, 0.0, 0.0, 0.0, 0.0, 0.0, 0.0, 0.0, 1.0, 0.0, -0.021101, -0.087907, -0.051012, -0.041021, -0.18869, 0.003516, -0.019421, -0.154229, 0.104028, -0.003653, -0.106572, 0.006344, -0.25082, -0.183815, -0.021059, -0.087759, -0.050933, -0.04096, -0.188608, -0.003718, -0.019397, -0.154241, -0.104091, -0.003639, -0.106561, -0.006454, -0.251027, 0.183583, 0.043513, 0.171151, 0.096862, 0.168384, -0.13623, -0.0, 0.076423, 0.048877, 0.0, 0.141132, -0.143994, 0.0, 0.054249, 0.0, 0.000354, 0.015247, 0.058772, 0.001599, -0.029209, -2e-06, 0.007873, -0.107372, -9e-06, -0.030199, -0.005987, -0.0, 0.054667, 6e-06, 0.008571, 0.001687, -0.014522, 0.067353, 0.0, 0.014768, 0.023212, -0.002454, 0.00825, 0.026351, -0.047088, -0.07471, -0.003292, -0.011561, -0.070212, -0.006536, -0.010567, -0.007894, -0.013347, 0.002563, -0.006518, -0.01054, -0.007871, -0.013333, -0.002578, 0.014786, 0.023251, -0.002458, 0.008289, -0.026352, -0.047056, -0.074691, -0.00329, -0.011585, 0.070156, 0.013868, 0.025015, 0.020425, -0.006833, -2e-06, 0.000163, 0.013183, 1.7e-05, -7.5e-05, -0.0, 0.005167, 0.038464, -0.002175, -0.005059, -0.0], [0.0, 0.0, 0.0, 0.0, -0.0, 0.0, 0.0, 0.0, 0.0, 0.0, 0.0, 0.0, 0.0, 1.0, 0.044737, 0.186372, 0.10815, 0.086969, 0.047088, 0.216314, 0.041174, -0.08007, 0.037514, 0.007745, 0.021487, 0.116173, -0.183815, 0.052188, -0.04473, -0.186403, -0.108184, -0.087001, -0.047309, 0.216266, -0.041199, 0.079928, 0.037485, -0.007728, -0.021619, 0.116183, 0.183583, 0.052477, 0.0, 0.0, 0.0, -0.0, 0.0, 0.169324, 0.0, 0.0, 0.187557, 0.0, 0.0, 0.202788, 0.0, -0.260391, 0.0, 1e-06, 5e-06, 0.0, -3e-06, 0.005616, 1e-06, -1.1e-05, 0.064131, -2e-06, -1e-06, 0.001155, 6e-06, -0.02312, 0.0, 0.0, 0.0, 0.0, 0.069657, 0.046224, 0.072654, -0.00768, 0.059218, 0.036754, 0.010602, 0.016821, 0.000741, -0.014703, 0.017732, 0.02639, 0.042664, 0.031872, 0.013086, 0.021582, -0.026387, -0.042671, -0.031865, -0.013099, 0.021571, -0.046191, -0.072632, 0.007677, -0.059189, 0.036701, -0.010626, -0.016866, -0.000743, 0.014679, 0.01777, 2e-06, 4e-06, 3e-06, -2e-06, 0.007764, 0.0, 2e-06, 0.0, -0.0, 6e-06, 0.0, 3e-06, -0.0, -0.0, 0.000777], [0.000269, 0.010501, 0.053626, -0.005224, -0.011873, -0.018728, -0.026989, -0.061339, -0.096752, -0.025387, 0.012479, 0.019684, -0.021101, 0.044737, 1.0, -0.2157, 0.19014, -0.0, 0.0, -0.0, -0.0, 0.0, -0.0, -0.0, 0.0, 0.0, -0.0, 0.0, 1e-06, 5.9e-05, 0.006301, 0.0, 0.0, -0.000135, 1e-06, 5e-06, -0.02492, -0.000204, 0.0, -0.0, -0.000353, -0.0, 1e-06, 6.7e-05, 0.006702, 2.3e-05, -0.00013, -7.7e-05, 0.003963, -0.022265, -0.01322, -0.000216, -0.000103, -6.1e-05, 0.000188, 0.000344, 0.0, 0.0, 0.000229, -0.0, -0.0, -0.0, -9.6e-05, -0.001354, -0.000515, -1e-06, 0.0, 0.0, 1e-06, 1e-06, 0.00065, 0.02334, -0.000282, -0.00019, -0.000247, 0.05602, 0.095666, -0.051023, 0.089175, 0.001829, 0.055977, 0.095644, -0.025186, -0.052125, 0.084779, 0.0559, 0.095605, 0.100199, 0.021038, 0.004582, 2e-05, 0.006188, 5e-06, 1e-06, -1.2e-05, 2.4e-05, 0.006586, -3e-06, 5e-06, -1.3e-05, 0.0, 0.00104, -0.0, -0.0, -0.0, 1.5e-05, 0.005368, 5e-06, -6e-06, -4e-06, 0.0, 4.9e-05, 0.0, -0.0, -0.0, 0.0, 0.000337, -0.0, -0.0, -0.0], [0.010501, 0.122289, 0.270269, -0.042568, -0.096748, -0.152603, -0.106207, -0.241381, -0.380738, -0.105764, 0.051988, 0.082003, -0.087907, 0.186372, -0.2157, 1.0, 0.718332, -0.0, -0.0, -0.0, 0.0, -0.0, 0.0, 0.0, -0.0, -0.0, -0.0, -0.0, 5.9e-05, 0.003324, 0.049985, 0.0, 1e-06, -0.00701, 6e-06, 3e-05, -0.152001, -0.008802, 0.0, -1e-06, -0.015245, -6e-06, 6.7e-05, 0.003698, 0.052504, 0.001173, -0.006589, -0.003912, 0.023883, -0.134171, -0.079664, -0.008979, -0.004295, -0.00255, 0.00781, 0.014325, 0.0, 1e-05, 0.003405, -2e-06, -2.4e-05, -9e-06, -0.001088, -0.015281, -0.005808, -4.4e-05, 1e-05, 4e-06, 5.8e-05, 5.1e-05, 0.017469, 0.134826, -0.014428, -0.009742, -0.012638, 0.311126, 0.429869, -0.176959, 0.30928, 0.006344, 0.310984, 0.42979, -0.087414, -0.18091, 0.294243, 0.310729, 0.429647, 0.348199, 0.07311, 0.015922, 0.001142, 0.044795, 0.000342, 7.2e-05, -0.000816, 0.001298, 0.047184, -0.000204, 0.000357, -0.000949, 2.9e-05, 0.010048, -1e-06, -2e-06, -1e-05, 0.000852, 0.039788, 0.000322, -0.00046, -0.000276, 0.0, 0.000741, 0.0, -0.0, -0.0, 3e-06, 0.003875, -0.0, -1e-06, -0.0], [0.053626, 0.270269, 0.513886, -0.050928, -0.115747, -0.182571, -0.138184, -0.314058, -0.495373, -0.061374, 0.030168, 0.047586, -0.051012, 0.10815, 0.19014, 0.718332, 1.0, 0.0, 0.0, 0.0, 0.0, 0.0, 0.0, 0.0, 0.0, 0.0, -0.0, 0.0, 0.006301, 0.049985, 0.165406, 2e-06, 1.2e-05, -0.061393, 1.3e-05, 6.5e-05, -0.328175, -0.033976, 0.0, -5e-06, -0.058849, -2.3e-05, 0.006702, 0.052504, 0.170924, 0.00969, -0.054435, -0.032321, 0.050797, -0.285362, -0.169434, -0.032687, -0.015635, -0.009283, 0.028434, 0.052151, 0.000229, 0.003405, 0.027854, -0.000354, -0.004979, -0.001892, -0.005414, -0.076077, -0.028915, -0.004217, 0.000916, 0.000348, 0.005508, 0.004894, 0.10724, 0.31883, -0.066079, -0.044618, -0.057879, 0.456867, 0.733623, -0.121303, 0.212007, 0.004349, 0.456761, 0.733526, -0.059934, -0.124037, 0.201742, 0.456571, 0.733351, 0.238825, 0.050145, 0.010921, 0.027532, 0.145135, 0.01113, 0.002342, -0.026608, 0.029346, 0.150609, -0.00606, 0.010596, -0.028208, 0.004439, 0.050182, -0.000374, -0.000773, -0.004756, 0.023805, 0.133384, 0.012959, -0.018531, -0.011124, 0.00019, 0.00795, 1.5e-05, -0.00018, -5.3e-05, 0.001398, 0.025562, -0.000511, -0.001315, -0.000488], [0.005224, 0.042568, 0.050928, 0.050325, -0.03946, -0.062242, 0.172813, -0.046594, -0.073494, -0.097853, -0.0712, -0.112305, -0.041021, 0.086969, -0.0, -0.0, 0.0, 1.0, 0.0, 0.0, 0.530759, 0.0, 0.0, -0.0, 0.0, 0.0, 0.0, 0.0, -0.0, -0.0, -2e-06, 0.001251, -0.0, 1e-06, 0.034864, -0.0, 8e-06, 1e-06, 1e-06, -0.005608, 1e-06, 0.0, -2.3e-05, -0.001173, -0.00969, 0.00101, 0.002195, 0.001303, 0.032165, 0.025096, 0.014901, 0.004179, -0.003811, -0.002263, -0.002689, -0.004932, 0.0, 2e-06, 0.000354, 2e-06, -4e-06, -2e-06, 0.002281, -0.001592, -0.000605, -9e-06, -1.4e-05, -5e-06, 1.1e-05, 9e-06, 0.021212, 0.081044, -0.016571, -0.01429, -0.018538, 0.194302, 0.103963, 0.063334, 0.272001, 0.00558, 0.095972, 0.05137, 0.180836, -0.078614, 0.127862, -0.382223, -0.204719, -0.384407, -0.126605, -0.027572, -0.000937, -0.019197, -0.000204, -7.1e-05, 0.000802, 0.000543, 0.010286, 5.3e-05, 0.000179, -0.000476, 5e-06, 0.001025, 1e-06, -0.0, -2e-06, -0.000948, -0.023187, -0.000338, 0.000612, 0.000367, -0.0, -9.1e-05, 0.0, 0.0, 0.0, 2e-06, 0.001883, -0.0, -1e-06, -0.0], [0.011873, 0.096748, 0.115747, -0.03946, -0.021996, -0.141461, -0.046594, 0.087418, -0.167033, -0.057056, 0.013135, 0.086969, -0.18869, 0.047088, 0.0, -0.0, 0.0, 0.0, 1.0, 0.0, 0.0, 0.530759, 0.0, -0.0, -0.0, 0.0, 0.0, 0.0, -0.0, -1e-06, -1.2e-05, -0.0, 0.001251, 3e-06, -0.0, 0.034864, 3.8e-05, 3e-06, 0.0, 0.0, 8e-06, -0.005608, 0.00013, 0.006589, 0.054435, 0.002195, -0.010929, -0.007321, 0.025096, -0.104352, -0.08371, -0.014313, -0.007366, -0.004932, 0.009818, 0.024568, 0.0, 2.4e-05, 0.004979, -4e-06, -5.7e-05, -2.3e-05, -0.001592, -0.019978, -0.008503, -0.000104, 2.3e-05, 9e-06, 0.000131, 0.000125, 0.014323, 0.054723, -0.01429, -0.005056, -0.012517, -0.33959, -0.181702, 0.272001, -0.256426, -0.009752, 0.198621, 0.106313, -0.078614, 0.056125, 0.26462, -0.080254, -0.042984, -0.126605, 0.191985, -0.005789, -0.000197, -0.00404, -7.1e-05, 0.000116, 0.000169, -0.000949, -0.017983, 0.000179, -0.000157, 0.000832, 1.1e-05, 0.00212, -0.0, 0.0, -5e-06, 0.001355, 0.033157, 0.000612, -0.000785, -0.000525, 0.0, 0.001108, 0.0, -0.0, -0.0, 6e-06, 0.004848, -1e-06, -1e-06, -0.0], [0.018728, 0.152603, 0.182571, -0.062242, -0.141461, -0.155443, -0.073494, -0.167033, -0.070152, -0.089996, 0.086969, 0.095177, 0.003516, 0.216314, -0.0, -0.0, 0.0, 0.0, 0.0, 1.0, 0.0, 0.0, 0.530759, -0.0, 0.0, -0.0, -0.0, 0.0, 0.000135, 0.00701, 0.061393, 1e-06, 3e-06, -0.014265, 8e-06, 3.8e-05, -0.154297, -0.01689, 0.0, -3e-06, -0.029254, -1.3e-05, 7.7e-05, 0.003912, 0.032321, 0.001303, -0.007321, -0.002946, 0.014901, -0.08371, -0.013071, -0.008499, -0.004932, -0.001987, 0.012111, 0.011162, 0.0, 9e-06, 0.001892, -2e-06, -2.3e-05, -6e-06, -0.000605, -0.008503, -0.000838, -3.9e-05, 9e-06, 2e-06, 6.2e-05, 3.4e-05, 0.01858, 0.070988, -0.018538, -0.012517, -0.011645, -0.006966, -0.003727, 0.00558, -0.009752, 0.218764, -0.323049, -0.172914, 0.127862, 0.26462, -0.211571, -0.017478, -0.009361, -0.027572, -0.005789, 0.217307, 0.00224, 0.045893, 0.000802, 0.000169, -0.001787, 0.002527, 0.047877, -0.000476, 0.000832, -0.00206, 6.9e-05, 0.013039, -2e-06, -5e-06, -2.7e-05, 0.000813, 0.019904, 0.000367, -0.000525, -0.000226, 0.0, 0.00033, 0.0, -0.0, -0.0, 2e-06, 0.001798, -0.0, -0.0, -0.0], [0.026989, 0.106207, 0.138184, 0.172813, -0.046594, -0.073494, 0.495757, -0.080332, -0.126711, -0.079299, -0.098605, -0.155533, -0.019421, 0.041174, -0.0, 0.0, 0.0, 0.530759, 0.0, 0.0, 1.0, 0.0, 0.0, 0.0, 0.0, 0.0, 0.0, 0.0, -1e-06, -6e-06, -1.3e-05, 0.034864, -0.0, 8e-06, 0.180814, -0.0, 2.5e-05, 7e-06, 1.3e-05, -0.064136, 7e-06, 0.0, -0.003963, -0.023883, -0.050797, 0.032165, 0.025096, 0.014901, 0.172203, 0.080559, 0.047832, 0.025949, -0.049885, -0.02962, -0.012431, -0.022799, 9.6e-05, 0.001088, 0.005414, 0.002281, -0.001592, -0.000605, 0.032258, -0.014015, -0.005327, -0.001772, -0.005657, -0.00215, 0.001678, 0.001491, 0.181818, 0.309095, -0.053988, -0.079613, -0.103276, 0.279991, 0.264752, 0.213181, 0.13446, 0.002758, 0.138343, 0.130826, 0.271259, -0.038879, 0.063234, -0.551297, -0.521429, -0.008516, -0.062661, -0.013646, -0.036491, -0.106949, -0.00045, -0.003318, 0.037697, 0.019703, 0.056295, 0.012037, 0.007599, -0.02023, 0.00157, 0.009496, 0.002084, -0.000298, -0.001835, -0.043312, -0.134523, -0.012104, 0.036101, 0.021671, -9.7e-05, -0.002014, 7e-05, 0.000103, 3.1e-05, 0.002521, 0.024045, -0.000363, -0.002619, -0.000971], [0.061339, 0.241381, 0.314058, -0.046594, 0.087418, -0.167033, -0.080332, 0.348527, -0.287982, 0.010456, -0.022336, 0.041174, -0.154229, -0.08007, 0.0, -0.0, 0.0, 0.0, 0.530759, 0.0, 0.0, 1.0, 0.0, 0.0, 0.0, 0.0, 0.0, 0.0, -5e-06, -3e-05, -6.5e-05, -0.0, 0.034864, 3.8e-05, -0.0, 0.180814, 0.000123, 1.2e-05, 3e-06, 0.0, 4.7e-05, -0.064136, 0.022265, 0.134171, 0.285362, 0.025096, -0.104352, -0.08371, 0.080559, -0.266017, -0.268709, -0.047531, -0.028302, -0.022799, 0.013112, 0.094403, 0.001354, 0.015281, 0.076077, -0.001592, -0.019978, -0.008503, -0.014015, -0.163674, -0.074848, -0.014617, 0.003499, 0.001491, 0.017636, 0.018688, 0.122767, 0.208706, -0.079613, 0.010163, -0.069734, -0.489354, -0.46272, 0.13446, 0.055112, -0.004821, 0.28631, 0.270753, -0.038879, 0.209583, 0.130868, -0.115754, -0.109483, -0.062661, 0.276762, -0.002865, -0.007679, -0.022506, -0.003318, 0.014621, 0.007933, -0.034447, -0.098423, 0.007599, 0.003098, 0.035369, 0.003245, 0.019627, -0.000298, 0.001612, -0.003794, 0.061935, 0.19236, 0.036101, -0.03848, -0.030988, 0.00118, 0.02461, 0.000103, -0.001178, -0.000374, 0.00649, 0.061891, -0.002619, -0.006087, -0.0025], [0.096752, 0.380738, 0.495373, -0.073494, -0.167033, -0.070152, -0.126711, -0.287982, 0.076861, 0.016492, 0.041174, 0.016506, 0.104028, 0.037514, -0.0, 0.0, 0.0, 0.0, 0.0, 0.530759, 0.0, 0.0, 1.0, -0.0, 0.0, 0.0, -0.0, 0.0, 0.02492, 0.152001, 0.328175, 8e-06, 3.8e-05, -0.154297, 2.5e-05, 0.000123, -0.437673, -0.062249, 0.0, -1.1e-05, -0.107818, -5.6e-05, 0.01322, 0.079664, 0.169434, 0.014901, -0.08371, -0.013071, 0.047832, -0.268709, 0.026997, -0.028221, -0.022799, -0.003441, 0.075141, 0.019328, 0.000515, 0.005808, 0.028915, -0.000605, -0.008503, -0.000838, -0.005327, -0.074848, 0.004808, -0.005555, 0.001491, 0.000144, 0.011215, 0.002024, 0.159257, 0.270741, -0.103276, -0.069734, -0.026542, -0.010038, -0.009492, 0.002758, -0.004821, 0.290015, -0.465672, -0.440368, 0.063234, 0.130868, 0.077193, -0.025209, -0.023843, -0.013646, -0.002865, 0.289295, 0.087236, 0.255676, 0.037697, 0.007933, -0.074802, 0.091708, 0.26203, -0.02023, 0.035369, -0.07778, 0.019965, 0.120742, -0.001835, -0.003794, -0.021109, 0.037179, 0.115473, 0.021671, -0.030988, -0.00546, 0.000351, 0.007325, 3.1e-05, -0.000374, -3.3e-05, 0.002407, 0.022951, -0.000971, -0.0025, -0.000272], [-0.025387, -0.105764, -0.061374, 0.097853, 0.057056, 0.089996, 0.079299, -0.010456, -0.016492, 0.04778, -0.093617, -0.147665, -0.003653, 0.007745, -0.0, 0.0, 0.0, -0.0, -0.0, -0.0, 0.0, 0.0, -0.0, 1.0, 0.0, 0.0, 0.0, 0.0, -0.000204, -0.008802, -0.033976, -1e-06, -3e-06, 0.01689, -7e-06, -1.2e-05, 0.062249, 0.019635, -0.0, 4e-06, 0.030497, 1.2e-05, -0.000216, -0.008979, -0.032687, -0.004179, 0.014313, 0.008499, -0.025949, 0.047531, 0.028221, 0.016752, 0.01369, 0.008129, -0.013698, -0.025124, -1e-06, -4.4e-05, -0.004217, 9e-06, 0.000104, 3.9e-05, 0.001772, 0.014617, 0.005555, 0.000184, -5.1e-05, -1.9e-05, -0.000236, -0.00021, 0.010885, 0.015829, 0.001646, -0.014577, -0.01891, -0.052509, -0.010304, 0.30037, 0.145411, 0.002983, -0.165254, -0.03244, 0.195755, 0.01305, -0.021225, 0.376562, 0.07397, 0.127937, 0.18527, 0.040348, -0.001739, -0.013719, -0.001119, -0.000132, 0.0015, -0.003092, -0.022542, 0.000937, -0.001121, 0.002985, -0.000109, -0.008122, 5e-06, 8e-06, 5.2e-05, -0.000499, -0.004712, -0.000592, 0.000191, 0.000114, -0.0, -0.000919, -0.0, 0.0, 0.0, -8e-06, -0.002484, 1e-06, 2e-06, 1e-06], [0.012479, 0.051988, 0.030168, 0.0712, -0.013135, -0.086969, 0.098605, 0.022336, -0.041174, -0.093617, -0.018847, -0.150402, -0.106572, 0.021487, 0.0, -0.0, 0.0, 0.0, -0.0, 0.0, 0.0, 0.0, 0.0, 0.0, 1.0, 0.0, 0.0, 0.0, 0.0, 0.0, 0.0, -1e-06, -0.0, -0.0, -1.3e-05, -3e-06, -0.0, -0.0, 0.002028, 5e-06, -0.0, 1e-06, -0.000103, -0.004295, -0.015635, 0.003811, 0.007366, 0.004932, 0.049885, 0.028302, 0.022799, 0.01369, -0.012768, -0.008553, -0.006568, -0.016456, 0.0, 1e-05, 0.000916, 1.4e-05, -2.3e-05, -9e-06, 0.005657, -0.003499, -0.001491, -5.1e-05, -8e-05, -3.2e-05, 5.5e-05, 5.2e-05, 0.032774, 0.047658, -0.032624, -0.01473, -0.03651, -0.301074, -0.059081, -0.13099, -0.226066, -0.00918, 0.087026, 0.017084, 0.18979, 0.033681, 0.12312, 0.140182, 0.027537, 0.143407, -0.386265, 0.010739, 0.000337, 0.00266, 9.4e-05, -0.000252, -0.000367, -0.000824, -0.006009, -0.000101, -0.000174, 0.000918, 5e-06, 0.000355, 1e-06, 0.0, -2e-06, -0.003165, -0.029861, -0.001435, 0.002328, 0.001556, -0.0, -0.000242, 0.0, 0.0, 0.0, 1.3e-05, 0.004, -1e-06, -3e-06, -1e-06], [0.019684, 0.082003, 0.047586, 0.112305, -0.086969, -0.095177, 0.155533, -0.041174, -0.016506, -0.147665, -0.150402, -0.160729, 0.006344, 0.116173, 0.0, -0.0, 0.0, 0.0, 0.0, -0.0, 0.0, 0.0, 0.0, 0.0, 0.0, 1.0, 0.0, 0.0, -0.0, -1e-06, -5e-06, 0.005608, -0.0, 3e-06, 0.064136, -0.0, 1.1e-05, 4e-06, 5e-06, -0.023121, 5e-06, 0.0, -6.1e-05, -0.00255, -0.009283, 0.002263, 0.004932, 0.001987, 0.02962, 0.022799, 0.003441, 0.008129, -0.008553, -0.003441, -0.008122, -0.007469, 0.0, 4e-06, 0.000348, 5e-06, -9e-06, -2e-06, 0.00215, -0.001491, -0.000144, -1.9e-05, -3.2e-05, -8e-06, 2.6e-05, 1.4e-05, 0.042515, 0.061824, -0.042321, -0.03651, -0.033947, -0.006176, -0.001212, -0.002687, -0.00918, 0.221265, -0.141545, -0.027786, -0.308685, 0.12312, -0.090871, 0.030528, 0.005997, 0.031231, 0.010739, -0.433239, -0.003831, -0.03022, -0.001064, -0.000367, 0.003883, 0.002194, 0.015996, 0.000268, 0.000918, -0.002273, 2.9e-05, 0.002182, 6e-06, -2e-06, -1.5e-05, -0.0019, -0.017926, -0.000861, 0.001556, 0.00067, -0.0, -7.2e-05, 0.0, 0.0, 0.0, 5e-06, 0.001483, -0.0, -1e-06, -0.0], [-0.021101, -0.087907, -0.051012, 0.041021, 0.18869, -0.003516, 0.019421, 0.154229, -0.104028, -0.003653, -0.106572, 0.006344, -0.25082, -0.183815, -0.0, -0.0, -0.0, 0.0, 0.0, -0.0, 0.0, 0.0, -0.0, 0.0, 0.0, 0.0, 1.0, 0.0, -0.000353, -0.015245, -0.058849, -1e-06, -8e-06, 0.029254, -7e-06, -4.7e-05, 0.107818, 0.030497, -0.0, 5e-06, 0.054849, 3.1e-05, 0.000188, 0.00781, 0.028434, 0.002689, -0.009818, -0.012111, 0.012431, -0.013112, -0.075141, -0.013698, -0.006568, -0.008122, -0.006332, 0.033767, 1e-06, 5.8e-05, 0.005508, -1.1e-05, -0.000131, -6.2e-05, -0.001678, -0.017636, -0.011215, -0.000236, 5.5e-05, 2.6e-05, 0.000266, 0.000328, -0.007555, -0.010986, 0.009609, 0.015545, -0.003333, 0.26299, 0.051607, -0.223666, 0.003866, 0.015959, -0.148172, -0.029087, 0.062276, 0.35525, 0.158551, 0.014019, 0.002754, 0.023487, -0.086525, 0.020991, -0.004544, -0.035843, -0.002067, -0.000495, 0.004263, -0.004386, -0.031976, 0.001049, -0.002133, 0.004091, -0.000181, -0.013506, 7e-06, 1.6e-05, 8.7e-05, 0.001447, 0.013657, 0.000829, -0.000807, -0.000939, 0.0, 0.001349, 0.0, -0.0, -0.0, 1.4e-05, 0.00444, -1e-06, -3e-06, -2e-06], [0.044737, 0.186372, 0.10815, -0.086969, -0.047088, -0.216314, -0.041174, 0.08007, -0.037514, 0.007745, 0.021487, 0.116173, -0.183815, 0.052188, 0.0, -0.0, 0.0, 0.0, 0.0, 0.0, 0.0, 0.0, 0.0, 0.0, 0.0, 0.0, 0.0, 1.0, -0.0, -6e-06, -2.3e-05, -0.0, 0.005608, 1.3e-05, -0.0, 0.064136, 5.6e-05, 1.2e-05, 1e-06, 0.0, 3.1e-05, -0.023121, 0.000344, 0.014325, 0.052151, 0.004932, -0.024568, -0.011162, 0.022799, -0.094403, -0.019328, -0.025124, -0.016456, -0.007469, 0.033767, 0.037189, 1e-06, 5.1e-05, 0.004894, -9e-06, -0.000125, -3.4e-05, -0.001491, -0.018688, -0.002024, -0.00021, 5.2e-05, 1.4e-05, 0.000328, 0.000188, 0.028707, 0.041745, -0.03651, -0.012902, -0.022922, 0.010794, 0.002118, -0.00918, 0.008105, -0.386716, -0.292937, -0.057505, 0.12312, -0.113371, -0.188063, 0.00641, 0.001259, 0.010739, -0.017662, -0.090966, -0.000806, -0.006359, -0.000367, 0.000601, 0.000817, -0.003836, -0.027967, 0.000918, -0.000811, 0.003974, 6e-05, 0.00451, -2e-06, 2e-06, -3e-05, 0.002717, 0.025633, 0.001556, -0.001999, -0.000958, 0.0, 0.000881, 0.0, -0.0, -0.0, 1.2e-05, 0.003818, -1e-06, -3e-06, -1e-06], [0.000269, 0.010495, 0.053615, -0.005223, -0.011874, 0.018714, -0.026992, -0.061366, 0.096719, -0.025374, 0.012483, -0.019674, -0.021059, -0.04473, 1e-06, 5.9e-05, 0.006301, -0.0, -0.0, 0.000135, -1e-06, -5e-06, 0.02492, -0.000204, 0.0, -0.0, -0.000353, -0.0, 1.0, -0.2157, 0.19014, -0.0, -0.0, -0.0, -0.0, -0.0, 0.0, -0.0, 0.0, 0.0, -0.0, 0.0, 1e-06, 6.7e-05, 0.006696, 2.3e-05, -0.00013, 7.7e-05, 0.003959, -0.022253, 0.013207, -0.000215, -0.000103, 6.1e-05, 0.000187, -0.000343, 0.0, 0.0, 0.000228, -0.0, -0.0, 0.0, -9.6e-05, -0.001353, 0.000514, -1e-06, 0.0, -0.0, 1e-06, -1e-06, 0.000649, 0.023332, -0.000282, -0.00019, 0.000247, 2.4e-05, 0.006588, -3e-06, 5e-06, 1.3e-05, 0.0, 0.001041, -0.0, -0.0, 0.0, 2e-05, 0.006189, 5e-06, 1e-06, 1.2e-05, 0.055917, 0.095614, 0.100236, 0.021048, -0.004584, 0.056003, 0.095657, -0.051018, 0.089134, -0.00181, 0.055947, 0.095629, -0.025175, -0.052064, -0.084739, 1.5e-05, 0.005366, 5e-06, -6e-06, 4e-06, 0.0, 4.9e-05, 0.0, -0.0, 0.0, 0.0, 0.000337, -0.0, -0.0, 0.0], [0.010495, 0.122251, 0.270227, -0.042566, -0.096776, 0.152527, -0.106221, -0.241497, 0.380621, -0.105741, 0.05202, -0.081988, -0.087759, -0.186403, 5.9e-05, 0.003324, 0.049985, -0.0, -1e-06, 0.00701, -6e-06, -3e-05, 0.152001, -0.008802, 0.0, -1e-06, -0.015245, -6e-06, -0.2157, 1.0, 0.718332, -0.0, -0.0, 0.0, -0.0, 0.0, -0.0, 0.0, 0.0, 0.0, -0.0, 0.0, 6.7e-05, 0.003693, 0.052469, 0.001171, -0.006581, 0.003906, 0.023862, -0.134118, 0.079602, -0.008968, -0.004288, 0.002545, 0.007806, -0.014305, 0.0, 1e-05, 0.003401, -2e-06, -2.4e-05, 9e-06, -0.001087, -0.015269, 0.0058, -4.4e-05, 1e-05, -4e-06, 5.8e-05, -5.1e-05, 0.017457, 0.134791, -0.014417, -0.009739, 0.012625, 0.001299, 0.047199, -0.000204, 0.000357, 0.00095, 2.9e-05, 0.01005, -1e-06, -2e-06, 1e-05, 0.001143, 0.044805, 0.000342, 7.2e-05, 0.000817, 0.310786, 0.429679, 0.34823, 0.073124, -0.015925, 0.311071, 0.429838, -0.176992, 0.309224, -0.006278, 0.310885, 0.429735, -0.087419, -0.180787, -0.294247, 0.000851, 0.039777, 0.000322, -0.00046, 0.000276, 0.0, 0.00074, 0.0, -0.0, 0.0, 3e-06, 0.003871, -0.0, -1e-06, 0.0], [0.053615, 0.270227, 0.513833, -0.050934, -0.115801, 0.182512, -0.13821, -0.314224, 0.495244, -0.061369, 0.030191, -0.047584, -0.050933, -0.108184, 0.006301, 0.049985, 0.165406, -2e-06, -1.2e-05, 0.061393, -1.3e-05, -6.5e-05, 0.328175, -0.033976, 0.0, -5e-06, -0.058849, -2.3e-05, 0.19014, 0.718332, 1.0, 0.0, 0.0, -0.0, 0.0, 0.0, -0.0, 0.0, 0.0, 0.0, -0.0, 0.0, 0.006696, 0.052469, 0.170849, 0.009681, -0.054411, 0.032294, 0.050761, -0.285307, 0.169335, -0.032675, -0.015624, 0.009273, 0.028441, -0.05212, 0.000228, 0.003401, 0.027836, -0.000354, -0.004975, 0.00189, -0.005413, -0.076039, 0.028887, -0.004213, 0.000916, -0.000348, 0.005505, -0.004888, 0.107205, 0.318771, -0.06606, -0.044625, 0.05785, 0.029357, 0.150642, -0.006063, 0.010589, 0.028222, 0.00444, 0.05019, -0.000374, -0.000775, 0.004757, 0.02754, 0.145159, 0.011132, 0.002332, 0.026616, 0.456613, 0.73339, 0.238827, 0.05015, -0.010922, 0.456826, 0.733585, -0.121336, 0.211986, -0.004304, 0.456688, 0.733458, -0.059946, -0.123971, -0.201773, 0.023797, 0.133357, 0.012953, -0.018528, 0.011116, 0.00019, 0.007945, 1.5e-05, -0.00018, 5.3e-05, 0.001397, 0.025545, -0.00051, -0.001314, 0.000487], [0.005223, 0.042566, 0.050934, 0.050296, -0.039481, 0.062226, 0.172774, -0.046629, 0.073491, -0.097848, -0.071204, 0.112224, -0.04096, -0.087001, 0.0, 0.0, 2e-06, 0.001251, -0.0, 1e-06, 0.034864, -0.0, 8e-06, -1e-06, -1e-06, 0.005608, -1e-06, -0.0, -0.0, -0.0, 0.0, 1.0, 0.0, 0.0, 0.530759, 0.0, 0.0, -0.0, -0.0, -0.0, 0.0, -0.0, -2.3e-05, -0.001171, -0.009681, 0.001008, 0.002191, -0.001301, 0.032146, 0.025079, -0.014885, 0.004172, -0.003807, 0.00226, -0.002687, 0.004924, 0.0, 2e-06, 0.000354, 2e-06, -4e-06, 2e-06, 0.002278, -0.001592, 0.000605, -9e-06, -1.4e-05, 5e-06, 1e-05, -9e-06, 0.021199, 0.081028, -0.01656, -0.014287, 0.01852, 0.000543, 0.010289, 5.3e-05, 0.000179, 0.000476, 5e-06, 0.001026, 1e-06, -0.0, 2e-06, -0.000938, -0.0192, -0.000205, -7e-05, -0.000803, -0.382272, -0.204715, -0.3844, -0.126627, 0.027576, 0.194331, 0.103994, 0.063205, 0.272029, -0.005523, 0.095971, 0.051382, 0.180728, -0.078578, -0.127892, -0.000947, -0.023179, -0.000338, 0.000612, -0.000367, -0.0, -9.1e-05, 0.0, 0.0, -0.0, 2e-06, 0.001882, -0.0, -1e-06, 0.0], [0.011874, 0.096776, 0.115801, -0.039481, -0.022099, 0.141472, -0.046629, 0.087271, 0.167085, -0.057078, 0.013203, -0.087001, -0.188608, -0.047309, 0.0, 1e-06, 1.2e-05, -0.0, 0.001251, 3e-06, -0.0, 0.034864, 3.8e-05, -3e-06, -0.0, -0.0, -8e-06, 0.005608, -0.0, -0.0, 0.0, 0.0, 1.0, 0.0, 0.0, 0.530759, 0.0, 0.0, -0.0, -0.0, -0.0, -0.0, 0.00013, 0.006581, 0.054411, 0.002191, -0.010918, 0.00731, 0.025079, -0.104349, 0.083661, -0.0143, -0.007356, 0.004924, 0.009819, -0.02454, 0.0, 2.4e-05, 0.004975, -4e-06, -5.7e-05, 2.3e-05, -0.001592, -0.019965, 0.008493, -0.000103, 2.3e-05, -9e-06, 0.000131, -0.000125, 0.01432, 0.054736, -0.014287, -0.005062, 0.012511, -0.000949, -0.01797, 0.000179, -0.000157, -0.000832, 1.1e-05, 0.002125, -0.0, 0.0, 5e-06, -0.000196, -0.004023, -7e-05, 0.000117, -0.000168, -0.080272, -0.042987, -0.126627, 0.192035, 0.005791, -0.339517, -0.181688, 0.272029, -0.256356, 0.009649, 0.198473, 0.10626, -0.078578, 0.05622, -0.264488, 0.001355, 0.033155, 0.000612, -0.000785, 0.000525, 0.0, 0.001107, 0.0, -0.0, 0.0, 6e-06, 0.004844, -1e-06, -1e-06, 0.0], [-0.018714, -0.152527, -0.182512, 0.062226, 0.141472, -0.15531, 0.073491, 0.167085, -0.070057, 0.089959, -0.087001, 0.095123, -0.003718, 0.216266, -0.000135, -0.00701, -0.061393, 1e-06, 3e-06, -0.014265, 8e-06, 3.8e-05, -0.154297, 0.01689, -0.0, 3e-06, 0.029254, 1.3e-05, -0.0, 0.0, -0.0, 0.0, 0.0, 1.0, 0.0, 0.0, 0.530759, 0.0, -0.0, -0.0, 0.0, -0.0, -7.7e-05, -0.003906, -0.032294, -0.001301, 0.00731, -0.00294, -0.014885, 0.083661, -0.013046, 0.008487, 0.004924, -0.001982, -0.012099, 0.011143, -0.0, -9e-06, -0.00189, 2e-06, 2.3e-05, -6e-06, 0.000605, 0.008493, -0.000835, 3.9e-05, -9e-06, 2e-06, -6.2e-05, 3.4e-05, -0.018564, -0.070957, 0.01852, 0.012511, -0.01163, -0.002529, -0.047896, 0.000476, -0.000832, -0.002062, -6.9e-05, -0.013041, 2e-06, 5e-06, -2.7e-05, -0.002242, -0.045904, -0.000803, -0.000168, -0.001788, 0.017481, 0.009362, 0.027576, 0.005791, 0.217363, 0.006893, 0.003689, -0.005523, 0.009649, 0.218712, 0.323032, 0.172948, -0.127892, -0.264488, -0.211753, -0.000813, -0.019892, -0.000367, 0.000525, -0.000225, -0.0, -0.000329, -0.0, 0.0, -0.0, -2e-06, -0.001795, 0.0, 0.0, -0.0], [0.026992, 0.106221, 0.13821, 0.172774, -0.046629, 0.073491, 0.495688, -0.080398, 0.126714, -0.079311, -0.098645, 0.155474, -0.019397, -0.041199, 1e-06, 6e-06, 1.3e-05, 0.034864, -0.0, 8e-06, 0.180814, -0.0, 2.5e-05, -7e-06, -1.3e-05, 0.064136, -7e-06, -0.0, -0.0, -0.0, 0.0, 0.530759, 0.0, 0.0, 1.0, 0.0, 0.0, 0.0, 0.0, 0.0, 0.0, 0.0, -0.003959, -0.023862, -0.050761, 0.032146, 0.025079, -0.014885, 0.172139, 0.080523, -0.047792, 0.025929, -0.049868, 0.029598, -0.012431, 0.02278, 9.6e-05, 0.001087, 0.005413, 0.002278, -0.001592, 0.000605, 0.032237, -0.014014, 0.005324, -0.001771, -0.005652, 0.002147, 0.001677, -0.001489, 0.181774, 0.30906, -0.053986, -0.079632, 0.103232, 0.01971, 0.056307, 0.012042, 0.007594, 0.02024, 0.001571, 0.009501, 0.002085, -0.000299, 0.001836, -0.036497, -0.106957, -0.000447, -0.003304, -0.037705, -0.551294, -0.521407, -0.008461, -0.062661, 0.013646, 0.28007, 0.264836, 0.213104, 0.134497, -0.002731, 0.138373, 0.130862, 0.271199, -0.038872, -0.063268, -0.043295, -0.134488, -0.012096, 0.036094, -0.021655, -9.6e-05, -0.002012, 7e-05, 0.000103, -3.1e-05, 0.002519, 0.024032, -0.000362, -0.002617, 0.00097], [0.061366, 0.241497, 0.314224, -0.046629, 0.087271, 0.167085, -0.080398, 0.348264, 0.288088, 0.010457, -0.022306, -0.041199, -0.154241, 0.079928, 5e-06, 3e-05, 6.5e-05, -0.0, 0.034864, 3.8e-05, -0.0, 0.180814, 0.000123, -1.2e-05, -3e-06, -0.0, -4.7e-05, 0.064136, -0.0, 0.0, 0.0, 0.0, 0.530759, 0.0, 0.0, 1.0, 0.0, -0.0, 0.0, 0.0, 0.0, 0.0, 0.022253, 0.134118, 0.285307, 0.025079, -0.104349, 0.083661, 0.080523, -0.26612, 0.268617, -0.047535, -0.028294, 0.02278, 0.01317, -0.094387, 0.001353, 0.015269, 0.076039, -0.001592, -0.019965, 0.008493, -0.014014, -0.163629, 0.074788, -0.014608, 0.003498, -0.001489, 0.017632, -0.018669, 0.122792, 0.208776, -0.079632, 0.010104, 0.069735, -0.034423, -0.09834, 0.007594, 0.003128, -0.035349, 0.003253, 0.019673, -0.000299, 0.00161, 0.003803, -0.007647, -0.022409, -0.003304, 0.014631, -0.0079, -0.115764, -0.109488, -0.062661, 0.276789, 0.002866, -0.489311, -0.462696, 0.134497, 0.055107, 0.004771, 0.286163, 0.270631, -0.038872, 0.209605, -0.130842, 0.061929, 0.192369, 0.036094, -0.038491, 0.030975, 0.001179, 0.024597, 0.000103, -0.001177, 0.000373, 0.006484, 0.061861, -0.002617, -0.006082, 0