{"coordinates": [[[10.0, 10.347, 9.977], [11.262, 9.48, 9.999], [8.737, 9.48, 9.999], [12.519, 10.34, 10.011], [7.48, 10.34, 10.011], [10.0, 10.978, 9.079], [10.0, 11.02, 10.843], [11.2, 8.82, 9.122], [11.258, 8.842, 10.887], [8.72, 8.82, 9.122], [8.741, 8.842, 10.887], [12.548, 10.984, 10.895], [12.57, 10.975, 9.121], [13.41, 9.703, 10.026], [7.451, 10.984, 10.895], [6.589, 9.703, 10.026], [7.429, 10.97, 9.121]]], "HF": [-197.75494844815], "elements": [["C", "C", "C", "C", "C", "H", "H", "H", "H", "H", "H", "H", "H", "H", "H", "H", "H"]], "S": [[[1.0, -0.2157, 0.19014, -0.0, -0.0, -0.0, 0.0, 0.0, 0.0, -0.0, 0.0, -0.0, -0.0, 0.0, 0.000269, 0.010502, 0.053629, -0.000338, -0.018815, 0.012847, -0.001748, -0.097189, 0.066363, -0.030127, 0.001281, -0.000875, 0.019003, -0.048622, 0.000269, 0.010502, 0.053629, -0.000338, 0.018815, 0.012847, -0.001748, 0.097189, 0.066363, -0.030127, -0.001281, -0.000875, 0.019003, 0.048622, 1e-06, 5.7e-05, 0.006179, -2e-06, -0.00013, 0.0, -0.000334, -0.024526, 7.5e-05, -0.000196, 9e-06, -0.0, 0.00034, -2e-06, 1e-06, 5.7e-05, 0.006177, -2e-06, 0.00013, 0.0, -0.000334, 0.02452, 7.5e-05, -0.000196, -9e-06, -0.0, 0.000339, 2e-06, 0.05578, 0.095545, 0.083638, 0.0, -0.058763, 0.055756, 0.095533, -0.080724, 0.0, -0.062618, 0.000575, 0.022378, 0.000146, -0.000219, 0.00026, 0.000574, 0.022356, -0.000155, -0.000215, 0.000257, 0.000576, 0.022382, 0.000146, 0.000219, 0.00026, 0.000574, 0.02236, -0.000155, 0.000215, 0.000257, 2.1e-05, 0.006235, -4e-06, -1.2e-05, -3e-06, 2.1e-05, 0.006256, 4e-06, -1.2e-05, -3e-06, 0.0, 0.001048, -0.0, -0.0, 0.0, 2.1e-05, 0.006234, -4e-06, 1.2e-05, -3e-06, 0.0, 0.001048, -0.0, 0.0, 0.0, 2.1e-05, 0.006256, 4e-06, 1.2e-05, -3e-06], [-0.2157, 1.0, 0.718332, 0.0, 0.0, 0.0, -0.0, -0.0, -0.0, 0.0, 0.0, 0.0, -0.0, 0.0, 0.010502, 0.122299, 0.270281, -0.002757, -0.153298, 0.104676, -0.006879, -0.38245, 0.261149, -0.125496, 0.005335, -0.003643, 0.07916, -0.202542, 0.010502, 0.122299, 0.270281, -0.002757, 0.153298, 0.104676, -0.006879, 0.38245, 0.261149, -0.125496, -0.005335, -0.003643, 0.07916, 0.202542, 5.7e-05, 0.003213, 0.049212, -9.2e-05, -0.006789, 2.1e-05, -0.002044, -0.150173, 0.000459, -0.008546, 0.000403, -1e-06, 0.014808, -9.1e-05, 5.7e-05, 0.003212, 0.049202, -9.2e-05, 0.006786, 2.1e-05, -0.002044, 0.150148, 0.000459, -0.008543, -0.000403, -1e-06, 0.014802, 9e-05, 0.310333, 0.429426, 0.291221, 0.0, -0.204607, 0.310254, 0.429382, -0.281186, 0.0, -0.218116, 0.016025, 0.130216, 0.007709, -0.011545, 0.013699, 0.015993, 0.13011, -0.008189, -0.011321, 0.013544, 0.016031, 0.130235, 0.007712, 0.01155, 0.013705, 0.015999, 0.13013, -0.008192, 0.011325, 0.01355, 0.00116, 0.045078, -0.000299, -0.000828, -0.000207, 0.001168, 0.04521, 0.000281, -0.000843, -0.000206, 2.9e-05, 0.010107, -0.0, -1e-05, 2e-06, 0.00116, 0.045076, -0.000299, 0.000828, -0.000207, 2.9e-05, 0.010107, -0.0, 1e-05, 2e-06, 0.001168, 0.045209, 0.000281, 0.000843, -0.000206], [0.19014, 0.718332, 1.0, 0.0, 0.0, 0.0, 0.0, -0.0, -0.0, 0.0, 0.0, 0.0, -0.0, 0.0, 0.053629, 0.270281, 0.513901, -0.003298, -0.183393, 0.125227, -0.00895, -0.497595, 0.339773, -0.072822, 0.003096, -0.002114, 0.045934, -0.117529, 0.053629, 0.270281, 0.513901, -0.003298, 0.183393, 0.125227, -0.00895, 0.497595, 0.339773, -0.072822, -0.003096, -0.002114, 0.045934, 0.117529, 0.006179, 0.049212, 0.163696, -0.000824, -0.060568, 0.000185, -0.004434, -0.325773, 0.000995, -0.033608, 0.001585, -5e-06, 0.058231, -0.000356, 0.006177, 0.049202, 0.163672, -0.000824, 0.060557, 0.000185, -0.004434, 0.32574, 0.000995, -0.033603, -0.001585, -5e-06, 0.058223, 0.000356, 0.456275, 0.733079, 0.199861, 0.0, -0.140419, 0.456216, 0.733024, -0.192997, 0.0, -0.149708, 0.10271, 0.310985, 0.037557, -0.056246, 0.06674, 0.102606, 0.310805, -0.039952, -0.055232, 0.066078, 0.102728, 0.311018, 0.037561, 0.056253, 0.066753, 0.102626, 0.310838, -0.039956, 0.055239, 0.066092, 0.027746, 0.145788, -0.009622, -0.026695, -0.006672, 0.027846, 0.146092, 0.009002, -0.027036, -0.006598, 0.00447, 0.050391, -6.9e-05, -0.004783, 0.000904, 0.027745, 0.145784, -0.009622, 0.026693, -0.006672, 0.00447, 0.050391, -6.9e-05, 0.004783, 0.000904, 0.027845, 0.146089, 0.009001, 0.027035, -0.006596], [-0.0, 0.0, 0.0, 1.0, 0.0, 0.0, 0.530759, 0.0, 0.0, -0.0, -0.0, 0.0, 0.0, -0.0, 0.000338, 0.002757, 0.003298, 0.067622, -0.00405, 0.002765, 0.193237, -0.004781, 0.003265, -0.006934, -0.151097, 0.103174, 0.002392, -0.006121, 0.000338, 0.002757, 0.003298, 0.067622, 0.00405, 0.002765, 0.193237, 0.004781, 0.003265, -0.006934, 0.151097, 0.103174, 0.002392, 0.006121, 2e-06, 9.2e-05, 0.000824, 0.001204, -0.000205, 1e-06, 0.034287, -0.002549, 8e-06, -0.000352, -0.005413, 1.7e-05, 0.000462, -3e-06, 2e-06, 9.2e-05, 0.000824, 0.001203, 0.000205, 1e-06, 0.03428, 0.002548, 8e-06, -0.000352, 0.00541, 1.7e-05, 0.000461, 3e-06, -0.319593, -0.171346, -0.203899, 0.0, 0.296542, 0.308565, 0.165467, -0.175445, -0.0, -0.305269, -0.011542, -0.046562, -0.002605, 0.010046, -0.01192, 0.012266, 0.049543, -0.003495, -0.010489, 0.012549, -0.011545, -0.046564, -0.002605, -0.010048, -0.011924, 0.012269, 0.049546, -0.003496, 0.010492, 0.012553, 0.000816, 0.016564, -0.000118, -0.000698, -0.000175, -0.000766, -0.015482, -8.5e-05, 0.000663, 0.000162, 1e-06, 0.000189, 1e-06, -0.0, 0.0, 0.000816, 0.016564, -0.000118, 0.000698, -0.000175, 1e-06, 0.000188, 1e-06, 0.0, 0.0, -0.000766, -0.01548, -8.5e-05, -0.000662, 0.000162], [-0.0, 0.0, 0.0, 0.0, 1.0, 0.0, 0.0, 0.530759, 0.0, 0.0, -0.0, -0.0, -0.0, 0.0, 0.018815, 0.153298, 0.183393, -0.00405, -0.157454, 0.153738, -0.004781, -0.072509, 0.181518, -0.123549, 0.006244, -0.006121, -0.018242, -0.237058, -0.018815, -0.153298, -0.183393, 0.00405, -0.157454, -0.153738, 0.004781, -0.072509, -0.181518, 0.123549, 0.006244, 0.006121, 0.018242, -0.237058, 0.00013, 0.006789, 0.060568, -0.000205, -0.013844, 4.6e-05, -0.002549, -0.152931, 0.000572, -0.016439, 0.000849, -3e-06, 0.028484, -0.000191, -0.00013, -0.006786, -0.060557, 0.000205, -0.013838, -4.6e-05, 0.002548, -0.152913, -0.000572, 0.016433, 0.000849, 3e-06, -0.028474, -0.000191, 0.0, 0.0, -0.0, 0.218174, 0.0, 0.0, 0.0, 0.0, 0.218095, 0.0, 0.017285, 0.069731, 0.010046, -0.010942, 0.017851, 0.016957, 0.068491, -0.010489, -0.010409, 0.017348, -0.017291, -0.069736, -0.010048, -0.010945, -0.017858, -0.016962, -0.068496, 0.010492, -0.010411, -0.017355, 0.002265, 0.045953, -0.000698, -0.001803, -0.000484, 0.002301, 0.046498, 0.000663, -0.001855, -0.000486, 7e-05, 0.013088, -0.0, -2.8e-05, 5e-06, -0.002264, -0.045951, 0.000698, -0.001803, 0.000484, -7e-05, -0.013088, 0.0, -2.8e-05, -5e-06, -0.002301, -0.046498, -0.000662, -0.001855, 0.000485], [-0.0, 0.0, 0.0, 0.0, 0.0, 1.0, 0.0, 0.0, 0.530759, -0.0, -0.0, -0.0, -0.0, -0.0, -0.012847, -0.104676, -0.125227, 0.002765, 0.153738, -0.037282, 0.003265, 0.181518, 0.069377, 0.084363, -0.006121, 0.001459, -0.194111, 0.081137, -0.012847, -0.104676, -0.125227, 0.002765, -0.153738, -0.037282, 0.003265, -0.181518, 0.069377, 0.084363, 0.006121, 0.001459, -0.194111, -0.081137, -0.0, -2.1e-05, -0.000185, 1e-06, 4.6e-05, 0.001206, 8e-06, 0.000572, 0.03432, 5e-05, -3e-06, -7.4e-05, -0.00012, -0.005425, -0.0, -2.1e-05, -0.000185, 1e-06, -4.6e-05, 0.001206, 8e-06, -0.000572, 0.034313, 5e-05, 3e-06, -7.4e-05, -0.00012, 0.005422, 0.224541, 0.120385, 0.296542, -0.0, 0.009828, 0.239354, 0.128353, -0.305269, -0.0, -0.018703, -0.02051, -0.08274, -0.01192, 0.017851, -0.017079, -0.020286, -0.081941, 0.012549, 0.017348, -0.016663, -0.020518, -0.082753, -0.011924, -0.017858, -0.017087, -0.020294, -0.081954, 0.012553, -0.017355, -0.016671, 0.000566, 0.011485, -0.000175, -0.000484, 1.3e-05, 0.000562, 0.011348, 0.000162, -0.000486, 1.7e-05, -1.3e-05, -0.002472, 0.0, 5e-06, 0.0, 0.000566, 0.011486, -0.000175, 0.000484, 1.3e-05, -1.3e-05, -0.002472, 0.0, -5e-06, 0.0, 0.000561, 0.011344, 0.000162, 0.000485, 1.7e-05], [0.0, -0.0, 0.0, 0.530759, 0.0, 0.0, 1.0, 0.0, 0.0, 0.0, 0.0, 0.0, 0.0, 0.0, 0.001748, 0.006879, 0.00895, 0.193237, -0.004781, 0.003265, 0.53097, -0.008243, 0.005629, -0.005418, -0.174354, 0.119054, 0.001133, -0.002898, 0.001748, 0.006879, 0.00895, 0.193237, 0.004781, 0.003265, 0.53097, 0.008243, 0.005629, -0.005418, 0.174354, 0.119054, 0.001133, 0.002898, 0.000334, 0.002044, 0.004434, 0.034287, -0.002549, 8e-06, 0.178923, -0.008383, 2.6e-05, -0.002337, -0.063264, 0.000193, 0.002324, -1.4e-05, 0.000334, 0.002044, 0.004434, 0.03428, 0.002548, 8e-06, 0.178898, 0.008382, 2.6e-05, -0.002336, 0.063253, 0.000193, 0.002324, 1.4e-05, -0.461388, -0.436506, 0.080571, 0.0, 0.146947, 0.445548, 0.421543, 0.094624, 0.0, -0.151309, -0.103903, -0.179731, 0.021087, 0.059913, -0.071091, 0.110542, 0.191294, 0.015706, -0.062656, 0.07496, -0.103909, -0.179729, 0.0211, -0.059913, -0.071096, 0.11055, 0.191293, 0.015719, 0.062656, 0.074966, 0.031515, 0.092083, 0.003762, -0.032409, -0.0081, -0.02947, -0.085983, 0.00532, 0.030581, 0.007463, 0.000289, 0.001745, 0.002241, -0.000338, 6.4e-05, 0.031514, 0.09208, 0.003762, 0.032407, -0.008101, 0.000289, 0.001742, 0.002241, 0.000337, 6.4e-05, -0.029465, -0.085971, 0.005322, -0.030578, 0.00746], [0.0, -0.0, -0.0, 0.0, 0.530759, 0.0, 0.0, 1.0, 0.0, 0.0, 0.0, 0.0, 0.0, 0.0, 0.097189, 0.38245, 0.497595, -0.004781, -0.072509, 0.181518, -0.008243, 0.072805, 0.31295, 0.000877, 0.001107, -0.002898, -0.11146, -0.042013, -0.097189, -0.38245, -0.497595, 0.004781, -0.072509, -0.181518, 0.008243, 0.072805, -0.31295, -0.000877, 0.001107, 0.002898, 0.11146, -0.042013, 0.024526, 0.150173, 0.325773, -0.002549, -0.152931, 0.000572, -0.008383, -0.436789, 0.001882, -0.061975, 0.003786, -1.4e-05, 0.107403, -0.00085, -0.02452, -0.150148, -0.32574, 0.002548, -0.152913, -0.000572, 0.008382, -0.436778, -0.001882, 0.061972, 0.003786, 1.4e-05, -0.107398, -0.00085, -0.0, 0.0, 0.0, 0.289723, 0.0, -0.0, 0.0, 0.0, 0.289685, 0.0, 0.155605, 0.269166, 0.059913, -0.028633, 0.106465, 0.152819, 0.264453, -0.062656, -0.02559, 0.103628, -0.15562, -0.269173, -0.059913, -0.028624, -0.106477, -0.152834, -0.264459, 0.062656, -0.025581, -0.10364, 0.087431, 0.255458, -0.032409, -0.074466, -0.02247, 0.088505, 0.258229, 0.030581, -0.076341, -0.022414, 0.020057, 0.120956, -0.000338, -0.021161, 0.004422, -0.087426, -0.255451, 0.032407, -0.074462, 0.022473, -0.020057, -0.120956, 0.000337, -0.021161, -0.004422, -0.088506, -0.258233, -0.030578, -0.076345, 0.022407], [0.0, -0.0, -0.0, 0.0, 0.0, 0.530759, 0.0, 0.0, 1.0, 0.0, 0.0, 0.0, 0.0, 0.0, -0.066363, -0.261149, -0.339773, 0.003265, 0.181518, 0.069377, 0.005629, 0.31295, 0.317426, -0.000599, -0.002898, -0.001159, -0.162105, -0.064414, -0.066363, -0.261149, -0.339773, 0.003265, -0.181518, 0.069377, 0.005629, -0.31295, 0.317426, -0.000599, 0.002898, -0.001159, -0.162105, 0.064414, -7.5e-05, -0.000459, -0.000995, 8e-06, 0.000572, 0.03432, 2.6e-05, 0.001882, 0.179031, 0.000189, -1.4e-05, -0.000862, -0.000715, -0.063324, -7.5e-05, -0.000459, -0.000995, 8e-06, -0.000572, 0.034313, 2.6e-05, -0.001882, 0.179007, 0.000189, 1.4e-05, -0.000862, -0.000715, 0.063313, 0.324164, 0.306683, 0.146947, 0.0, 0.18648, 0.345612, 0.326991, -0.151309, 0.0, 0.172314, -0.184635, -0.319382, -0.071091, 0.106465, -0.065235, -0.182829, -0.316385, 0.07496, 0.103628, -0.062949, -0.184668, -0.319415, -0.071096, -0.106477, -0.065247, -0.182861, -0.316418, 0.074966, -0.10364, -0.062962, 0.021851, 0.063845, -0.0081, -0.02247, 0.009828, 0.0216, 0.06302, 0.007463, -0.022414, 0.010033, -0.003789, -0.02285, 6.4e-05, 0.004422, 0.00141, 0.021853, 0.063853, -0.008101, 0.022473, 0.009826, -0.003789, -0.02285, 6.4e-05, -0.004422, 0.00141, 0.021592, 0.062999, 0.00746, 0.022407, 0.010036], [-0.0, 0.0, 0.0, -0.0, 0.0, -0.0, 0.0, 0.0, 0.0, 1.0, 0.0, 0.0, 0.0, 0.0, -0.030127, -0.125496, -0.072822, 0.006934, 0.123549, -0.084363, 0.005418, -0.000877, 0.000599, 0.123195, -0.010788, 0.007366, -0.014226, 0.0364, -0.030127, -0.125496, -0.072822, 0.006934, -0.123549, -0.084363, 0.005418, 0.000877, 0.000599, 0.123195, 0.010788, 0.007366, -0.014226, -0.0364, -0.000196, -0.008546, -0.033608, 0.000352, 0.016439, -5e-05, 0.002337, 0.061975, -0.000189, 0.019155, -0.001387, 4e-06, -0.029816, 0.000182, -0.000196, -0.008543, -0.033603, 0.000352, -0.016433, -5e-05, 0.002336, -0.061972, -0.000189, 0.019149, 0.001386, 4e-06, -0.029807, -0.000182, 0.203288, 0.039974, -0.135301, 0.0, -0.348087, 0.175957, 0.034607, 0.167573, 0.0, -0.342382, -0.015448, -0.023727, -0.019694, 0.010974, -0.013021, -0.013607, -0.020926, 0.019491, 0.008787, -0.010512, -0.015455, -0.023732, -0.019702, -0.010979, -0.013028, -0.013613, -0.02093, 0.019499, -0.008791, -0.010518, -0.002134, -0.016672, 0.001122, 0.001921, 0.00048, -0.002284, -0.017764, -0.001105, 0.002103, 0.000513, -0.000112, -0.008304, 1e-06, 5.4e-05, -1e-05, -0.002134, -0.016671, 0.001122, -0.00192, 0.00048, -0.000112, -0.008304, 1e-06, -5.4e-05, -1e-05, -0.002284, -0.017765, -0.001105, -0.002103, 0.000513], [0.0, 0.0, 0.0, -0.0, -0.0, -0.0, 0.0, 0.0, 0.0, 0.0, 1.0, 0.0, 0.0, 0.0, 0.001281, 0.005335, 0.003096, 0.151097, -0.006244, 0.006121, 0.174354, -0.001107, 0.002898, -0.010788, -0.214442, 0.215218, -0.000937, -0.008248, -0.001281, -0.005335, -0.003096, -0.151097, -0.006244, -0.006121, -0.174354, -0.001107, -0.002898, 0.010788, -0.214442, -0.215218, 0.000937, -0.008248, 9e-06, 0.000403, 0.001585, 0.005413, -0.000849, 3e-06, 0.063264, -0.003786, 1.4e-05, -0.001387, -0.022391, 7.4e-05, 0.001739, -1.2e-05, -9e-06, -0.000403, -0.001585, -0.00541, -0.000849, -3e-06, -0.063253, -0.003786, -1.4e-05, 0.001386, -0.022382, -7.4e-05, -0.001738, -1.2e-05, -0.0, 0.0, 0.0, -0.364157, 0.0, 0.0, 0.0, 0.0, 0.351582, 0.0, -0.023568, -0.036199, -0.006775, 0.01902, -0.03104, 0.024621, 0.037864, -0.00894, -0.019268, 0.032125, 0.023572, 0.036197, 0.006774, 0.019023, 0.031049, -0.024625, -0.037863, 0.008939, -0.019271, -0.032134, 0.00332, 0.025938, -0.000611, -0.003359, -0.000901, -0.003144, -0.024456, -0.000448, 0.003219, 0.000843, 5e-06, 0.000401, 7e-06, -3e-06, 1e-06, -0.00332, -0.025937, 0.000611, -0.003358, 0.000901, -5e-06, -0.0004, -7e-06, -3e-06, -1e-06, 0.003144, 0.024453, 0.000448, 0.003219, -0.000842], [-0.0, 0.0, 0.0, 0.0, -0.0, -0.0, 0.0, 0.0, 0.0, 0.0, 0.0, 1.0, 0.0, 0.0, -0.000875, -0.003643, -0.002114, -0.103174, 0.006121, -0.001459, -0.119054, 0.002898, 0.001159, 0.007366, 0.215218, -0.046214, -0.00711, 0.002603, -0.000875, -0.003643, -0.002114, -0.103174, -0.006121, -0.001459, -0.119054, -0.002898, 0.001159, 0.007366, -0.215218, -0.046214, -0.00711, -0.002603, -0.0, -1e-06, -5e-06, -1.7e-05, 3e-06, 7.4e-05, -0.000193, 1.4e-05, 0.000862, 4e-06, 7.4e-05, 0.001952, -7e-06, -0.000332, -0.0, -1e-06, -5e-06, -1.7e-05, -3e-06, 7.4e-05, -0.000193, -1.4e-05, 0.000862, 4e-06, -7.4e-05, 0.001951, -7e-06, 0.000332, -0.328449, -0.064585, -0.204929, 0.0, -0.04042, 0.338138, 0.066504, -0.185411, 0.0, -0.003793, 0.027964, 0.042952, 0.008039, -0.03104, 0.029692, -0.029455, -0.045299, 0.010695, 0.032125, -0.03085, 0.027972, 0.042953, 0.008038, 0.031049, 0.029702, -0.029464, -0.045301, 0.010695, -0.032134, -0.030861, 0.00083, 0.006482, -0.000153, -0.000901, 2.3e-05, -0.000767, -0.005968, -0.000109, 0.000843, -2.8e-05, -1e-06, -7.6e-05, -1e-06, 1e-06, 0.0, 0.00083, 0.006483, -0.000153, 0.000901, 2.3e-05, -1e-06, -7.6e-05, -1e-06, -1e-06, 0.0, -0.000767, -0.005966, -0.000109, -0.000842, -2.8e-05], [-0.0, -0.0, -0.0, 0.0, -0.0, -0.0, 0.0, 0.0, 0.0, 0.0, 0.0, 0.0, 1.0, 0.0, 0.019003, 0.07916, 0.045934, -0.002392, 0.018242, 0.194111, -0.001133, 0.11146, 0.162105, -0.014226, -0.000937, -0.00711, -0.291465, -0.179874, 0.019003, 0.07916, 0.045934, -0.002392, -0.018242, 0.194111, -0.001133, -0.11146, 0.162105, -0.014226, 0.000937, -0.00711, -0.291465, 0.179874, 0.00034, 0.014808, 0.058231, -0.000462, -0.028484, 0.00012, -0.002324, -0.107403, 0.000715, -0.029816, 0.001739, -7e-06, 0.053625, -0.000465, 0.000339, 0.014802, 0.058223, -0.000461, 0.028474, 0.00012, -0.002324, 0.107398, 0.000715, -0.029807, -0.001738, -7e-06, 0.053608, 0.000465, -0.115382, -0.022688, -0.161869, 0.0, -0.142125, -0.131147, -0.025794, 0.177687, 0.0, -0.13489, -0.007199, -0.011057, -0.005336, 0.018683, 0.003206, -0.00734, -0.011289, 0.005791, 0.018489, 0.002965, -0.007204, -0.011063, -0.00534, -0.018694, 0.003204, -0.007346, -0.011294, 0.005795, -0.0185, 0.002963, 0.004318, 0.033731, -0.001691, -0.004002, -0.001345, 0.00444, 0.034537, 0.001624, -0.004175, -0.001361, 0.000181, 0.013397, -1e-06, -8.7e-05, 1.9e-05, 0.004317, 0.033729, -0.001691, 0.004001, -0.001345, 0.000181, 0.013397, -1e-06, 8.7e-05, 1.9e-05, 0.00444, 0.03454, 0.001623, 0.004175, -0.001361], [0.0, 0.0, 0.0, -0.0, 0.0, -0.0, 0.0, 0.0, 0.0, 0.0, 0.0, 0.0, 0.0, 1.0, -0.048622, -0.202542, -0.117529, 0.006121, 0.237058, -0.081137, 0.002898, 0.042013, 0.064414, 0.0364, -0.008248, 0.002603, -0.179874, 0.09847, 0.048622, 0.202542, 0.117529, -0.006121, 0.237058, 0.081137, -0.002898, 0.042013, -0.064414, -0.0364, -0.008248, -0.002603, 0.179874, 0.09847, -2e-06, -9.1e-05, -0.000356, 3e-06, 0.000191, 0.005425, 1.4e-05, 0.00085, 0.063324, 0.000182, -1.2e-05, -0.000332, -0.000465, -0.02244, 2e-06, 9e-05, 0.000356, -3e-06, 0.000191, -0.005422, -1.4e-05, 0.00085, -0.063313, -0.000182, -1.2e-05, 0.000332, 0.000465, -0.022431, 0.0, 0.0, 0.0, 0.255851, 0.0, 0.0, 0.0, 0.0, 0.272722, 0.0, -0.04188, -0.064325, -0.03104, 0.033799, -0.044466, -0.04072, -0.062624, 0.032125, 0.031868, -0.042648, 0.041892, 0.06433, 0.031049, 0.033808, 0.044484, 0.040733, 0.062629, -0.032134, 0.031876, 0.042665, 0.002302, 0.017984, -0.000901, -0.002329, 6.4e-05, 0.002305, 0.017925, 0.000843, -0.00236, 8.4e-05, -7.1e-05, -0.005249, 1e-06, 3.5e-05, 1e-06, -0.002302, -0.017986, 0.000901, -0.002329, -6.4e-05, 7.1e-05, 0.005249, -1e-06, 3.5e-05, -1e-06, -0.002304, -0.017919, -0.000842, -0.002359, -8.4e-05], [0.000269, 0.010502, 0.053629, 0.000338, 0.018815, -0.012847, 0.001748, 0.097189, -0.066363, -0.030127, 0.001281, -0.000875, 0.019003, -0.048622, 1.0, -0.2157, 0.19014, -0.0, -0.0, -0.0, 0.0, 0.0, 0.0, -0.0, 0.0, 0.0, -0.0, 0.0, 1e-06, 5.6e-05, 0.00611, 0.0, 0.000127, -0.0, 0.0, 0.024306, 0.0, -0.000192, 0.0, 0.0, 0.000332, 0.0, 0.00028, 0.010905, 0.054349, -0.00018, -0.019522, -0.013257, -0.000905, -0.098093, -0.066615, -0.031093, 0.00068, 0.000462, 0.019862, 0.050065, 0.0, 0.0, 6.3e-05, -0.0, 0.0, -0.0, -1e-06, 0.000447, -0.000101, -0.0, -0.0, 0.0, 0.0, -0.0, 0.000582, 0.022464, 0.000159, 0.000219, -0.000258, 0.000587, 0.022537, -0.000148, 0.000221, -0.000269, 0.055864, 0.095588, 0.081961, -0.001672, 0.061373, 0.055857, 0.095584, -0.082888, 0.000355, 0.060109, 2.2e-05, 0.006447, 4e-06, 1.3e-05, 3e-06, 2.5e-05, 0.006748, -5e-06, 1.4e-05, 4e-06, 0.000557, 0.022121, -0.000148, -0.000212, -0.000247, 0.000557, 0.022128, 0.000145, -0.000216, -0.000246, 0.000585, 0.022506, -5e-06, -0.000374, -3.8e-05, 0.0, 0.000108, -0.0, 0.0, -0.0, 0.0, 1.9e-05, -0.0, 0.0, -0.0, 0.0, 0.000103, 0.0, 0.0, -0.0], [0.010502, 0.122299, 0.270281, 0.002757, 0.153298, -0.104676, 0.006879, 0.38245, -0.261149, -0.125496, 0.005335, -0.003643, 0.07916, -0.202542, -0.2157, 1.0, 0.718332, 0.0, 0.0, -0.0, -0.0, -0.0, -0.0, 0.0, 0.0, 0.0, -0.0, 0.0, 5.6e-05, 0.003152, 0.048774, 0.0, 0.006666, -0.0, -0.0, 0.149153, -0.0, -0.00841, 0.0, 0.0, 0.014567, 0.0, 0.010905, 0.124899, 0.273103, -0.001442, -0.156302, -0.106144, -0.00355, -0.384911, -0.261392, -0.126781, 0.002773, 0.001883, 0.080987, 0.204139, 0.0, 1e-06, 0.001171, -0.0, 3e-06, -1e-06, -1.9e-05, 0.006284, -0.001419, -5e-06, -0.0, 0.0, 8e-06, -4e-06, 0.016152, 0.130631, 0.008382, 0.011498, -0.013595, 0.016259, 0.13098, -0.007753, 0.011594, -0.014093, 0.310611, 0.429582, 0.284988, -0.005814, 0.2134, 0.310587, 0.429568, -0.288246, 0.001234, 0.209031, 0.001243, 0.046357, 0.000311, 0.000902, 0.000233, 0.001365, 0.048149, -0.000355, 0.001007, 0.000257, 0.015651, 0.128981, -0.007843, -0.011261, -0.01312, 0.015661, 0.129015, 0.007699, -0.011466, -0.013048, 0.016214, 0.130833, -0.000243, -0.019663, -0.001992, 0.0, 0.001469, -0.0, 0.0, -0.0, 0.0, 0.000325, -0.0, 0.0, -0.0, 0.0, 0.001413, 0.0, 0.0, -0.0], [0.053629, 0.270281, 0.513901, 0.003298, 0.183393, -0.125227, 0.00895, 0.497595, -0.339773, -0.072822, 0.003096, -0.002114, 0.045934, -0.117529, 0.19014, 0.718332, 1.0, -0.0, -0.0, 0.0, -0.0, -0.0, -0.0, 0.0, 0.0, 0.0, -0.0, 0.0, 0.00611, 0.048774, 0.162721, -0.0, 0.060108, 0.0, -0.0, 0.324448, -0.0, -0.033427, 0.0, 0.0, 0.057897, 0.0, 0.054349, 0.273103, 0.517529, -0.001704, -0.184792, -0.125492, -0.004605, -0.499271, -0.339053, -0.072878, 0.001594, 0.001082, 0.046554, 0.117345, 6.3e-05, 0.001171, 0.013787, -6e-06, 0.001903, -0.00043, -0.000134, 0.043851, -0.009903, -0.001719, -1.7e-05, 4e-06, 0.002688, -0.001279, 0.103116, 0.311694, 0.040606, 0.055699, -0.065858, 0.103458, 0.312291, -0.037383, 0.055901, -0.067949, 0.456483, 0.73327, 0.195503, -0.003988, 0.146394, 0.456465, 0.733253, -0.197745, 0.000847, 0.143402, 0.028716, 0.148724, 0.009543, 0.027652, 0.007147, 0.030085, 0.152798, -0.01016, 0.028854, 0.007368, 0.101502, 0.30887, -0.038863, -0.055798, -0.065011, 0.101536, 0.308929, 0.03813, -0.05679, -0.064623, 0.103314, 0.312039, -0.001172, -0.094995, -0.009623, 0.000434, 0.012886, -9.5e-05, 0.000405, -0.000159, 7.1e-05, 0.004447, -0.0, 6.6e-05, -3e-06, 0.000414, 0.012534, 8.9e-05, 0.000386, -0.00015], [-0.000338, -0.002757, -0.003298, 0.067622, -0.00405, 0.002765, 0.193237, -0.004781, 0.003265, 0.006934, 0.151097, -0.103174, -0.002392, 0.006121, -0.0, 0.0, -0.0, 1.0, 0.0, 0.0, 0.530759, 0.0, 0.0, 0.0, -0.0, 0.0, 0.0, 0.0, 0.0, 0.0, -0.0, 0.001182, 0.0, 0.0, 0.034014, 0.0, 0.0, 0.0, 0.005324, 0.0, 0.0, 0.0, 0.00018, 0.001442, 0.001704, 0.069443, -0.002118, -0.001438, 0.195371, -0.002461, -0.001671, -0.003616, -0.154587, -0.104979, 0.001258, 0.003171, 0.0, 0.0, 6e-06, 0.0, 0.0, -0.0, 0.000834, 3.1e-05, -7e-06, -0.0, 2e-06, -0.0, 0.0, -0.0, -0.012529, -0.050292, -0.00371, -0.010774, 0.012739, 0.011573, 0.046261, -0.002486, 0.009969, -0.012118, -0.312811, -0.167592, -0.185553, 0.008242, -0.302519, 0.316382, 0.169515, -0.194884, 0.00177, 0.299726, -0.000837, -0.016286, -0.000105, -0.000728, -0.000188, 0.000932, 0.017136, -0.000125, 0.000825, 0.000211, 0.011802, 0.048322, -0.003167, -0.010258, -0.011952, -0.011583, -0.047408, -0.002898, 0.010245, 0.011658, 0.000362, 0.001451, 0.004159, -0.000531, -5.4e-05, 0.0, 0.000474, -0.0, 0.0, -0.0, 0.0, 3e-06, 0.0, 0.0, -0.0, -0.0, -0.000446, -0.0, -0.0, 0.0], [-0.018815, -0.153298, -0.183393, -0.00405, -0.157454, 0.153738, -0.004781, -0.072509, 0.181518, 0.123549, -0.006244, 0.006121, 0.018242, 0.237058, -0.0, 0.0, -0.0, 0.0, 1.0, 0.0, 0.0, 0.530759, 0.0, 0.0, 0.0, 0.0, -0.0, 0.0, -0.000127, -0.006666, -0.060108, 0.0, -0.013612, 0.0, -0.0, -0.152205, 0.0, 0.016204, 0.0, 0.0, -0.028066, 0.0, 0.019522, 0.156302, 0.184792, -0.002118, -0.160157, -0.155934, -0.002461, -0.071424, -0.181195, -0.124278, 0.003244, 0.003171, -0.018213, 0.238849, -0.0, -3e-06, -0.001903, 0.0, -7e-06, 2e-06, 3.1e-05, -0.009353, 0.002301, 1.3e-05, 0.0, -0.0, -2e-05, 1e-05, -0.017186, -0.068985, -0.010774, -0.010634, 0.017474, -0.017306, -0.069178, 0.009969, -0.010727, 0.018121, 0.006382, 0.003419, 0.008242, 0.218283, 0.006172, -0.001355, -0.000726, 0.00177, 0.218419, -0.001283, -0.002425, -0.04719, -0.000728, -0.001962, -0.000545, -0.002648, -0.048667, 0.000825, -0.002176, -0.000598, 0.016944, 0.069379, -0.010258, -0.010751, -0.01716, 0.017251, 0.070607, 0.010245, -0.011278, -0.017364, 0.029367, 0.117598, -0.000531, -0.038858, -0.004358, -1e-06, -0.002016, 0.0, -0.0, 0.0, -0.0, -0.000528, 0.0, -0.0, 0.0, -1e-06, -0.001948, -0.0, -0.0, 0.0], [0.012847, 0.104676, 0.125227, 0.002765, 0.153738, -0.037282, 0.003265, 0.181518, 0.069377, -0.084363, 0.006121, -0.001459, 0.194111, -0.081137, -0.0, -0.0, 0.0, 0.0, 0.0, 1.0, 0.0, 0.0, 0.530759, 0.0, 0.0, 0.0, 0.0, -0.0, -0.0, -0.0, 0.0, 0.0, 0.0, 0.001182, 0.0, -0.0, 0.034014, 0.0, 0.0, 0.0, 0.0, 0.005324, 0.013257, 0.106144, 0.125492, -0.001438, -0.155934, -0.036432, -0.001671, -0.181195, 0.072345, -0.084397, 0.003171, 0.000728, 0.197648, 0.078883, 0.0, 1e-06, 0.00043, -0.0, 2e-06, -0.0, -7e-06, 0.002301, 0.000315, -3e-06, -0.0, 0.0, 5e-06, -1e-06, 0.02032, 0.081568, 0.012739, 0.017474, -0.016517, 0.021035, 0.084087, -0.012118, 0.018121, -0.017845, -0.234234, -0.125493, -0.302519, 0.006172, -0.008077, -0.229435, -0.12293, 0.299726, -0.001283, 0.00107, -0.000627, -0.012197, -0.000188, -0.000545, 6e-06, -0.000676, -0.012428, 0.000211, -0.000598, 1.3e-05, 0.019742, 0.080835, -0.011952, -0.01716, -0.016016, 0.019631, 0.080346, 0.011658, -0.017364, -0.015777, 0.002975, 0.011913, -5.4e-05, -0.004358, 0.003724, 0.0, 0.000793, -0.0, 0.0, -0.0, 0.0, 2.5e-05, -0.0, 0.0, 0.0, 0.0, 0.000757, 0.0, 0.0, -0.0], [-0.001748, -0.006879, -0.00895, 0.193237, -0.004781, 0.003265, 0.53097, -0.008243, 0.005629, 0.005418, 0.174354, -0.119054, -0.001133, 0.002898, 0.0, -0.0, -0.0, 0.530759, 0.0, 0.0, 1.0, 0.0, 0.0, 0.0, 0.0, 0.0, 0.0, 0.0, 0.0, -0.0, -0.0, 0.034014, 0.0, 0.0, 0.178023, 0.0, 0.0, 0.0, 0.062875, 0.0, 0.0, 0.0, 0.000905, 0.00355, 0.004605, 0.195371, -0.002461, -0.001671, 0.534641, -0.004226, -0.00287, -0.002789, -0.175634, -0.119272, 0.000586, 0.001478, 1e-06, 1.9e-05, 0.000134, 0.000834, 3.1e-05, -7e-06, 0.017043, 0.000405, -9.1e-05, -3.5e-05, 0.002381, -0.000538, 4.2e-05, -2e-05, -0.112281, -0.193915, 0.014791, -0.063859, 0.075507, 0.103325, 0.17821, 0.022251, 0.058781, -0.071449, -0.451304, -0.426887, 0.089832, 0.004081, -0.149782, 0.456482, 0.431792, 0.085197, 0.000876, 0.14841, -0.031115, -0.089674, 0.004965, -0.032012, -0.008274, 0.032922, 0.093136, 0.004946, 0.033718, 0.008611, 0.107673, 0.187142, 0.016926, -0.062333, -0.072626, -0.10564, -0.183584, 0.018584, 0.062223, 0.070805, 0.00324, 0.005591, 0.061431, -0.003137, -0.000318, 0.000555, 0.008374, 5.3e-05, 0.000578, -0.000227, 3e-06, 8.7e-05, 2.7e-05, 3e-06, -0.0, -0.00052, -0.007993, 5.5e-05, -0.000542, 0.000211], [-0.097189, -0.38245, -0.497595, -0.004781, -0.072509, 0.181518, -0.008243, 0.072805, 0.31295, -0.000877, -0.001107, 0.002898, 0.11146, 0.042013, 0.0, -0.0, -0.0, 0.0, 0.530759, 0.0, 0.0, 1.0, 0.0, 0.0, 0.0, 0.0, 0.0, 0.0, -0.024306, -0.149153, -0.324448, -0.0, -0.152205, 0.0, 0.0, -0.436456, 0.0, 0.06191, 0.0, 0.0, -0.107232, 0.0, 0.098093, 0.384911, 0.499271, -0.002461, -0.071424, -0.181195, -0.004226, 0.076505, -0.311145, 0.001897, 0.000556, 0.001478, -0.112083, 0.040953, -0.000447, -0.006284, -0.043851, 3.1e-05, -0.009353, 0.002301, 0.000405, -0.115024, 0.029825, 0.007401, 8.1e-05, -2e-05, -0.011344, 0.005995, -0.154015, -0.265994, -0.063859, -0.026249, 0.103572, -0.15451, -0.266492, 0.058781, -0.026341, 0.106844, 0.009207, 0.008709, 0.004081, 0.289777, 0.003056, -0.001955, -0.001849, 0.000876, 0.289845, -0.000635, -0.090155, -0.259834, -0.032012, -0.076742, -0.023973, -0.093502, -0.264515, 0.033718, -0.078945, -0.024455, 0.154594, 0.268691, -0.062333, -0.029155, -0.104274, 0.157336, 0.273422, 0.062223, -0.03231, -0.105454, 0.262609, 0.453192, -0.003137, -0.192765, -0.025755, -0.002359, -0.035618, 0.000578, -0.00227, 0.000967, -0.000502, -0.01543, 3e-06, -0.000509, 2.5e-05, -0.002267, -0.034872, -0.000542, -0.002187, 0.000919], [0.066363, 0.261149, 0.339773, 0.003265, 0.181518, 0.069377, 0.005629, 0.31295, 0.317426, 0.000599, 0.002898, 0.001159, 0.162105, 0.064414, 0.0, -0.0, -0.0, 0.0, 0.0, 0.530759, 0.0, 0.0, 1.0, 0.0, 0.0, 0.0, 0.0, 0.0, 0.0, -0.0, -0.0, 0.0, -0.0, 0.034014, 0.0, 0.0, 0.178023, 0.0, 0.0, 0.0, 0.0, 0.062875, 0.066615, 0.261392, 0.339053, -0.001671, -0.181195, 0.072345, -0.00287, -0.311145, 0.323383, 0.001288, 0.001478, -0.000616, 0.162457, -0.066836, 0.000101, 0.001419, 0.009903, -7e-06, 0.002301, 0.000315, -9.1e-05, 0.029825, 0.010308, -0.001671, -2e-05, -3e-06, 0.003637, 0.000906, 0.182107, 0.314509, 0.075507, 0.103572, -0.061117, 0.187808, 0.323924, -0.071449, 0.106844, -0.06831, -0.337938, -0.319654, -0.149782, 0.003056, 0.177703, -0.331033, -0.313128, 0.14841, -0.000635, 0.182224, -0.023301, -0.067156, -0.008274, -0.023973, 0.009817, -0.023877, -0.067548, 0.008611, -0.024455, 0.010574, 0.180121, 0.313059, -0.072626, -0.104274, -0.061151, 0.179037, 0.311133, 0.070805, -0.105454, -0.059637, 0.026603, 0.04591, -0.000318, -0.025755, 0.05886, 0.000928, 0.01401, -0.000227, 0.000967, -0.000192, 2.3e-05, 0.000719, -0.0, 2.5e-05, 2.6e-05, 0.000881, 0.013547, 0.000211, 0.000919, -0.000177], [-0.030127, -0.125496, -0.072822, -0.006934, -0.123549, 0.084363, -0.005418, 0.000877, -0.000599, 0.123195, -0.010788, 0.007366, -0.014226, 0.0364, -0.0, 0.0, 0.0, 0.0, 0.0, 0.0, 0.0, 0.0, 0.0, 1.0, 0.0, 0.0, 0.0, -0.0, -0.000192, -0.00841, -0.033427, 0.0, -0.016204, 0.0, 0.0, -0.06191, 0.0, 0.018935, 0.0, 0.0, -0.029477, -0.0, -0.031093, -0.126781, -0.072878, 0.003616, 0.124278, 0.084397, 0.002789, -0.001897, -0.001288, 0.124332, -0.005589, -0.003795, -0.013457, -0.033921, -0.0, -5e-06, -0.001719, 0.0, -1.3e-05, 3e-06, 3.5e-05, -0.007401, 0.001671, 2.5e-05, 0.0, -0.0, -3.8e-05, 1.8e-05, -0.013335, -0.02038, -0.019629, -0.008475, 0.01002, -0.015923, -0.024232, 0.019994, -0.011288, 0.013721, 0.185824, 0.036514, -0.156704, -0.009399, 0.344979, 0.194762, 0.038272, 0.146066, 0.002048, 0.346919, -0.002354, -0.017625, -0.001197, -0.002166, -0.00056, -0.002513, -0.017769, 0.001337, -0.002338, -0.000597, -0.013924, -0.02171, 0.019131, 0.009423, 0.010979, -0.014485, -0.022575, -0.019198, 0.010217, 0.011627, -0.029337, -0.044727, 0.000936, 0.044292, 0.004487, -1e-06, -0.001459, 0.0, -0.0, 0.0, -0.0, -0.000453, 0.0, -0.0, 0.0, -1e-06, -0.001421, -0.0, -0.0, 0.0], [0.001281, 0.005335, 0.003096, -0.151097, 0.006244, -0.006121, -0.174354, 0.001107, -0.002898, -0.010788, -0.214442, 0.215218, -0.000937, -0.008248, 0.0, 0.0, 0.0, -0.0, 0.0, 0.0, 0.0, 0.0, 0.0, 0.0, 1.0, 0.0, 0.0, 0.0, -0.0, -0.0, 0.0, -0.005324, 0.0, 0.0, -0.062875, 0.0, 0.0, 0.0, -0.022069, -0.0, 0.0, 0.0, 0.00068, 0.002773, 0.001594, 0.154587, -0.003244, -0.003171, 0.175634, -0.000556, -0.001478, -0.005589, -0.217618, -0.217929, -0.000483, 0.004236, -0.0, -0.0, -1.7e-05, -2e-06, -0.0, 0.0, -0.002381, -8.1e-05, 2e-05, 0.0, -1e-05, 2e-06, -0.0, 0.0, 0.025224, 0.03855, 0.009515, 0.019898, -0.032709, -0.0233, -0.035459, 0.006372, -0.018411, 0.031112, -0.009127, -0.001793, -0.005248, -0.356207, -0.009375, -0.00196, -0.000385, 0.001175, 0.360517, -0.001972, 0.003396, 0.025431, 0.000542, 0.003492, 0.00097, -0.00375, -0.026519, 0.000641, -0.003919, -0.001077, 0.024217, 0.037756, -0.008282, -0.019593, -0.031282, -0.024182, -0.037687, -0.007709, 0.020159, 0.031045, 0.001241, 0.001893, 0.018192, -0.002095, -0.000235, -1e-06, -0.001138, 0.0, -0.0, 0.0, -0.0, -9e-06, -0.0, -0.0, 0.0, 1e-06, 0.001079, 0.0, 0.0, -0.0], [-0.000875, -0.003643, -0.002114, 0.103174, -0.006121, 0.001459, 0.119054, -0.002898, -0.001159, 0.007366, 0.215218, -0.046214, -0.00711, 0.002603, 0.0, 0.0, 0.0, 0.0, 0.0, 0.0, 0.0, 0.0, 0.0, 0.0, 0.0, 1.0, 0.0, 0.0, 0.0, 0.0, 0.0, 0.0, 0.0, 0.0, 0.0, 0.0, 0.0, 0.0, 0.0, 0.001917, 0.0, 0.0, 0.000462, 0.001883, 0.001082, 0.104979, -0.003171, -0.000728, 0.119272, -0.001478, 0.000616, -0.003795, -0.217929, -0.044702, 0.003693, 0.001281, 0.0, 0.0, 4e-06, 0.0, 0.0, -0.0, 0.000538, 2e-05, 3e-06, -0.0, 2e-06, -0.0, 0.0, -0.0, -0.029825, -0.045581, -0.01125, -0.032709, 0.030909, 0.028321, 0.043101, -0.007745, 0.031112, -0.030632, 0.334994, 0.065825, 0.192606, -0.009375, -0.012367, -0.331908, -0.065222, 0.199081, -0.001972, 0.02656, 0.000878, 0.006573, 0.00014, 0.00097, -9e-06, -0.000958, -0.006772, 0.000164, -0.001077, 2.2e-05, 0.028215, 0.043991, -0.009649, -0.031282, -0.029192, -0.027518, -0.042885, -0.008773, 0.031045, 0.028204, 0.000126, 0.000192, 0.001843, -0.000235, 0.000201, 0.0, 0.000448, -0.0, 0.0, -0.0, 0.0, 0.0, 0.0, 0.0, 0.0, -0.0, -0.000419, -0.0, -0.0, 0.0], [0.019003, 0.07916, 0.045934, 0.002392, -0.018242, -0.194111, 0.001133, -0.11146, -0.162105, -0.014226, -0.000937, -0.00711, -0.291465, -0.179874, -0.0, -0.0, -0.0, 0.0, -0.0, 0.0, 0.0, 0.0, 0.0, 0.0, 0.0, 0.0, 1.0, -0.0, 0.000332, 0.014567, 0.057897, 0.0, 0.028066, 0.0, 0.0, 0.107232, 0.0, -0.029477, 0.0, 0.0, 0.052972, 0.0, 0.019862, 0.080987, 0.046554, -0.001258, 0.018213, -0.197648, -0.000586, 0.112083, -0.162457, -0.013457, -0.000483, 0.003693, -0.293324, 0.182459, 0.0, 8e-06, 0.002688, -0.0, 2e-05, -5e-06, -4.2e-05, 0.011344, -0.003637, -3.8e-05, -0.0, 0.0, 5.8e-05, -3.3e-05, -0.006886, -0.010524, -0.005506, -0.018205, -0.003665, -0.008318, -0.012659, 0.006111, -0.019883, -0.001953, -0.125329, -0.024627, -0.17192, 0.01078, 0.138186, -0.120343, -0.023648, 0.166979, -0.002259, 0.140359, 0.004591, 0.034383, 0.00175, 0.00432, 0.001505, 0.004978, 0.035203, -0.00197, 0.004753, 0.001644, -0.006215, -0.00969, 0.004799, 0.017309, -0.00411, -0.00531, -0.008275, -0.004022, 0.0166, -0.005255, 0.049796, 0.075919, -0.001148, -0.074816, -0.011271, 2e-06, 0.002046, -0.0, 0.0, -0.0, 0.0, 0.000781, -0.0, 0.0, -0.0, 1e-06, 0.001998, 0.0, 0.0, -0.0], [-0.048622, -0.202542, -0.117529, -0.006121, -0.237058, 0.081137, -0.002898, -0.042013, -0.064414, 0.0364, -0.008248, 0.002603, -0.179874, 0.09847, 0.0, 0.0, 0.0, 0.0, 0.0, -0.0, 0.0, 0.0, 0.0, -0.0, 0.0, 0.0, -0.0, 1.0, -0.0, -0.0, -0.0, 0.0, 0.0, -0.005324, 0.0, 0.0, -0.062875, 0.0, 0.0, 0.0, -0.0, -0.022069, 0.050065, 0.204139, 0.117345, -0.003171, -0.238849, -0.078883, -0.001478, -0.040953, 0.066836, -0.033921, 0.004236, 0.001281, 0.182459, 0.094204, -0.0, -4e-06, -0.001279, 0.0, -1e-05, 1e-06, 2e-05, -0.005995, -0.000906, 1.8e-05, 0.0, -0.0, -3.3e-05, 5e-06, -0.040911, -0.062524, -0.032709, -0.032272, 0.042398, -0.042351, -0.064453, 0.031112, -0.033464, 0.045807, -0.006834, -0.001343, -0.009375, -0.266729, 0.000252, 0.001421, 0.000279, -0.001972, -0.261441, -0.000114, 0.002543, 0.019045, 0.00097, 0.002615, -2.6e-05, 0.00272, 0.019234, -0.001077, 0.002842, -6.2e-05, 0.040511, 0.06316, -0.031282, -0.032775, -0.041912, 0.040984, 0.063871, 0.031045, -0.034165, -0.042006, 0.010194, 0.015541, -0.000235, -0.0172, 0.016291, -1e-06, -0.001904, 0.0, -0.0, 0.0, -0.0, -7.3e-05, 0.0, -0.0, -0.0, -1e-06, -0.001829, -0.0, -0.0, 0.0], [0.000269, 0.010502, 0.053629, 0.000338, -0.018815, -0.012847, 0.001748, -0.097189, -0.066363, -0.030127, -0.001281, -0.000875, 0.019003, 0.048622, 1e-06, 5.6e-05, 0.00611, 0.0, -0.000127, -0.0, 0.0, -0.024306, 0.0, -0.000192, -0.0, 0.0, 0.000332, -0.0, 1.0, -0.2157, 0.19014, -0.0, -0.0, -0.0, 0.0, -0.0, 0.0, -0.0, 0.0, 0.0, -0.0, 0.0, 0.0, 0.0, 6.3e-05, -0.0, -0.0, -0.0, -1e-06, -0.000447, -0.000101, -0.0, 0.0, 0.0, 0.0, 0.0, 0.00028, 0.010901, 0.054342, -0.00018, 0.019516, -0.013252, -0.000905, 0.098088, -0.066606, -0.031083, -0.00068, 0.000462, 0.019859, -0.050048, 0.000582, 0.022464, 0.000159, -0.000219, -0.000258, 0.000587, 0.022537, -0.000148, -0.000221, -0.000269, 2.2e-05, 0.006446, 4e-06, -1.3e-05, 3e-06, 2.5e-05, 0.006746, -5e-06, -1.4e-05, 4e-06, 0.055878, 0.095595, 0.081983, 0.001663, 0.061396, 0.055871, 0.095591, -0.08291, -0.000364, 0.060132, 0.0, 0.000108, -0.0, -0.0, -0.0, 0.0, 0.000103, 0.0, -0.0, -0.0, 0.0, 1.9e-05, -0.0, -0.0, -0.0, 0.000556, 0.022118, -0.000148, 0.000212, -0.000247, 0.000585, 0.022506, -5e-06, 0.000374, -3.8e-05, 0.000558, 0.022133, 0.000145, 0.000216, -0.000246], [0.010502, 0.122299, 0.270281, 0.002757, -0.153298, -0.104676, 0.006879, -0.38245, -0.261149, -0.125496, -0.005335, -0.003643, 0.07916, 0.202542, 5.6e-05, 0.003152, 0.048774, 0.0, -0.006666, -0.0, -0.0, -0.149153, -0.0, -0.00841, -0.0, 0.0, 0.014567, -0.0, -0.2157, 1.0, 0.718332, 0.0, -0.0, -0.0, -0.0, 0.0, -0.0, 0.0, 0.0, 0.0, -0.0, 0.0, 0.0, 1e-06, 0.001171, -0.0, -3e-06, -1e-06, -1.9e-05, -0.006285, -0.001419, -5e-06, 0.0, 0.0, 8e-06, 4e-06, 0.010901, 0.124873, 0.273074, -0.001441, 0.156278, -0.106119, -0.00355, 0.384902, -0.261365, -0.126769, -0.002772, 0.001882, 0.080994, -0.204113, 0.016152, 0.130631, 0.008382, -0.011498, -0.013595, 0.016259, 0.13098, -0.007753, -0.011594, -0.014093, 0.001242, 0.046346, 0.000311, -0.000901, 0.000233, 0.001364, 0.048138, -0.000354, -0.001006, 0.000257, 0.310659, 0.429608, 0.284999, 0.005782, 0.213432, 0.310634, 0.429594, -0.288257, -0.001267, 0.209063, 0.0, 0.001469, -0.0, -0.0, -0.0, 0.0, 0.001413, 0.0, -0.0, -0.0, 0.0, 0.000325, -0.0, -0.0, -0.0, 0.015647, 0.128967, -0.00784, 0.011257, -0.013117, 0.016214, 0.130833, -0.000242, 0.019663, -0.001992, 0.015668, 0.129038, 0.007702, 0.011474, -0.013053], [0.053629, 0.270281, 0.513901, 0.003298, -0.183393, -0.125227, 0.00895, -0.497595, -0.339773, -0.072822, -0.003096, -0.002114, 0.045934, 0.117529, 0.00611, 0.048774, 0.162721, -0.0, -0.060108, 0.0, -0.0, -0.324448, -0.0, -0.033427, 0.0, 0.0, 0.057897, -0.0, 0.19014, 0.718332, 1.0, -0.0, 0.0, 0.0, -0.0, 0.0, -0.0, 0.0, 0.0, 0.0, -0.0, 0.0, 6.3e-05, 0.001171, 0.01379, -6e-06, -0.001903, -0.00043, -0.000135, -0.043859, -0.009905, -0.001719, 1.7e-05, 4e-06, 0.002688, 0.00128, 0.054342, 0.273074, 0.517491, -0.001704, 0.184786, -0.125478, -0.004605, 0.499276, -0.33903, -0.072877, -0.001594, 0.001082, 0.046562, -0.117342, 0.103116, 0.311694, 0.040606, -0.055699, -0.065858, 0.103458, 0.312291, -0.037383, -0.055901, -0.067949, 0.028708, 0.148699, 0.009541, -0.027644, 0.007144, 0.030077, 0.152773, -0.010158, -0.028846, 0.007366, 0.456518, 0.733302, 0.195497, 0.003967, 0.146406, 0.4565, 0.733285, -0.197739, -0.000869, 0.143413, 0.000434, 0.012887, -9.5e-05, -0.000405, -0.000159, 0.000414, 0.012534, 8.9e-05, -0.000386, -0.00015, 7.1e-05, 0.004447, -0.0, -6.6e-05, -3e-06, 0.101489, 0.308847, -0.038857, 0.05579, -0.065006, 0.103314, 0.31204, -0.001168, 0.094995, -0.009623, 0.101558, 0.308968, 0.038135, 0.056808, -0.064629], [-0.000338, -0.002757, -0.003298, 0.067622, 0.00405, 0.002765, 0.193237, 0.004781, 0.003265, 0.006934, -0.151097, -0.103174, -0.002392, -0.006121, 0.0, 0.0, -0.0, 0.001182, 0.0, 0.0, 0.034014, -0.0, 0.0, 0.0, -0.005324, 0.0, 0.0, 0.0, -0.0, 0.0, -0.0, 1.0, 0.0, 0.0, 0.530759, 0.0, 0.0, 0.0, -0.0, 0.0, 0.0, 0.0, 0.0, 0.0, 6e-06, 0.0, -0.0, -0.0, 0.000834, -3.1e-05, -7e-06, -0.0, -2e-06, -0.0, 0.0, 0.0, 0.00018, 0.001441, 0.001704, 0.069425, 0.002117, -0.001438, 0.195349, 0.002461, -0.001671, -0.003616, 0.154559, -0.104952, 0.001258, -0.003171, -0.012529, -0.050292, -0.00371, 0.010774, 0.012739, 0.011573, 0.046261, -0.002486, -0.009969, -0.012118, -0.000837, -0.016284, -0.000105, 0.000727, -0.000188, 0.000932, 0.017134, -0.000125, -0.000824, 0.00021, -0.312833, -0.167583, -0.185505, -0.008197, -0.302553, 0.316404, 0.169507, -0.194836, -0.001816, 0.299759, 0.0, 0.000474, -0.0, -0.0, -0.0, -0.0, -0.000447, -0.0, 0.0, 0.0, 0.0, 3e-06, 0.0, -0.0, -0.0, 0.011798, 0.048317, -0.003166, 0.010255, -0.011949, 0.000361, 0.001445, 0.004159, 0.000529, -5.4e-05, -0.011587, -0.047411, -0.002898, -0.010251, 0.011662], [0.018815, 0.153298, 0.183393, 0.00405, -0.157454, -0.153738, 0.004781, -0.072509, -0.181518, -0.123549, -0.006244, -0.006121, -0.018242, 0.237058, 0.000127, 0.006666, 0.060108, 0.0, -0.013612, 0.0, 0.0, -0.152205, -0.0, -0.016204, 0.0, 0.0, 0.028066, 0.0, -0.0, -0.0, 0.0, 0.0, 1.0, 0.0, 0.0, 0.530759, 0.0, 0.0, 0.0, 0.0, -0.0, 0.0, 0.0, 3e-06, 0.001903, -0.0, -7e-06, -2e-06, -3.1e-05, -0.009356, -0.002301, -1.3e-05, 0.0, 0.0, 2e-05, 1e-05, -0.019516, -0.156278, -0.184786, 0.002117, -0.160149, 0.155904, 0.002461, -0.071458, 0.181189, 0.124277, 0.003244, -0.003171, 0.018171, 0.238839, 0.017186, 0.068985, 0.010774, -0.010634, -0.017474, 0.017306, 0.069178, -0.009969, -0.010727, -0.018121, 0.002424, 0.04718, 0.000727, -0.001961, 0.000545, 0.002646, 0.048657, -0.000824, -0.002175, 0.000598, -0.006347, -0.0034, -0.008197, 0.218331, -0.006139, 0.001391, 0.000745, -0.001816, 0.218465, 0.001317, 1e-06, 0.002016, -0.0, -0.0, -0.0, 1e-06, 0.001948, 0.0, -0.0, -0.0, 0.0, 0.000528, -0.0, -0.0, -0.0, -0.01694, -0.069372, 0.010255, -0.010747, 0.017156, -0.029367, -0.117598, 0.000529, -0.038858, 0.004358, -0.017261, -0.070626, -0.010251, -0.011287, 0.017373], [0.012847, 0.104676, 0.125227, 0.002765, -0.153738, -0.037282, 0.003265, -0.181518, 0.069377, -0.084363, -0.006121, -0.001459, 0.194111, 0.081137, -0.0, -0.0, 0.0, 0.0, 0.0, 0.001182, 0.0, 0.0, 0.034014, 0.0, 0.0, 0.0, 0.0, -0.005324, -0.0, -0.0, 0.0, 0.0, 0.0, 1.0, 0.0, 0.0, 0.530759, 0.0, 0.0, 0.0, 0.0, -0.0, 0.0, 1e-06, 0.00043,