{"coordinates": [[[9.481, 10.044, 9.999], [9.317, 8.5499, 10.0], [10.82, 10.616, 10.0], [8.4051, 10.848, 10.0], [11.975, 9.9, 10.0], [9.777, 8.108, 9.109], [8.26, 8.252, 10.0], [9.777, 8.108, 10.89], [10.883, 11.703, 10.0], [7.3984, 10.442, 10.0], [8.495, 11.93, 10.0], [12.918, 10.477, 10.0], [12.022, 8.857, 9.999]]], "HF": [-195.30698231974], "elements": [["C", "C", "C", "C", "C", "H", "H", "H", "H", "H", "H", "H", "H"]], "S": [[[1.0, -0.2157, 0.19014, -0.0, -0.0, 0.0, 0.0, -0.0, 0.0, -0.0, 0.0, 0.0, -0.0, 0.0, 0.000303, 0.011773, 0.055845, -2e-06, 0.002759, 0.025195, -8e-06, 0.013103, 0.119651, -0.03312, -1e-06, -8e-06, -0.056006, 0.012416, 0.00038, 0.014634, 0.060296, -2e-06, -0.028504, -0.012181, -9e-06, -0.115306, -0.049277, -0.039486, 9e-06, 4e-06, 0.047268, 0.049428, 0.000636, 0.023833, 0.071481, -4e-06, 0.038704, -0.028906, -1e-05, 0.10909, -0.081473, -0.057514, -1.2e-05, 9e-06, 0.02828, -0.095518, 1e-06, 6.5e-05, 0.006589, -0.0, -0.000148, 6e-06, -1e-06, -0.025818, 0.001084, -0.000224, 0.0, -0.0, 0.000386, -3.2e-05, 0.000609, 0.022817, 0.000162, -5.4e-05, 0.000353, 0.000562, 0.022192, -0.0, 0.000203, 0.000298, 0.000609, 0.022817, -0.000162, -5.4e-05, 0.000353, 0.000547, 0.021992, -0.0, -0.000227, -0.000268, 0.000714, 0.024102, -0.0, 0.000456, -8.7e-05, 0.000688, 0.023795, -0.0, 0.000207, -0.000395, 0.0, 0.001069, -0.0, -0.0, -0.0, 1.8e-05, 0.005919, 0.0, -1e-05, 5e-06], [-0.2157, 1.0, 0.718332, 0.0, 0.0, 0.0, -0.0, -0.0, -0.0, 0.0, 0.0, 0.0, -0.0, 0.0, 0.011773, 0.130345, 0.278936, -1.3e-05, 0.021313, 0.194616, -3.1e-05, 0.051119, 0.466782, -0.129255, -3e-06, -3e-05, -0.21857, 0.048454, 0.014634, 0.146907, 0.296084, -1.5e-05, -0.198686, -0.084909, -3.3e-05, -0.442498, -0.189104, -0.135817, 3e-05, 1.3e-05, 0.162586, 0.170014, 0.023833, 0.190453, 0.337923, -2e-05, 0.212998, -0.159076, -3.7e-05, 0.403559, -0.301395, -0.147308, -3e-05, 2.3e-05, 0.072432, -0.244647, 6.5e-05, 0.003592, 0.051802, -0.0, -0.007535, 0.000316, -6e-06, -0.156098, 0.006553, -0.009404, 1e-06, -0.0, 0.016231, -0.001365, 0.016676, 0.132324, 0.008449, -0.002811, 0.018362, 0.015753, 0.129322, -2e-06, 0.010756, 0.015817, 0.016676, 0.132326, -0.008451, -0.002811, 0.018362, 0.015464, 0.128356, -2e-06, -0.012086, -0.014305, 0.018657, 0.138452, -1e-06, 0.022767, -0.004351, 0.018174, 0.136997, -1e-06, 0.010426, -0.01994, 3e-05, 0.010277, -0.0, -1.1e-05, -1e-06, 0.001042, 0.043166, 0.0, -0.000721, 0.000337], [0.19014, 0.718332, 1.0, -0.0, 0.0, 0.0, -0.0, -0.0, 0.0, 0.0, 0.0, 0.0, -0.0, 0.0, 0.055845, 0.278936, 0.524986, -1.5e-05, 0.024601, 0.224642, -4e-05, 0.065897, 0.601726, -0.072906, -2e-06, -1.7e-05, -0.123284, 0.02733, 0.060296, 0.296084, 0.546636, -1.6e-05, -0.214425, -0.091635, -4.2e-05, -0.560536, -0.239548, -0.072752, 1.6e-05, 7e-06, 0.087091, 0.09107, 0.071481, 0.337923, 0.597894, -1.8e-05, 0.198605, -0.148326, -4.6e-05, 0.491849, -0.367333, -0.07119, -1.5e-05, 1.1e-05, 0.035004, -0.118232, 0.006589, 0.051802, 0.169397, -3e-06, -0.063253, 0.002656, -1.3e-05, -0.333364, 0.013995, -0.034788, 5e-06, -0.0, 0.060043, -0.00505, 0.104777, 0.314582, 0.040005, -0.013311, 0.08694, 0.101835, 0.309454, -9e-06, 0.053046, 0.078008, 0.104778, 0.314585, -0.040015, -0.013311, 0.086937, 0.100893, 0.307798, -9e-06, -0.060405, -0.071497, 0.110831, 0.324948, -5e-06, 0.099471, -0.01901, 0.109387, 0.322498, -5e-06, 0.046413, -0.088769, 0.004562, 0.050989, -0.0, -0.004929, -0.000621, 0.026308, 0.141355, 0.0, -0.02511, 0.011733], [-0.0, 0.0, -0.0, 1.0, 0.0, 0.0, 0.530759, -0.0, 0.0, 0.0, -0.0, 0.0, 0.0, 0.0, 2e-06, 1.3e-05, 1.5e-05, 0.073207, 3e-06, 2.3e-05, 0.199674, 3e-06, 2.6e-05, -3.2e-05, 0.021201, 0.19359, -3e-05, 7e-06, 2e-06, 1.5e-05, 1.6e-05, 0.084956, -2.4e-05, -1e-05, 0.21228, -2.5e-05, -1e-05, -3.6e-05, -0.20089, -0.085851, 2.3e-05, 2.4e-05, 4e-06, 2e-05, 1.8e-05, 0.118549, 2.7e-05, -2e-05, 0.243162, 2.3e-05, -1.7e-05, -4.7e-05, 0.224475, -0.167647, 1.1e-05, -3.8e-05, 0.0, 0.0, 3e-06, 0.001358, -1e-06, 0.0, 0.03614, -8e-06, 0.0, -1e-06, -0.006044, 0.000254, 1e-06, -0.0, -0.012544, -0.049351, -0.003356, 0.002555, -0.016686, 3e-06, 1.1e-05, 0.004012, 2e-06, 3e-06, 0.012547, 0.049362, -0.003359, -0.002555, 0.016689, 3e-06, 1.1e-05, 0.003915, -2e-06, -3e-06, 2e-06, 6e-06, 0.005006, 2e-06, -0.0, 2e-06, 6e-06, 0.004838, 1e-06, -2e-06, 0.0, 0.0, 1e-06, -0.0, -0.0, 0.0, 0.0, 0.000117, 0.0, 0.0], [-0.0, 0.0, 0.0, 0.0, 1.0, 0.0, -0.0, 0.530759, 0.0, 0.0, 0.0, 0.0, -0.0, 0.0, -0.002759, -0.021313, -0.024601, 3e-06, 0.0691, -0.037503, 3e-06, 0.195054, -0.042182, 0.01645, -1.2e-05, 7e-06, 0.069715, 0.182836, 0.028504, 0.198686, 0.214425, -2.4e-05, -0.235504, -0.13695, -2.5e-05, -0.11622, -0.140386, -0.139909, 4.1e-05, 2.4e-05, 0.105438, 0.234472, -0.038704, -0.212998, -0.198605, 2.7e-05, -0.174523, 0.218878, 2.3e-05, -0.000219, 0.181767, 0.116447, 3e-05, -3.8e-05, 0.103493, 0.240986, 0.000148, 0.007535, 0.063253, -1e-06, -0.015241, 0.000697, -8e-06, -0.157023, 0.008109, -0.017921, 3e-06, -0.0, 0.03091, -0.002855, 0.004174, 0.016421, 0.002555, 0.003472, 0.005552, -0.016162, -0.065904, 2e-06, -0.009319, -0.019604, 0.004174, 0.016421, -0.002555, 0.003472, 0.005552, 0.018233, 0.075221, -2e-06, -0.0133, -0.020377, -0.033013, -0.121002, 2e-06, -0.043658, 0.0093, -0.015201, -0.056645, 1e-06, -0.005696, 0.020146, 7.3e-05, 0.013418, -0.0, -3e-05, -4e-06, 0.002023, 0.043809, 0.0, -0.00156, 0.000783], [0.0, 0.0, 0.0, 0.0, 0.0, 1.0, 0.0, 0.0, 0.530759, -0.0, 0.0, 0.0, -0.0, -0.0, -0.025195, -0.194616, -0.224642, 2.3e-05, -0.037503, -0.26925, 2.6e-05, -0.042182, -0.185508, 0.150208, 7e-06, 4.7e-05, 0.249413, -0.077006, 0.012181, 0.084909, 0.091635, -1e-05, -0.13695, 0.02643, -1e-05, -0.140386, 0.152285, -0.059791, 2.4e-05, -5e-06, 0.216762, -0.063998, 0.028906, 0.159076, 0.148326, -2e-05, 0.218878, -0.044918, -1.7e-05, 0.181767, 0.107411, -0.086967, -3.8e-05, 7e-06, 0.258002, -0.080709, -6e-06, -0.000316, -0.002656, 0.0, 0.000697, 0.001328, 0.0, 0.008109, 0.035799, 0.000752, -0.0, -0.0, -0.001805, -0.005913, -0.027261, -0.10725, -0.016686, 0.005552, -0.031939, -0.023768, -0.096917, 3e-06, -0.019604, -0.024817, -0.02726, -0.107245, 0.016689, 0.005552, -0.031937, 0.021581, 0.089034, -3e-06, -0.020377, -0.020203, 0.006309, 0.023125, -0.0, 0.0093, 0.003229, 0.029073, 0.108337, -2e-06, 0.020146, -0.033694, 9e-06, 0.001691, -0.0, -4e-06, 1e-06, -0.000945, -0.02047, 0.0, 0.000783, -0.000249], [0.0, -0.0, -0.0, 0.530759, -0.0, 0.0, 1.0, 0.0, 0.0, 0.0, 0.0, 0.0, 0.0, 0.0, 8e-06, 3.1e-05, 4e-05, 0.199674, 3e-06, 2.6e-05, 0.542001, 5e-06, 4.4e-05, -2.4e-05, 0.023355, 0.213266, -1.3e-05, 3e-06, 9e-06, 3.3e-05, 4.2e-05, 0.21228, -2.5e-05, -1e-05, 0.563225, -4.1e-05, -1.7e-05, -2.5e-05, -0.202849, -0.086688, 9e-06, 1e-05, 1e-05, 3.7e-05, 4.6e-05, 0.243162, 2.3e-05, -1.7e-05, 0.613311, 3.6e-05, -2.7e-05, -2.8e-05, 0.186408, -0.139217, 4e-06, -1.3e-05, 1e-06, 6e-06, 1.3e-05, 0.03614, -8e-06, 0.0, 0.184958, -2.5e-05, 1e-06, -7e-06, -0.065956, 0.002769, 7e-06, -1e-06, -0.110398, -0.189441, 0.018008, 0.014765, -0.096433, 2.4e-05, 4.2e-05, 0.060548, 1.3e-05, 1.9e-05, 0.110424, 0.189485, 0.017988, -0.014768, 0.096451, 2.4e-05, 4.2e-05, 0.059961, -1.5e-05, -1.8e-05, 1.3e-05, 2.2e-05, 0.066163, 1.2e-05, -2e-06, 1.3e-05, 2.2e-05, 0.06526, 6e-06, -1.1e-05, 1e-06, 4e-06, 0.002294, -1e-06, -0.0, -0.0, 0.0, 0.014602, 0.0, 0.0], [-0.0, -0.0, -0.0, -0.0, 0.530759, 0.0, 0.0, 1.0, 0.0, 0.0, 0.0, 0.0, 0.0, 0.0, -0.013103, -0.051119, -0.065897, 3e-06, 0.195054, -0.042182, 5e-06, 0.534133, -0.071848, -0.000537, -1.4e-05, 3e-06, 0.045249, 0.208413, 0.115306, 0.442498, 0.560536, -2.5e-05, -0.11622, -0.140386, -4.1e-05, 0.016421, -0.233679, 0.011719, 8e-06, 1e-05, -0.07668, 0.045244, -0.10909, -0.403559, -0.491849, 2.3e-05, -0.000219, 0.181767, 3.6e-05, 0.228355, 0.287501, -0.025142, -0.0, -1.3e-05, 0.145852, -0.002235, 0.025818, 0.156098, 0.333364, -8e-06, -0.157023, 0.008109, -2.5e-05, -0.438224, 0.026163, -0.062662, 1.1e-05, -1e-06, 0.10792, -0.011856, 0.036733, 0.063034, 0.014765, 0.057469, 0.032087, -0.14691, -0.255, 1.3e-05, -0.020038, -0.118508, 0.036734, 0.063034, -0.014768, 0.05747, 0.032086, 0.167486, 0.291804, -1.5e-05, -0.045645, -0.124999, -0.27257, -0.457271, 1.2e-05, -0.191198, 0.049184, -0.127391, -0.214846, 6e-06, 0.008387, 0.108775, 0.020612, 0.123315, -1e-06, -0.021994, -0.00306, 0.082821, 0.247178, 0.0, -0.06994, 0.039504], [0.0, -0.0, 0.0, 0.0, 0.0, 0.530759, 0.0, 0.0, 1.0, 0.0, 0.0, 0.0, 0.0, 0.0, -0.119651, -0.466782, -0.601726, 2.6e-05, -0.042182, -0.185508, 4.4e-05, -0.071848, -0.114068, -0.004907, 3e-06, 1.3e-05, -0.013352, -0.020962, 0.049277, 0.189104, 0.239548, -1e-05, -0.140386, 0.152285, -1.7e-05, -0.233679, 0.463361, 0.005008, 1e-05, -1.1e-05, 0.140607, -0.146467, 0.081473, 0.301395, 0.367333, -1.7e-05, 0.181767, 0.107411, -2.7e-05, 0.287501, 0.398593, 0.018777, -1.3e-05, -8e-06, 0.169506, 0.084104, -0.001084, -0.006553, -0.013995, 0.0, 0.008109, 0.035799, 1e-06, 0.026163, 0.18386, 0.002631, -1e-06, -3e-06, -0.010069, -0.065342, -0.239918, -0.411697, -0.096433, 0.032087, -0.147189, -0.216042, -0.374997, 1.9e-05, -0.118508, -0.113727, -0.239909, -0.411679, 0.096451, 0.032086, -0.147169, 0.198242, 0.345389, -1.8e-05, -0.124999, -0.087992, 0.052091, 0.087389, -2e-06, 0.049184, 0.056763, 0.243645, 0.410909, -1.1e-05, 0.108775, -0.14278, 0.002597, 0.015537, -0.0, -0.00306, 0.001908, -0.038699, -0.115497, 0.0, 0.039504, -0.003856], [-0.0, 0.0, 0.0, 0.0, 0.0, -0.0, 0.0, 0.0, 0.0, 1.0, 0.0, 0.0, 0.0, 0.0, -0.03312, -0.129255, -0.072906, 3.2e-05, -0.01645, -0.150208, 2.4e-05, 0.000537, 0.004907, 0.126267, 6e-06, 5.9e-05, 0.029973, -0.006645, -0.039486, -0.135817, -0.072752, 3.6e-05, 0.139909, 0.059791, 2.5e-05, -0.011719, -0.005008, 0.131803, -5.8e-05, -2.5e-05, -0.00843, -0.008815, -0.057514, -0.147308, -0.07119, 4.7e-05, -0.116447, 0.086967, 2.8e-05, 0.025142, -0.018777, 0.147071, 5.7e-05, -4.3e-05, 0.011231, -0.037933, -0.000224, -0.009404, -0.034788, 1e-06, 0.017921, -0.000752, 7e-06, 0.062662, -0.002631, 0.020694, -4e-06, 0.0, -0.031918, 0.002685, -0.01458, -0.021837, -0.020431, 0.00228, -0.014893, -0.028682, -0.044533, 7e-06, -0.024427, -0.035922, -0.014574, -0.021826, 0.020431, 0.002279, -0.014881, -0.028258, -0.044393, 7e-06, 0.027582, 0.032647, -0.032823, -0.045774, 4e-06, -0.049388, 0.009439, -0.032147, -0.045585, 4e-06, -0.022782, 0.043571, -0.000117, -0.008418, 0.0, 5.7e-05, 7e-06, -0.002886, -0.024071, 0.0, 0.00269, -0.001257], [0.0, 0.0, 0.0, -0.0, 0.0, 0.0, 0.0, 0.0, 0.0, 0.0, 1.0, 0.0, 0.0, 0.0, -1e-06, -3e-06, -2e-06, -0.021201, 1.2e-05, -7e-06, -0.023355, 1.4e-05, -3e-06, 6e-06, 0.102829, -0.052166, 1.1e-05, 3e-05, 9e-06, 3e-05, 1.6e-05, 0.20089, -4.1e-05, -2.4e-05, 0.202849, -8e-06, -1e-05, -5.8e-05, -0.314381, -0.187669, 1.4e-05, 3.5e-05, -1.2e-05, -3e-05, -1.5e-05, -0.224475, -3e-05, 3.8e-05, -0.186408, 0.0, 1.3e-05, 5.7e-05, -0.216749, 0.288773, 1.8e-05, 3.4e-05, 0.0, 1e-06, 5e-06, 0.006044, -3e-06, 0.0, 0.065956, -1.1e-05, 1e-06, -4e-06, -0.024691, 0.001129, 5e-06, -1e-06, -0.005931, -0.008883, -0.00202, -0.006299, -0.010059, -5e-06, -8e-06, -0.009954, -4e-06, -8e-06, 0.005932, 0.008885, -0.002023, 0.006301, 0.010061, 6e-06, 9e-06, 0.011176, -5e-06, -8e-06, -5e-06, -7e-06, -0.02123, -9e-06, 2e-06, -2e-06, -3e-06, -0.009711, -1e-06, 4e-06, 0.0, 1e-06, 8e-06, -0.0, -0.0, 0.0, -0.0, 0.000597, 0.0, 0.0], [0.0, 0.0, 0.0, 0.0, 0.0, 0.0, 0.0, 0.0, 0.0, 0.0, 0.0, 1.0, 0.0, 0.0, -8e-06, -3e-05, -1.7e-05, -0.19359, -7e-06, -4.7e-05, -0.213266, -3e-06, -1.3e-05, 5.9e-05, -0.052166, -0.367806, 3.7e-05, -1.2e-05, 4e-06, 1.3e-05, 7e-06, 0.085851, -2.4e-05, 5e-06, 0.086688, -1e-05, 1.1e-05, -2.5e-05, -0.187669, 0.044559, 3.4e-05, -1.2e-05, 9e-06, 2.3e-05, 1.1e-05, 0.167647, 3.8e-05, -7e-06, 0.139217, 1.3e-05, 8e-06, -4.3e-05, 0.288773, -0.045757, 4e-05, -1e-05, -0.0, -0.0, -0.0, -0.000254, 0.0, 0.0, -0.002769, 1e-06, 3e-06, 0.0, 0.001129, 0.002154, -0.0, -1e-06, 0.038737, 0.058015, 0.013196, -0.010059, 0.057861, -8e-06, -1.2e-05, -0.014638, -8e-06, -1e-05, -0.038745, -0.058026, 0.013209, 0.010061, -0.05787, 7e-06, 1.1e-05, 0.013228, -8e-06, -8e-06, 1e-06, 1e-06, 0.004057, 2e-06, 1e-06, 5e-06, 7e-06, 0.018572, 4e-06, -7e-06, 0.0, 0.0, 1e-06, -0.0, 0.0, 0.0, 0.0, -0.000279, 0.0, 0.0], [-0.0, -0.0, -0.0, 0.0, -0.0, -0.0, 0.0, 0.0, 0.0, 0.0, 0.0, 0.0, 1.0, 0.0, -0.056006, -0.21857, -0.123284, 3e-05, -0.069715, -0.249413, 1.3e-05, -0.045249, 0.013352, 0.029973, 1.1e-05, 3.7e-05, 0.136646, -0.113096, 0.047268, 0.162586, 0.087091, -2.3e-05, -0.105438, -0.216762, -9e-06, 0.07668, -0.140607, -0.00843, 1.4e-05, 3.4e-05, -0.136412, 0.269965, 0.02828, 0.072432, 0.035004, -1.1e-05, -0.103493, -0.258002, -4e-06, -0.145852, -0.169506, 0.011231, 1.8e-05, 4e-05, -0.389397, -0.145305, 0.000386, 0.016231, 0.060043, -1e-06, -0.03091, 0.001805, -7e-06, -0.10792, 0.010069, -0.031918, 5e-06, -0.0, 0.057101, -0.006884, -0.041106, -0.061562, -0.03208, 0.013283, -0.052681, -0.018262, -0.028355, 3e-06, -0.029166, -0.013615, -0.041102, -0.061556, 0.032085, 0.013282, -0.052673, -0.008174, -0.012842, 1e-06, 0.021021, -0.001575, 0.052845, 0.073696, -5e-06, 0.078018, -0.023025, -0.031773, -0.045054, 3e-06, -0.037768, 0.03509, 0.000196, 0.014125, -0.0, -9.6e-05, -1.4e-05, 0.003207, 0.026749, 0.0, -0.002775, 0.001855], [0.0, 0.0, 0.0, 0.0, 0.0, -0.0, 0.0, 0.0, 0.0, 0.0, 0.0, 0.0, 0.0, 1.0, 0.012416, 0.048454, 0.02733, -7e-06, -0.182836, 0.077006, -3e-06, -0.208413, 0.020962, -0.006645, 3e-05, -1.2e-05, -0.113096, -0.348447, 0.049428, 0.170014, 0.09107, -2.4e-05, -0.234472, 0.063998, -1e-05, -0.045244, 0.146467, -0.008815, 3.5e-05, -1.2e-05, 0.269965, -0.112284, -0.095518, -0.244647, -0.118232, 3.8e-05, -0.240986, 0.080709, 1.3e-05, 0.002235, -0.084104, -0.037933, 3.4e-05, -1e-05, -0.145305, 0.058371, -3.2e-05, -0.001365, -0.00505, 0.0, 0.002855, 0.005913, 1e-06, 0.011856, 0.065342, 0.002685, -1e-06, -1e-06, -0.006884, -0.02416, -0.012889, -0.019304, -0.010059, -0.013689, -0.019252, 0.0462, 0.071732, -8e-06, 0.033965, 0.061521, -0.012889, -0.019303, 0.010061, -0.013689, -0.019251, 0.048256, 0.075812, -8e-06, -0.044893, -0.057618, -0.020964, -0.029236, 2e-06, -0.035315, -0.013706, -0.045725, -0.064839, 4e-06, -0.021806, 0.067516, 5e-05, 0.003617, -0.0, -2.6e-05, 5e-06, -0.003834, -0.03198, 0.0, 0.003753, -0.001287], [0.000303, 0.011773, 0.055845, 2e-06, -0.002759, -0.025195, 8e-06, -0.013103, -0.119651, -0.03312, -1e-06, -8e-06, -0.056006, 0.012416, 1.0, -0.2157, 0.19014, -0.0, -0.0, 0.0, 0.0, 0.0, 0.0, -0.0, 0.0, 0.0, -0.0, 0.0, 1e-06, 4.7e-05, 0.005615, 0.0, -6.3e-05, -8.7e-05, 0.0, -0.013342, -0.018355, -0.000162, -0.0, -0.0, -8.6e-05, 0.000266, 1e-06, 7.4e-05, 0.007003, 0.0, 6.2e-05, -0.000156, 0.0, 0.010016, -0.025225, -0.000254, 0.0, -0.0, -0.00032, -0.000301, 0.0, 4e-06, 0.001507, 0.0, -8e-06, -4e-06, 0.0, -0.006679, -0.003494, -1.5e-05, -0.0, -0.0, 1.5e-05, 2.1e-05, 0.05601, 0.095661, 0.083553, -0.043151, 0.041369, 0.055938, 0.095625, -9e-06, 0.098731, 0.027809, 0.056018, 0.095665, -0.083569, -0.043159, 0.041367, 0.0, 0.000906, -0.0, -0.0, -0.0, 3.3e-05, 0.007601, 0.0, 1.5e-05, -1.5e-05, 0.0, 0.001023, 0.0, 0.0, -0.0, 0.0, 0.000156, 0.0, -0.0, -0.0, 2.9e-05, 0.007157, 0.0, -1.8e-05, -2e-06], [0.011773, 0.130345, 0.278936, 1.3e-05, -0.021313, -0.194616, 3.1e-05, -0.051119, -0.466782, -0.129255, -3e-06, -3e-05, -0.21857, 0.048454, -0.2157, 1.0, 0.718332, 0.0, 0.0, -0.0, -0.0, -0.0, -0.0, 0.0, 0.0, 0.0, -0.0, -0.0, 4.7e-05, 0.002723, 0.045597, 0.0, -0.003414, -0.004697, -0.0, -0.083239, -0.114515, -0.007418, -0.0, -0.0, -0.003965, 0.012222, 7.4e-05, 0.00399, 0.054373, 0.0, 0.003073, -0.007739, -0.0, 0.059834, -0.150697, -0.010283, 0.0, -0.0, -0.01296, -0.012218, 4e-06, 0.000275, 0.015852, 0.0, -0.000576, -0.000301, -0.0, -0.05359, -0.028031, -0.000973, -0.0, -0.0, 0.000961, 0.001384, 0.311095, 0.429852, 0.289827, -0.14968, 0.143499, 0.310856, 0.429718, -3.3e-05, 0.342881, 0.096578, 0.311119, 0.429865, -0.289849, -0.149691, 0.143477, 2.2e-05, 0.008942, -0.0, -3e-06, -7e-06, 0.001745, 0.053172, 0.0, 0.001046, -0.001032, 2.8e-05, 0.009903, 0.0, 2e-06, -1e-05, 1e-06, 0.002005, 0.0, -0.0, -0.0, 0.001541, 0.050571, 0.0, -0.00126, -0.000143], [0.055845, 0.278936, 0.524986, 1.5e-05, -0.024601, -0.224642, 4e-05, -0.065897, -0.601726, -0.072906, -2e-06, -1.7e-05, -0.123284, 0.02733, 0.19014, 0.718332, 1.0, 0.0, 0.0, 0.0, -0.0, -0.0, 0.0, 0.0, 0.0, 0.0, -0.0, 0.0, 0.005615, 0.045597, 0.155571, 0.0, -0.033341, -0.045868, -0.0, -0.184836, -0.254284, -0.031949, 0.0, 0.0, -0.017076, 0.052636, 0.007003, 0.054373, 0.174963, 0.0, 0.024354, -0.061337, -0.0, 0.125908, -0.317108, -0.03591, 0.0, 0.0, -0.045258, -0.042666, 0.001507, 0.015852, 0.077044, 0.0, -0.019616, -0.01026, -0.0, -0.164834, -0.086219, -0.014808, 0.0, 0.0, 0.014629, 0.021068, 0.456844, 0.733602, 0.198682, -0.102608, 0.098371, 0.456666, 0.733438, -2.2e-05, 0.235134, 0.066229, 0.456862, 0.733618, -0.19869, -0.102612, 0.098353, 0.003853, 0.046203, -0.0, -0.001863, -0.003754, 0.033987, 0.163997, 0.0, 0.025123, -0.024776, 0.004361, 0.049669, 0.0, 0.001122, -0.004614, 0.000631, 0.016051, 0.0, -0.000579, -0.00031, 0.031955, 0.158236, 1e-06, -0.033089, -0.003759], [-2e-06, -1.3e-05, -1.5e-05, 0.073207, 3e-06, 2.3e-05, 0.199674, 3e-06, 2.6e-05, 3.2e-05, -0.021201, -0.19359, 3e-05, -7e-06, -0.0, 0.0, 0.0, 1.0, 0.0, 0.0, 0.530759, 0.0, -0.0, -0.0, -0.0, -0.0, 0.0, 0.0, 0.0, 0.0, 0.0, 0.001012, 0.0, 0.0, 0.031786, 0.0, 0.0, 0.0, -0.002713, -0.003733, 0.0, -0.0, 0.0, 0.0, 0.0, 0.001518, 0.0, 0.0, 0.037945, -0.0, 0.0, 0.0, 0.002473, -0.00623, 0.0, 0.0, 0.0, 0.0, 0.0, 9.1e-05, 0.0, 0.0, 0.011034, 0.0, 0.0, 0.0, -0.000427, -0.000223, -0.0, -0.0, -0.318225, -0.170283, -0.198559, 0.215611, -0.206708, 3.6e-05, 1.9e-05, 0.218694, 5.5e-05, 1.6e-05, 0.318254, 0.170289, -0.198582, -0.215635, 0.206684, 0.0, 0.0, 1e-06, -0.0, -0.0, 0.0, 0.0, 0.000228, -0.0, 0.0, 0.0, 0.0, 1e-06, 0.0, 0.0, 0.0, 0.0, 0.0, 0.0, 0.0, -0.0, -2e-06, 0.000194, 0.0, 0.0], [0.002759, 0.021313, 0.024601, 3e-06, 0.0691, -0.037503, 3e-06, 0.195054, -0.042182, -0.01645, 1.2e-05, -7e-06, -0.069715, -0.182836, -0.0, 0.0, 0.0, 0.0, 1.0, 0.0, 0.0, 0.530759, 0.0, 0.0, -0.0, 0.0, -0.0, -0.0, 6.3e-05, 0.003414, 0.033341, 0.0, -0.003474, -0.006172, -0.0, -0.029853, -0.084799, -0.008496, 0.0, 0.0, -0.008092, 0.012845, -6.2e-05, -0.003073, -0.024354, 0.0, -0.000969, 0.006264, 0.0, 0.010778, 0.068422, 0.007179, 0.0, -0.0, 0.01332, 0.003996, 8e-06, 0.000576, 0.019616, 0.0, -0.00116, -0.000654, -0.0, -0.055768, -0.034942, -0.001926, 0.0, 0.0, 0.001719, 0.002867, 0.164345, 0.087942, 0.215611, 0.107582, 0.106753, -0.376417, -0.201544, 5.5e-05, -0.365875, -0.164653, 0.16436, 0.087945, -0.215635, 0.107593, 0.106741, 2.4e-05, 0.005295, -0.0, -3e-06, -8e-06, -0.002595, -0.041091, 0.0, -0.001641, 0.001843, -1.6e-05, -0.00309, 0.0, -1e-06, 6e-06, 1e-06, 0.00262, 0.0, -0.0, -0.0, 0.003219, 0.054969, 0.0, -0.002965, -0.000359], [0.025195, 0.194616, 0.224642, 2.3e-05, -0.037503, -0.26925, 2.6e-05, -0.042182, -0.185508, -0.150208, -7e-06, -4.7e-05, -0.249413, 0.077006, 0.0, -0.0, 0.0, 0.0, 0.0, 1.0, -0.0, 0.0, 0.530759, 0.0, 0.0, -0.0, 0.0, -0.0, 8.7e-05, 0.004697, 0.045868, 0.0, -0.006172, -0.007478, -0.0, -0.084799, -0.084875, -0.011688, 0.0, 0.0, -0.003666, 0.020094, 0.000156, 0.007739, 0.061337, 0.0, 0.006264, -0.014257, -0.0, 0.068422, -0.134381, -0.01808, -0.0, 0.0, -0.021089, -0.02328, 4e-06, 0.000301, 0.01026, 0.0, -0.000654, -0.000252, -0.0, -0.034942, -0.007243, -0.001007, 0.0, 0.0, 0.001346, 0.001189, -0.157559, -0.08431, -0.206708, 0.106753, 0.116589, -0.106023, -0.056768, 1.6e-05, -0.164653, 0.172318, -0.157537, -0.084294, 0.206684, 0.106741, 0.116647, 4.7e-05, 0.010669, -0.0, -8e-06, -1.6e-05, 0.002559, 0.040524, -0.0, 0.001843, -0.00159, 6.6e-05, 0.012705, 0.0, 6e-06, -2.6e-05, 1e-06, 0.001403, 0.0, -0.0, -0.0, 0.000366, 0.006244, 0.0, -0.000359, 0.000153], [-8e-06, -3.1e-05, -4e-05, 0.199674, 3e-06, 2.6e-05, 0.542001, 5e-06, 4.4e-05, 2.4e-05, -0.023355, -0.213266, 1.3e-05, -3e-06, 0.0, -0.0, -0.0, 0.530759, 0.0, -0.0, 1.0, 0.0, 0.0, 0.0, 0.0, 0.0, 0.0, 0.0, 0.0, -0.0, -0.0, 0.031786, 0.0, 0.0, 0.170579, 0.0, 0.0, 0.0, -0.035, -0.04815, 0.0, 0.0, 0.0, -0.0, -0.0, 0.037945, -0.0, 0.0, 0.19073, 0.0, 0.0, 0.0, 0.025329, -0.063794, 0.0, 0.0, 0.0, -0.0, -0.0, 0.011034, 0.0, 0.0, 0.087467, 0.0, 0.0, 0.0, -0.021728, -0.011365, 0.0, 0.0, -0.458599, -0.433648, 0.083698, 0.106595, -0.102193, 5.1e-05, 4.9e-05, 0.289981, 2.7e-05, 8e-06, 0.458616, 0.433657, 0.083702, -0.106599, 0.102174, 1e-06, 3e-06, 0.001918, -0.0, -1e-06, -0.0, 0.0, 0.019123, 0.0, 0.0, -0.0, 0.0, 0.002187, 0.0, 0.0, -0.0, 0.0, 0.000281, 0.0, 0.0, -4e-06, -1.1e-05, 0.017921, 4e-06, 0.0], [0.013103, 0.051119, 0.065897, 3e-06, 0.195054, -0.042182, 5e-06, 0.534133, -0.071848, 0.000537, 1.4e-05, -3e-06, -0.045249, -0.208413, 0.0, -0.0, -0.0, 0.0, 0.530759, 0.0, 0.0, 1.0, 0.0, 0.0, 0.0, 0.0, 0.0, 0.0, 0.013342, 0.083239, 0.184836, -0.0, -0.029853, -0.084799, 0.0, -0.038005, -0.286955, -0.035815, 0.0, 0.0, -0.064943, 0.044148, -0.010016, -0.059834, -0.125908, 0.0, 0.010778, 0.068422, 0.0, 0.104659, 0.216777, 0.02336, 0.0, 0.0, 0.073201, -0.018664, 0.006679, 0.05359, 0.164834, -0.0, -0.055768, -0.034942, 0.0, -0.247196, -0.175051, -0.03537, 0.0, 0.0, 0.025606, 0.056804, 0.236841, 0.223955, 0.106595, 0.235049, 0.052777, -0.542763, -0.513314, 2.7e-05, 0.000769, -0.081461, 0.236849, 0.223959, -0.106599, 0.235058, 0.052767, 0.007975, 0.051008, -0.0, -0.002295, -0.008489, -0.080115, -0.215876, 0.0, -0.044029, 0.06228, -0.004722, -0.028758, 0.0, 0.000862, 0.005451, 0.003201, 0.041719, 0.0, -0.002989, -0.001751, 0.106378, 0.293787, 4e-06, -0.099631, -0.013354], [0.119651, 0.466782, 0.601726, 2.6e-05, -0.042182, -0.185508, 4.4e-05, -0.071848, -0.114068, 0.004907, -3e-06, -1.3e-05, 0.013352, 0.020962, 0.0, -0.0, 0.0, -0.0, 0.0, 0.530759, 0.0, 0.0, 1.0, 0.0, 0.0, 0.0, 0.0, 0.0, 0.018355, 0.114515, 0.254284, -0.0, -0.084799, -0.084875, 0.0, -0.286955, -0.224195, -0.049272, 0.0, 0.0, 0.006956, 0.091978, 0.025225, 0.150697, 0.317108, -0.0, 0.068422, -0.134381, 0.0, 0.216777, -0.355238, -0.058834, 0.0, 0.0, -0.056774, -0.088332, 0.003494, 0.028031, 0.086219, -0.0, -0.034942, -0.007243, 0.0, -0.175051, -0.004096, -0.018501, 0.0, 0.0, 0.036125, 0.013929, -0.22706, -0.214706, -0.102193, 0.052777, 0.239502, -0.152877, -0.144582, 8e-06, -0.081461, 0.267037, -0.227017, -0.214662, 0.102174, 0.052767, 0.239534, 0.016068, 0.102768, -1e-06, -0.008489, -0.015186, 0.079009, 0.212895, 0.0, 0.06228, -0.042297, 0.019414, 0.118229, 0.0, 0.005451, -0.020221, 0.001714, 0.022338, 0.0, -0.001751, -0.000656, 0.012085, 0.033374, 0.0, -0.013354, 0.016404], [-0.03312, -0.129255, -0.072906, -3.2e-05, 0.01645, 0.150208, -2.4e-05, -0.000537, -0.004907, 0.126267, 6e-06, 5.9e-05, 0.029973, -0.006645, -0.0, 0.0, 0.0, -0.0, 0.0, 0.0, 0.0, 0.0, 0.0, 1.0, 0.0, 0.0, 0.0, 0.0, -0.000162, -0.007418, -0.031949, 0.0, 0.008496, 0.011688, 0.0, 0.035815, 0.049272, 0.017123, 0.0, 0.0, 0.008275, -0.025505, -0.000254, -0.010283, -0.03591, 0.0, -0.007179, 0.01808, 0.0, -0.02336, 0.058834, 0.022208, 0.0, 0.0, 0.024887, 0.023462, -1.5e-05, -0.000973, -0.014808, 0.0, 0.001926, 0.001007, 0.0, 0.03537, 0.018501, 0.003078, 0.0, 0.0, -0.002897, -0.004172, 0.198525, 0.03896, -0.142243, -0.250969, 0.240605, -0.201651, -0.039598, 7.8e-05, -0.084894, -0.023912, 0.198559, 0.038964, 0.142237, -0.251004, 0.240584, -8.5e-05, -0.007544, 0.0, 1.7e-05, 3.5e-05, -0.004528, -0.02755, 0.0, -0.003638, 0.003588, -0.000107, -0.008177, 0.0, -1.2e-05, 5e-05, -3e-06, -0.002205, 0.0, 0.0, 0.0, -0.004065, -0.026685, -0.0, 0.00446, 0.000507], [-1e-06, -3e-06, -2e-06, 0.021201, -1.2e-05, 7e-06, 0.023355, -1.4e-05, 3e-06, 6e-06, 0.102829, -0.052166, 1.1e-05, 3e-05, 0.0, 0.0, 0.0, -0.0, -0.0, 0.0, 0.0, 0.0, 0.0, 0.0, 1.0, 0.0, 0.0, 0.0, 0.0, 0.0, 0.0, 0.002713, 0.0, 0.0, 0.035, 0.0, 0.0, 0.0, -0.005636, -0.010013, 0.0, 0.0, -0.0, -0.0, 0.0, -0.002473, 0.0, -0.0, -0.025329, 0.0, 0.0, 0.0, -0.001565, 0.010141, 0.0, 0.0, 0.0, 0.0, 0.0, 0.000427, 0.0, 0.0, 0.021728, 0.0, 0.0, 0.0, -0.001876, -0.001057, 0.0, 0.0, -0.238663, -0.046837, -0.14516, -0.190989, -0.164611, -6.1e-05, -1.2e-05, -0.42898, -6.1e-05, -2.9e-05, 0.238685, 0.046839, -0.145174, 0.191008, 0.16459, 0.0, 0.0, 2e-06, -0.0, -0.0, -0.0, 0.0, -0.000884, 0.0, 0.0, -0.0, 0.0, -2e-06, 0.0, 0.0, 0.0, 0.0, 0.0, 0.0, 0.0, -1e-06, -3e-06, 0.00106, 1e-06, 0.0], [-8e-06, -3e-05, -1.7e-05, 0.19359, 7e-06, 4.7e-05, 0.213266, 3e-06, 1.3e-05, 5.9e-05, -0.052166, -0.367806, 3.7e-05, -1.2e-05, 0.0, 0.0, 0.0, -0.0, 0.0, -0.0, 0.0, 0.0, 0.0, 0.0, 0.0, 1.0, 0.0, 0.0, 0.0, 0.0, 0.0, 0.003733, 0.0, 0.0, 0.04815, 0.0, 0.0, 0.0, -0.010013, -0.012133, 0.0, 0.0, 0.0, 0.0, 0.0, 0.00623, -0.0, 0.0, 0.063794, 0.0, 0.0, 0.0, 0.010141, -0.02308, 0.0, 0.0, 0.0, 0.0, 0.0, 0.000223, 0.0, 0.0, 0.011365, 0.0, 0.0, 0.0, -0.001057, -0.000407, 0.0, 0.0, 0.228807, 0.044903, 0.139165, -0.164611, -0.204877, -1.7e-05, -3e-06, -0.120829, -2.9e-05, 3.3e-05, -0.228776, -0.044894, 0.139148, 0.16459, 0.204969, 0.0, 1e-06, 5e-06, -0.0, -0.0, 0.0, 0.0, 0.000872, 0.0, 0.0, 0.0, 0.0, 7e-06, 0.0, 0.0, 0.0, 0.0, 0.0, 0.0, 0.0, -0.0, -0.0, 0.00012, 0.0, -0.0], [-0.056006, -0.21857, -0.123284, -3e-05, 0.069715, 0.249413, -1.3e-05, 0.045249, -0.013352, 0.029973, 1.1e-05, 3.7e-05, 0.136646, -0.113096, -0.0, -0.0, -0.0, 0.0, -0.0, 0.0, 0.0, 0.0, 0.0, 0.0, 0.0, 0.0, 1.0, 0.0, -8.6e-05, -0.003965, -0.017076, 0.0, 0.008092, 0.003666, 0.0, 0.064943, -0.006956, 0.008275, 0.0, 0.0, -0.012984, -0.019812, -0.00032, -0.01296, -0.045258, 0.0, -0.01332, 0.021089, 0.0, -0.073201, 0.056774, 0.024887, 0.0, 0.0, 0.019914, 0.044327, 1.5e-05, 0.000961, 0.014629, -0.0, -0.001719, -0.001346, 0.0, -0.025606, -0.036125, -0.002897, 0.0, 0.0, 0.00127, 0.005328, 0.004985, 0.000978, 0.006944, 0.183723, 0.183013, 0.297924, 0.058503, -4.7e-05, 0.062361, 0.259222, 0.005011, 0.000983, -0.006981, 0.183723, 0.183007, -8.9e-05, -0.007901, 0.0, 2.2e-05, 3.5e-05, 0.000109, 0.000663, 0.0, -0.000784, -0.000971, -0.000165, -0.012581, 0.0, -2.2e-05, 7.7e-05, 3e-06, 0.002117, 0.0, -0.0, -0.0, 0.006861, 0.045042, 0.0, -0.0075, -0.001093], [0.012416, 0.048454, 0.02733, 7e-06, 0.182836, -0.077006, 3e-06, 0.208413, -0.020962, -0.006645, 3e-05, -1.2e-05, -0.113096, -0.348447, 0.0, -0.0, 0.0, 0.0, -0.0, -0.0, 0.0, 0.0, 0.0, 0.0, 0.0, 0.0, 0.0, 1.0, 0.000266, 0.012222, 0.052636, -0.0, -0.012845, -0.020094, 0.0, -0.044148, -0.091978, -0.025505, 0.0, 0.0, -0.019812, 0.041658, -0.000301, -0.012218, -0.042666, 0.0, -0.003996, 0.02328, 0.0, 0.018664, 0.088332, 0.023462, 0.0, 0.0, 0.044327, 0.014682, 2.1e-05, 0.001384, 0.021068, -0.0, -0.002867, -0.001189, 0.0, -0.056804, -0.013929, -0.004172, 0.0, 0.0, 0.005328, 0.005244, -0.118166, -0.02319, -0.164611, -0.094562, 0.105808, 0.182292, 0.035797, -2.9e-05, 0.179809, -0.344301, -0.11815, -0.023185, 0.16459, -0.09455, 0.105855, 0.000117, 0.010407, -0.0, -2.1e-05, -4.9e-05, -0.007842, -0.047714, 0.0, -0.006313, 0.006201, -8.5e-05, -0.006505, 0.0, -4e-06, 4.2e-05, 4e-06, 0.003178, 0.0, -1e-06, -0.0, 0.001579, 0.010367, 0.0, -0.00185, 0.000836], [0.00038, 0.014634, 0.060296, 2e-06, 0.028504, 0.012181, 9e-06, 0.115306, 0.049277, -0.039486, 9e-06, 4e-06, 0.047268, 0.049428, 1e-06, 4.7e-05, 0.005615, 0.0, 6.3e-05, 8.7e-05, 0.0, 0.013342, 0.018355, -0.000162, 0.0, 0.0, -8.6e-05, 0.000266, 1.0, -0.2157, 0.19014, -0.0, 0.0, -0.0, 0.0, 0.0, 0.0, -0.0, 0.0, 0.0, -0.0, 0.0, 2e-06, 9.5e-05, 0.007924, 0.0, 0.000216, -2.1e-05, 0.0, 0.029835, -0.002864, -0.000329, 0.0, -0.0, 0.000559, -0.000108, 0.000649, 0.024297, 0.07196, 0.0, -0.042408, 0.024846, 0.0, -0.117826, 0.069031, -0.058341, -0.0, 0.0, 0.049406, -0.088148, 1.4e-05, 0.005222, 3e-06, 3e-06, 7e-06, 0.0, 0.001013, -0.0, 0.0, 0.0, 1.4e-05, 0.005223, -3e-06, 3e-06, 7e-06, 0.057176, 0.096241, -1e-05, -0.006096, -0.105177, 1e-06, 0.001189, 0.0, 0.0, 0.0, 3.8e-05, 0.008048, 0.0, 2.1e-05, -1.2e-05, 0.000784, 0.024887, 0.0, -0.000512, 3.4e-05, 0.000676, 0.023654, 0.0, -0.000247, 0.000361], [0.014634, 0.146907, 0.296084, 1.5e-05, 0.198686, 0.084909, 3.3e-05, 0.442498, 0.189104, -0.135817, 3e-05, 1.3e-05, 0.162586, 0.170014, 4.7e-05, 0.002723, 0.045597, 0.0, 0.003414, 0.004697, -0.0, 0.083239, 0.114515, -0.007418, 0.0, 0.0, -0.003965, 0.012222, -0.2157, 1.0, 0.718332, 0.0, 0.0, 0.0, -0.0, -0.0, -0.0, 0.0, 0.0, 0.0, -0.0, 0.0, 9.5e-05, 0.004939, 0.059994, 0.0, 0.010131, -0.000972, -0.0, 0.173937, -0.016694, -0.012316, 0.0, -0.0, 0.020943, -0.004058, 0.024297, 0.192368, 0.339679, 0.0, -0.231164, 0.135433, -0.0, -0.435248, 0.255, -0.147638, -0.0, 0.0, 0.125027, -0.223067, 0.000805, 0.038885, 0.000182, 0.000213, 0.000513, 2.7e-05, 0.009824, -0.0, 7e-06, 7e-06, 0.000805, 0.038891, -0.000182, 0.000214, 0.000514, 0.314924, 0.431979, -3.3e-05, -0.020749, -0.357999, 3.8e-05, 0.011248, 0.0, 1.5e-05, 1e-06, 0.001962, 0.055758, 0.0, 0.00147, -0.000831, 0.019924, 0.142168, 0.0, -0.024912, 0.001652, 0.017955, 0.136326, 1e-06, -0.012523, 0.018322], [0.060296, 0.296084, 0.546636, 1.6e-05, 0.214425, 0.091635, 4.2e-05, 0.560536, 0.239548, -0.072752, 1.6e-05, 7e-06, 0.087091, 0.09107, 0.005615, 0.045597, 0.155571, 0.0, 0.033341, 0.045868, -0.0, 0.184836, 0.254284, -0.031949, 0.0, 0.0, -0.017076, 0.052636, 0.19014, 0.718332, 1.0, 0.0, 0.0, 0.0, -0.0, 0.0, 0.0, 0.0, 0.0, 0.0, -0.0, 0.0, 0.007924, 0.059994, 0.186847, 0.0, 0.071444, -0.006857, -0.0, 0.355202, -0.034092, -0.038262, 0.0, 0.0, 0.065063, -0.012605, 0.07196, 0.339679, 0.600001, 0.0, -0.214331, 0.125571, -0.0, -0.529669, 0.310319, -0.07109, 0.0, 0.0, 0.060203, -0.10741, 0.023144, 0.131221, 0.007646, 0.008946, 0.021525, 0.004319, 0.049386, -0.0, 0.003452, 0.003192, 0.023149, 0.131237, -0.007648, 0.008948, 0.02153, 0.459695, 0.73622, -2.2e-05, -0.014145, -0.244054, 0.005091, 0.054362, 0.0, 0.00554, 0.000282, 0.036031, 0.169645, 0.0, 0.032441, -0.018333, 0.114536, 0.331172, 0.0, -0.103845, 0.006885, 0.108722, 0.321366, 5e-06, -0.056238, 0.082279], [-2e-06, -1.5e-05, -1.6e-05, 0.084956, -2.4e-05, -1e-05, 0.21228, -2.5e-05, -1e-05, 3.6e-05, 0.20089, 0.085851, -2.3e-05, -2.4e-05, 0.0, 0.0, 0.0, 0.001012, 0.0, 0.0, 0.031786, -0.0, -0.0, 0.0, 0.002713, 0.003733, 0.0, -0.0, -0.0, 0.0, 0.0, 1.0, 0.0, 0.0, 0.530759, 0.0, 0.0, -0.0, 0.0, -0.0, 0.0, 0.0, 0.0, 0.0, 0.0, 0.001905, 0.0, 0.0, 0.041899, -0.0, 0.0, 0.0, 0.008215, -0.000789, -0.0, 0.0, 0.0, 0.0, 0.0, 0.120122, 0.0, 0.0, 0.244463, 0.0, -0.0, 0.0, -0.244058, 0.142987, -0.0, 0.0, -0.000544, -0.013779, -6.4e-05, -0.000172, -0.000415, 0.0, 0.0, 1e-06, 0.0, 0.0, 0.000544, 0.013782, -6.4e-05, 0.000172, 0.000415, 3.6e-05, 1.9e-05, 0.222762, -3e-06, -5.8e-05, 0.0, 0.0, 2e-06, 0.0, 0.0, 0.0, 0.0, 0.000265, -0.0, 0.0, 0.0, 0.0, 0.005456, 0.0, -0.0, -2e-06, -6e-06, 0.004761, 1e-06, -2e-06], [-0.028504, -0.198686, -0.214425, -2.4e-05, -0.235504, -0.13695, -2.5e-05, -0.11622, -0.140386, 0.139909, -4.1e-05, -2.4e-05, -0.105438, -0.234472, -6.3e-05, -0.003414, -0.033341, 0.0, -0.003474, -0.006172, 0.0, -0.029853, -0.084799, 0.008496, 0.0, 0.0, 0.008092, -0.012845, 0.0, 0.0, 0.0, 0.0, 1.0, 0.0, 0.0, 0.530759, 0.0, 0.0, -0.0, 0.0, 0.0, -0.0, -0.000216, -0.010131, -0.071444, 0.0, -0.019972, 0.0021, 0.0, -0.16819, 0.020164, 0.022793, 0.0, -0.0, -0.038608, 0.008283, 0.042408, 0.231164, 0.214331, 0.0, -0.222111, 0.200505, -0.0, -0.037361, 0.165113, -0.124891, 0.0, -0.0, -0.018967, -0.25861, -0.000637, -0.016121, -0.000172, -0.000118, -0.000485, -4.9e-05, -0.009531, 0.0, -1.4e-05, -1.4e-05, -0.000637, -0.016124, 0.000172, -0.000118, -0.000485, 0.02284, 0.012105, -3e-06, 0.220636, -0.03668, -9.1e-05, -0.014665, 0.0, -3.9e-05, -2e-06, -0.003547, -0.052288, 0.0, -0.002929, 0.001805, 0.035634, 0.125293, -0.0, -0.048365, 0.003568, 0.018305, 0.06874, 1e-06, -0.010662, 0.022565], [-0.012181, -0.084909, -0.091635, -1e-05, -0.13695, 0.02643, -1e-05, -0.140386, 0.152285, 0.059791, -2.4e-05, 5e-06, -0.216762, 0.063998, -8.7e-05, -0.004697, -0.045868, 0.0, -0.006172, -0.007478, 0.0, -0.084799, -0.084875, 0.011688, 0.0, 0.0, 0.003666, -0.020094, -0.0, 0.0, 0.0, 0.0, 0.0, 1.0, 0.0, 0.0, 0.530759, 0.0, 0.0, -0.0, 0.0, 0.0, 2.1e-05, 0.000972, 0.006857, 0.0, 0.0021, 0.001703, -0.0, 0.020164, 0.039963, -0.002188, -0.0, -0.0, 0.005283, 0.007345, -0.024846, -0.135433, -0.125571, 0.0, 0.200505, 0.002651, 0.0, 0.165113, 0.147728, 0.07317, -0.0, 0.0, -0.274862, -0.008774, -0.001532, -0.03879, -0.000415, -0.000485, -0.001084, -4.5e-05, -0.008811, 0.0, -1.4e-05, -1.2e-05, -0.001532, -0.038795, 0.000415, -0.000485, -0.001084, 0.394089, 0.208852, -5.8e-05, -0.03668, -0.410106, -5e-06, -0.000746, 0.0, -2e-06, 1e-06, 0.002004, 0.029548, -0.0, 0.001805, -0.000755, -0.002363, -0.008307, 0.0, 0.003568, 0.00522, -0.026781, -0.100569, -2e-06, 0.022565, -0.028253], [-9e-06, -3.3e-05, -4.2e-05, 0.21228, -2.5e-05, -1e-05, 0.563225, -4.1e-05, -1.7e-05, 2.5e-05, 0.202849, 0.086688, -9e-06, -1e-05, 0.0, -0.0, -0.0, 0.031786, -0.0, -0.0, 0.170579, 0.0, 0.0, 0.0, 0.035, 0.04815, 0.0, 0.0, 0.0, -0.0, -0.0, 0.530759, 0.0, 0.0, 1.0, 0.0, 0.0, 0.0, 0.0, 0.0, 0.0, 0.0, 0.0, -0.0, -0.0, 0.041899, -0.0, 0.0, 0.203024, 0.0, 0.0, 0.0, 0.073919, -0.007095, 0.0, 0.0, 0.0, -0.0, -0.0, 0.244463, 0.0, -0.0, 0.615366, 0.0, 0.0, 0.0, -0.201106, 0.117822, 0.0, 0.0, -0.025652, -0.080569, 0.003681, -0.01062, -0.025553, 1e-06, 3e-06, 0.002165, 0.0, 0.0, 0.025657, 0.080579, 0.003682, 0.010622, 0.025558, 5.2e-05, 4.9e-05, 0.291981, -2e-06, -2.8e-05, -0.0, 0.0, 0.002577, 0.0, 0.0, -0.0, 0.0, 0.020335, 0.0, 0.0, -0.0, 0.0, 0.068481, 0.0, 0.0, -1.3e-05, -2.2e-05, 0.064845, 7e-06, -1e-05], [-0.115306, -0.442498, -0.560536, -2.5e-05, -0.11622, -0.140386, -4.1e-05, 0.016421, -0.233679, -0.011719, -8e-06, -1e-05, 0.07668, -0.045244, -0.013342, -0.083239, -0.184836, 0.0, -0.029853, -0.084799, 0.0, -0.038005, -0.286955, 0.035815, 0.0, 0.0, 0.064943, -0.044148, 0.0, -0.0, 0.0, 0.0, 0.530759, 0.0, 0.0, 1.0, 0.0, 0.0, 0.0, 0.0, 0.0, 0.0, -0.029835, -0.173937, -0.355202, 0.0, -0.16819, 0.020164, 0.0, -0.438482, 0.061571, 0.063993, 0.0, 0.0, -0.107466, 0.028048, 0.117826, 0.435248, 0.529669, -0.0, -0.037361, 0.165113, 0.0, 0.170498, 0.260636, 0.027734, 0.0, 0.0, -0.126265, -0.015704, -0.030011, -0.094261, -0.01062, 0.000334, -0.029895, -0.014547, -0.088934, 0.0, -0.010525, -0.011731, -0.030017, -0.094273, 0.010622, 0.000334, -0.029901, 0.032626, 0.030772, -2e-06, 0.290942, -0.017924, -0.022819, -0.130717, 0.0, -0.024469, -0.001375, -0.102666, -0.270263, 0.0, -0.078175, 0.055668, 0.283387, 0.469167, 0.0, -0.201721, 0.017915, 0.154475, 0.261164, 7e-06, -0.019236, 0.123014], [-0.049277, -0.189104, -0.239548, -1e-05, -0.140386, 0.152285, -1.7e-05, -0.233679, 0.463361, -0.005008, -1e-05, 1.1e-05, -0.140607, 0.146467, -0.018355, -0.114515, -0.254284, 0.0, -0.084799, -0.084875, 0.0, -0.286955, -0.224195, 0.049272, 0.0, 0.0, -0.006956, -0.091978, 0.0, -0.0, 0.0, 0.0, 0.0, 0.530759, 0.0, 0.0, 1.0, -0.0, 0.0, 0.0, -0.0, 0.0, 0.002864, 0.016694, 0.034092, -0.0, 0.020164, 0.039963, 0.0, 0.061571, 0.197114, -0.006142, 0.0, 0.0, 0.024504, 0.070546, -0.069031, -0.255, -0.310319, 0.0, 0.165113, 0.147728, 0.0, 0.260636, 0.462666, -0.016248, 0.0, 0.0, -0.161669, -0.122876, -0.072213, -0.226814, -0.025553, -0.029895, -0.059177, -0.013448, -0.082215, 0.0, -0.011731, -0.00868, -0.072225, -0.226832, 0.025558, -0.029901, -0.059185, 0.56292, 0.530946, -2.8e-05, -0.017924, -0.017277, -0.00116, -0.006647, 0.0, -0.001375, 0.002507, 0.058017, 0.152727, 0.0, 0.055668, -0.011124, -0.018789, -0.031106, 0.0, 0.017915, 0.067293, -0.226004, -0.382094, -1e-05, 0.123014, -0.11513], [-0.039486, -0.135817, -0.072752, -3.6e-05, -0.139909, -0.059791, -2.5e-05, 0.011719, 0.005008, 0.131803, -5.8e-05, -2.5e-05, -0.00843, -0.008815, -0.000162, -0.007418, -0.031949, 0.0, -0.008496, -0.011688, 0.0, -0.035815, -0.049272, 0.017123, 0.0, 0.0, 0.008275, -0.025505, -0.0, 0.0, 0.0, -0.0, 0.0, 0.0, 0.0, 0.0, -0.0, 1.0, 0.0, 0.0, 0.0, -0.0, -0.000329, -0.012316, -0.038262, 0.0, -0.022793, 0.002188, 0.0, -0.063993, 0.006142, 0.025572, 0.0, 0.0, -0.038235, 0.007408, -0.058341, -0.147638, -0.07109, 0.0, 0.124891, -0.07317, 0.0, -0.027734, 0.016248, 0.147799, 0.0, 0.0, 0.02048, -0.03654, -0.001628, -0.015905, -0.000732, -0.000553, -0.00133, -0.000105, -0.008125, 0.0, -3.7e-05, -3.4e-05, -0.001629, -0.015906, 0.000732, -0.000553, -0.001331, -0.202278, -0.039307, 7.9e-05, 0.0049, 0.084546, -0.000143, -0.009034, 0.0, -7.4e-05, -4e-06, -0.005014, -0.028385, 0.0, -0.005026, 0.00284, -0.034575, -0.046242, 0.0, 0.053048, -0.003517, -0.031837, -0.045497, -4e-06, 0.027457, -0.04017], [9e-06, 3e-05, 1.6e-05, -0.20089, 4.1e-05, 2.4e-05, -0.202849, 8e-06, 1e-05, -5.8e-05, -0.314381, -0.187669, 1.4e-05, 3.5e-05, -0.0, -0.0, 0.0, -0.002713, 0.0, 0.0, -0.035, 0.0, 0.0, 0.0, -0.005636, -0.010013, 0.0, 0.0, 0.0, 0.0, 0.0, 0.0, -0.0, 0.0, 0.0, 0.0, 0.0, 0.0, 1.0, 0.0, 0.0, 0.0, -0.0, -0.0, 0.0, -0.008215, 0.0, -0.0, -0.073919, 0.0, 0.0, 0.0, -0.032272, 0.003394, 0.0, 0.0, 0.0, 0.0, 0.0, 0.244058, 0.0, -0.0, 0.201106, 0.0, 0.0, 0.0, -0.278793, 0.264098, 0.0, 0.0, 0.000905, 0.008838, 0.000136, 0.000214, 0.000874, -0.0, -1e-06, -5e-06, -0.0, -0.0, -0.000905, -0.008839, 0.000136, -0.000214, -0.000875, 4e-06, 1e-06, 0.026065, 4.1e-05, -6e-06, -0.0, 0.0, -1.1e-05, 0.0, 0.0, -0.0, 0.0, -0.001248, 0.0, 0.0, 0.0, 0.0, 0.023301, 0.0, 0.0, -3e-06, -4e-06, 0.011658, 2e-06, -5e-06], [4e-06, 1.3e-05, 7e-06, -0.085851, 2.4e-05, -5e-06, -0.086688, 1e-05, -1.1e-05, -2.5e-05, -0.187669, 0.044559, 3.4e-05, -1.2e-05, -0.0, -0.0, 0.0, -0.003733, 0.0, 0.0, -0.04815, 0.0, 0.0, 0.0, -0.010013, -0.012133, 0.0, 0.0, 0.0, 0.0, 0.0, -0.0, 0.0, -0.0, 0.0, 0.0, 0.0, 0.0, 0.0, 1.0, 0.0, 0.0, 0.0, 0.0, 0.0, 0.000789, -0.0, -0.0, 0.007095, 0.0, 0.0, 0.0, 0.003394, 0.002761, 0.0, 0.0, -0.0, -0.0, 0.0, -0.142987, -0.0, 0.0, -0.117822, 0.0, 0.0, 0.0, 0.264098, 0.017256, 0.0, 0.0, 0.002177, 0.021265, 0.000326, 0.000874, 0.001954, -0.0, -1e-06, -5e-06, -0.0, -0.0, -0.002178, -0.021268, 0.000326, -0.000875, -0.001955, 6.4e-05, 1.2e-05, 0.44972, -6e-06, -6.8e-05, -0.0, 0.0, -1e-06, 0.0, 0.0, 0.0, 0.0, 0.000705, 0.0, 0.0, -0.0, 0.0, -0.001545, 0.0, 0.0, 4e-06, 6e-06, -0.017055, -5e-06, 6e-06], [0.047268, 0.162586, 0.087091, 2.3e-05, 0.105438, 0.216762, 9e-06, -0.07668, 0.140607, -0.00843, 1.4e-05, 3.4e-05, -0.136412, 0.269965, -8.6e-05, -0.003965, -0.017076, 0.0, -0.008092, -0.003666, 0.0, -0.064943, 0.006956, 0.008275, 0.0, 0.0, -0.012984, -0.019812, -0.0, -0.0, -0.0, 0.0, 0.0, 0.0, 0.0, 0.0, -0.0, 0.0, 0.0, 0.0, 1.0, -0.0, 0.000559, 0.020943, 0.065063, -0.0, 0.038608, -0.005283, 0.0, 0.107466, -0.024504, -0.038235, 0.0, 0.0, 0.066811, -0.01926, 0.049406, 0.125027, 0.060203, -0.0, 0.018967, 0.274862, 0.0, 0.126265, 0.161669, 0.02048, 0.0, 0.0, -0.306118, -0.227307, -0.002535, -0.024763, -0.00087, -0.001193, -0.002028, 1.4e-05, 0.001103, -0.0, 0.0, 1e-05, -0.002536, -0.024765, 0.00087, -0.001193, -0.002029, -0.34801, -0.067626, 5.4e-05, 0.060385, 0.142447, 0.000247, 0.015567, 0.0, 0.000128, 8e-06, 0.00448, 0.025364, 0.0, 0.003886, -0.003607, 0.059362, 0.079393, 0.0, -0.090874, 0.009115, -0.020026, -0.028618, -2e-06, 0.033161, -0.014406], [0.049428, 0.170014, 0.09107, 2.4e-05, 0.234472, -0.063998, 1e-05, 0.045244, -0.146467, -0.008815, 3.5e-05, -1.2e-05, 0.269965, -0.112284, 0.000266, 0.012222, 0.052636, -0.0, 0.012845, 0.020094, 0.0, 0.044148, 0.091978, -0.025505, 0.0, 0.0, -0.019812, 0.041658, 0.0, 0.0, 0.0, 0.0, -0.0, 0.0, 0.0, 0.0, 0.0, -0.0, 0.0, 0.0, -0.0, 1.0, -0.000108, -0.004058, -0.012605, 0.0, -0.008283, -0.007345, 0.0, -0.028048, -0.070546, 0.007408, 0.0, 0.0, -0.01926, -0.028866, -0.088148, -0.223067, -0.10741, 0.0, 0.25861, 0.008774, 0.0, 0.015704, 0.122876, -0.03654, 0.0, 0.0, -0.227307, -0.027973, 0.002547, 0.024879, 0.000874, 0.000602, 0.002286, 0.000182, 0.01403, -0.0, 6.5e-05, 5.9e-05, 0.002548, 0.024883, -0.000875, 0.000602, 0.002287, 0.040476, 0.007865, -6e-06, 0.445729, -0.042808, 2.5e-05, 0.001587, 0.0, 1.4e-05, -1e-05, -0.007439, -0.042116, 0.0, -0.007821, 0.00357, -0.007906, -0.010574, 0.0, 0.013662, 0.022292, -0.051379, -0.073423, -5e-06, 0.038116, -0.06906], [0.000636, 0.023833, 0.071481, 4e-06, -0.038704, 0.028906, 1e-05, -0.10909, 0.081473, -0.057514, -1.2e-05, 9e-06, 0.02828, -0.095518, 1e-06, 7.4e-05, 0.007003, 0.0, -6.2e-05, 0.000156, 0.0, -0.01