{"coordinates": [[[9.223, 10.0, 10.365], [10.022, 8.811, 9.843], [10.023, 11.187, 9.838], [11.477, 9.235, 10.02], [11.476, 10.765, 10.029], [7.776899999999999, 10.0, 9.902], [9.249, 10.003, 11.463], [9.815, 8.637, 8.78], [9.796, 7.887, 10.384], [9.792, 12.115, 10.369], [9.822, 11.351, 8.772], [12.108, 8.833, 9.222], [11.872, 8.859, 10.971], [11.855, 11.13, 10.99], [12.118, 11.178, 9.244], [7.252, 10.887, 10.272], [7.704, 9.997, 8.809], [7.252, 9.114, 10.276]]], "HF": [-235.86143495189], "elements": [["C", "C", "C", "C", "C", "C", "H", "H", "H", "H", "H", "H", "H", "H", "H", "H", "H", "H"]], "S": [[[1.0, -0.2157, 0.19014, -0.0, -0.0, -0.0, 0.0, 0.0, -0.0, -0.0, 0.0, 0.0, -0.0, 0.0, 0.000273, 0.010646, 0.053887, 0.007894, -0.012098, 0.017994, 0.040374, -0.061873, 0.092028, -0.019782, -0.018942, 0.028175, -0.017596, -0.043177, 0.000273, 0.010656, 0.053906, 0.00799, -0.012117, -0.017966, 0.040837, -0.061924, -0.091819, -0.019556, -0.019183, -0.028444, -0.017433, 0.043132, 2e-06, 0.000106, 0.008357, 3.5e-05, -0.000227, 7.7e-05, 0.004483, -0.029306, 0.009948, -0.000346, -0.000172, 5.8e-05, 0.000496, -0.000381, 2e-06, 0.000108, 0.008415, 3.4e-05, -0.00023, -7.8e-05, 0.004404, -0.029483, -0.010002, -0.000352, -0.00017, -5.8e-05, 0.000504, 0.000387, 0.000282, 0.010987, 0.054494, 0.007256, 0.02263, 1.3e-05, 0.036258, 0.113082, 6.3e-05, -0.02254, 0.031516, 1.7e-05, 0.049146, 5.4e-05, 0.055558, 0.095434, -0.10169, -0.002446, -0.000241, 0.000544, 0.02194, 0.000254, -9.5e-05, 0.000219, 0.000497, 0.021267, -3e-06, -8.3e-05, 0.000307, 0.000497, 0.021266, -1e-06, -8.3e-05, -0.000307, 0.000544, 0.02194, 0.000256, -9.6e-05, -0.000217, 1e-06, 0.001616, 0.0, -0.0, 0.0, 8e-06, 0.00421, -1e-06, -4e-06, 2e-06, 9e-06, 0.004372, -1e-06, -5e-06, -2e-06, 1e-06, 0.001598, 0.0, -0.0, -0.0, 0.000575, 0.022375, 1.6e-05, 0.000337, -0.000152, 0.00054, 0.021892, 0.000248, 0.000242, 0.0, 0.000575, 0.022376, 1.5e-05, 0.000337, 0.000152], [-0.2157, 1.0, 0.718332, 0.0, 0.0, 0.0, -0.0, -0.0, 0.0, 0.0, 0.0, 0.0, -0.0, 0.0, 0.010646, 0.123232, 0.271296, 0.063917, -0.097952, 0.145691, 0.158716, -0.243229, 0.361771, -0.081773, -0.078302, 0.116464, -0.072734, -0.178478, 0.010656, 0.123299, 0.271368, 0.064666, -0.098059, -0.145397, 0.160521, -0.243412, -0.360921, -0.080792, -0.079253, -0.117513, -0.072021, 0.178196, 0.000106, 0.005413, 0.062582, 0.00159, -0.010394, 0.003528, 0.025863, -0.169057, 0.057387, -0.012481, -0.006191, 0.002101, 0.017902, -0.013736, 0.000108, 0.005478, 0.062927, 0.001571, -0.010516, -0.003568, 0.025373, -0.16985, -0.057622, -0.012644, -0.006112, -0.002074, 0.018104, 0.013881, 0.010987, 0.125424, 0.273669, 0.05789, 0.18055, 0.0001, 0.142193, 0.443474, 0.000245, -0.091516, 0.127956, 7.1e-05, 0.199536, 0.000221, 0.309599, 0.429016, -0.355371, -0.008547, -0.000842, 0.01539, 0.128109, 0.013585, -0.00508, 0.011686, 0.014438, 0.124852, -0.000149, -0.004536, 0.016712, 0.014436, 0.124845, -3.1e-05, -0.004503, -0.016718, 0.01539, 0.128108, 0.013658, -0.005139, -0.011573, 7.1e-05, 0.014556, 1.1e-05, -2.8e-05, 1.1e-05, 0.000516, 0.032483, -7.1e-05, -0.000309, 0.000133, 0.000558, 0.033522, -8e-05, -0.000339, -0.000145, 7e-05, 0.014419, 1e-05, -2.7e-05, -1.1e-05, 0.016021, 0.130204, 0.000842, 0.017765, -0.007992, 0.015321, 0.127876, 0.013264, 0.012939, 2.6e-05, 0.016022, 0.130207, 0.000809, 0.017768, 0.007991], [0.19014, 0.718332, 1.0, -0.0, 0.0, 0.0, 0.0, 0.0, -0.0, 0.0, 0.0, 0.0, -0.0, 0.0, 0.053887, 0.271296, 0.515207, 0.07614, -0.116683, 0.173552, 0.206274, -0.31611, 0.470173, -0.047289, -0.045282, 0.067351, -0.042062, -0.103213, 0.053906, 0.271368, 0.515301, 0.077009, -0.116775, -0.173149, 0.208603, -0.316324, -0.469031, -0.04671, -0.045821, -0.067941, -0.041639, 0.103025, 0.008357, 0.062582, 0.192195, 0.010665, -0.069714, 0.023665, 0.052141, -0.340828, 0.115696, -0.036878, -0.018292, 0.006209, 0.052895, -0.040587, 0.008415, 0.062927, 0.192903, 0.010469, -0.070077, -0.023774, 0.051069, -0.341853, -0.115974, -0.037116, -0.017943, -0.006087, 0.053144, 0.040748, 0.054494, 0.273669, 0.518254, 0.068282, 0.212959, 0.000118, 0.184327, 0.574885, 0.000318, -0.052508, 0.073416, 4.1e-05, 0.114485, 0.000127, 0.455726, 0.732573, -0.244151, -0.005872, -0.000578, 0.100652, 0.307374, 0.06813, -0.025475, 0.058605, 0.097489, 0.301758, -0.000784, -0.023813, 0.087738, 0.097482, 0.301746, -0.000162, -0.023645, -0.087782, 0.100652, 0.307373, 0.068499, -0.025772, -0.058042, 0.006967, 0.065266, 0.002617, -0.006604, 0.002672, 0.018566, 0.115451, -0.004082, -0.017846, 0.007686, 0.019295, 0.118066, -0.004389, -0.018501, -0.007939, 0.006887, 0.064832, 0.002533, -0.006543, -0.00266, 0.102697, 0.310964, 0.004104, 0.086564, -0.038941, 0.100426, 0.306974, 0.066736, 0.065103, 0.000133, 0.1027, 0.310969, 0.003941, 0.086575, 0.038938], [-0.0, 0.0, -0.0, 1.0, 0.0, 0.0, 0.530759, 0.0, 0.0, 0.0, -0.0, 0.0, 0.0, 0.0, -0.007894, -0.063917, -0.07614, 0.029456, 0.059569, -0.088602, 0.148435, 0.06993, -0.104011, 0.129833, -0.042216, 0.062791, 0.050647, 0.12428, -0.00799, -0.064666, -0.077009, 0.028605, 0.060303, 0.089415, 0.147456, 0.070762, 0.104922, 0.130643, -0.041044, -0.060859, 0.050715, -0.125481, -3.5e-05, -0.00159, -0.010665, 0.001608, 0.003217, -0.001092, 0.039249, 0.029229, -0.009922, 0.005496, -0.006471, 0.002197, -0.00574, 0.004405, -3.4e-05, -0.001571, -0.010469, 0.001652, 0.003178, 0.001078, 0.039681, 0.028668, 0.009726, 0.005435, -0.006646, -0.002255, -0.005669, -0.004346, -0.007256, -0.05789, -0.068282, 0.038442, -0.097865, -5.4e-05, 0.159462, -0.113357, -6.3e-05, 0.123067, 0.099154, 5.5e-05, -0.124065, -0.000137, 0.389804, 0.209379, -0.411862, -0.015135, -0.001491, -0.020515, -0.084891, -0.017986, 0.00818, -0.018819, 0.000229, 0.000985, 0.003576, -8.7e-05, 0.00032, 4.7e-05, 0.000203, 0.003578, -1.8e-05, -6.6e-05, -0.020626, -0.085352, -0.018224, 0.00832, 0.018739, -5.8e-05, -0.006396, -7e-06, 2.6e-05, -1.1e-05, 0.000235, 0.007777, 9e-06, -0.000167, 7.2e-05, 0.000262, 0.008282, 7e-06, -0.000189, -8.1e-05, -5.6e-05, -0.006209, -6e-06, 2.5e-05, 1e-05, -0.001261, -0.005088, 0.004021, -0.001689, 0.00076, -0.02005, -0.083201, -0.017102, -0.020457, -4.2e-05, -0.001211, -0.004886, 0.004028, -0.001623, -0.00073], [-0.0, 0.0, 0.0, 0.0, 1.0, 0.0, 0.0, 0.530759, 0.0, 0.0, 0.0, 0.0, -0.0, 0.0, 0.012098, 0.097952, 0.116683, 0.059569, -0.022962, 0.135781, 0.06993, 0.086902, 0.159395, -0.031408, -0.02043, 0.12428, -0.174355, -0.046567, 0.012117, 0.098059, 0.116775, 0.060303, -0.02307, -0.135588, 0.070762, 0.086818, -0.159103, -0.030352, -0.020757, -0.125481, -0.173757, 0.04667, 0.000227, 0.010394, 0.069714, 0.003217, -0.01893, 0.007139, 0.029229, -0.147337, 0.064856, -0.021278, -0.011682, 0.004405, 0.029066, -0.025921, 0.00023, 0.010516, 0.070077, 0.003178, -0.019149, -0.007218, 0.028668, -0.147937, -0.065103, -0.021559, -0.011533, -0.004346, 0.029386, 0.026191, -0.02263, -0.18055, -0.212959, -0.097865, -0.235403, -0.000169, -0.113357, -0.157733, -0.000196, 0.074286, -0.19083, -0.000137, -0.208226, -0.000329, 0.009375, 0.005036, -0.015135, 0.217079, -3.6e-05, 0.007671, 0.031743, 0.00818, 0.000832, 0.007037, 0.006944, 0.029909, -8.7e-05, 0.000944, 0.00971, 0.006894, 0.029698, -1.8e-05, 0.00098, -0.009646, 0.00776, 0.032112, 0.00832, 0.000761, -0.00705, 0.000147, 0.016137, 2.6e-05, -6.3e-05, 2.7e-05, 0.001026, 0.034001, -0.000167, -0.000684, 0.000315, 0.001104, 0.034909, -0.000189, -0.000747, -0.000343, 0.000145, 0.016034, 2.5e-05, -6.1e-05, -2.6e-05, -0.026599, -0.107321, -0.001689, -0.031531, 0.016029, -0.019559, -0.081165, -0.020457, -0.016088, -4.1e-05, -0.026604, -0.107334, -0.001623, -0.03154, -0.01603], [-0.0, 0.0, 0.0, 0.0, 0.0, 1.0, 0.0, 0.0, 0.530759, 0.0, 0.0, 0.0, 0.0, -0.0, -0.017994, -0.145691, -0.173552, -0.088602, 0.135781, -0.133629, -0.104011, 0.159395, -0.043013, 0.046715, 0.12428, -0.121723, -0.028446, 0.186538, 0.017966, 0.145397, 0.173149, 0.089415, -0.135588, -0.132671, 0.104922, -0.159103, -0.04179, -0.045005, -0.125481, -0.122187, 0.029578, 0.185284, -7.7e-05, -0.003528, -0.023665, -0.001092, 0.007139, -0.000323, -0.009922, 0.064856, 0.021705, 0.007223, 0.004405, -0.000202, -0.015607, 0.001317, 7.8e-05, 0.003568, 0.023774, 0.001078, -0.007218, -0.000322, 0.009726, -0.065103, 0.021878, -0.007314, -0.004346, -0.000196, 0.015777, 0.001311, -1.3e-05, -0.0001, -0.000118, -5.4e-05, -0.000169, 0.06982, -6.3e-05, -0.000196, 0.195808, 4.1e-05, -0.000137, 0.057301, -0.000313, 0.178712, 0.000923, 0.000496, -0.001491, -3.6e-05, 0.21744, -0.017647, -0.073023, -0.018819, 0.007037, -0.012297, -0.025584, -0.110198, 0.00032, 0.00971, -0.032197, 0.025595, 0.110254, -6.6e-05, -0.009646, -0.032232, 0.017477, 0.072321, 0.018739, -0.00705, -0.011987, -6e-05, -0.006529, -1.1e-05, 2.7e-05, -7e-06, -0.000442, -0.014644, 7.2e-05, 0.000315, -8.9e-05, 0.000474, 0.014979, -8.1e-05, -0.000343, -9.5e-05, 5.9e-05, 0.00652, 1e-05, -2.6e-05, -7e-06, 0.011966, 0.048279, 0.00076, 0.016029, -0.00311, -4e-05, -0.000166, -4.2e-05, -4.1e-05, 0.003868, -0.011965, -0.048274, -0.00073, -0.01603, -0.003108], [0.0, -0.0, 0.0, 0.530759, 0.0, 0.0, 1.0, 0.0, 0.0, 0.0, 0.0, 0.0, 0.0, 0.0, -0.040374, -0.158716, -0.206274, 0.148435, 0.06993, -0.104011, 0.453841, 0.12039, -0.179065, 0.110407, -0.085291, 0.126859, 0.023841, 0.058501, -0.040837, -0.160521, -0.208603, 0.147456, 0.070762, 0.104922, 0.452164, 0.12181, 0.180614, 0.111325, -0.084783, -0.125712, 0.023863, -0.059043, -0.004483, -0.025863, -0.052141, 0.039249, 0.029229, -0.009922, 0.195104, 0.087846, -0.02982, 0.02737, -0.064697, 0.021962, -0.021023, 0.016132, -0.004404, -0.025373, -0.051069, 0.039681, 0.028668, 0.009726, 0.196428, 0.085983, 0.02917, 0.026869, -0.065362, -0.022174, -0.02061, -0.015802, -0.036258, -0.142193, -0.184327, 0.159462, -0.113357, -6.3e-05, 0.47303, -0.194501, -0.000108, 0.10137, 0.165444, 9.2e-05, -0.057634, -6.4e-05, 0.563713, 0.533575, -0.023185, -0.007517, -0.00074, -0.188962, -0.329538, -0.0749, 0.050371, -0.115878, 0.002185, 0.003859, 0.057824, -0.000562, 0.002071, 0.000451, 0.000796, 0.057838, -0.000115, -0.000428, -0.189986, -0.331325, -0.076365, 0.051234, 0.115387, -0.010325, -0.052244, -0.00062, 0.010624, -0.004299, 0.014102, 0.048355, 0.006783, -0.014554, 0.006268, 0.015086, 0.050942, 0.006849, -0.015525, -0.006661, -0.01001, -0.050878, -0.000449, 0.010323, 0.004197, -0.011353, -0.019639, 0.060608, -0.010076, 0.004533, -0.185149, -0.323181, -0.069917, -0.126415, -0.000258, -0.010904, -0.018862, 0.060647, -0.009678, -0.004353], [0.0, -0.0, 0.0, 0.0, 0.530759, 0.0, 0.0, 1.0, 0.0, 0.0, 0.0, 0.0, 0.0, 0.0, 0.061873, 0.243229, 0.31611, 0.06993, 0.086902, 0.159395, 0.12039, 0.347905, 0.274413, 0.022985, 0.033071, 0.058501, -0.147492, 0.075382, 0.061924, 0.243412, 0.316324, 0.070762, 0.086818, -0.159103, 0.12181, 0.347781, -0.273882, 0.023517, 0.033408, -0.059043, -0.147228, -0.075116, 0.029306, 0.169057, 0.340828, 0.029229, -0.147337, 0.064856, 0.087846, -0.365679, 0.194922, -0.05426, -0.036513, 0.016132, 0.065456, -0.081019, 0.029483, 0.16985, 0.341853, 0.028668, -0.147937, -0.065103, 0.085983, -0.366294, -0.195262, -0.054598, -0.035776, -0.015802, 0.06564, 0.081246, -0.113082, -0.443474, -0.574885, -0.113357, -0.157733, -0.000196, -0.194501, -0.071221, -0.000336, -0.034417, -0.05037, -6.4e-05, 0.022653, -8.7e-05, 0.013557, 0.012833, -0.007517, 0.28918, -1.8e-05, 0.070657, 0.123221, 0.050371, 0.040977, 0.043329, 0.066312, 0.117139, -0.000562, 0.040777, 0.062879, 0.065846, 0.116318, -0.000115, 0.041011, -0.062471, 0.071479, 0.124655, 0.051234, 0.040535, -0.043412, 0.026051, 0.131817, 0.010624, -0.023214, 0.010846, 0.061651, 0.211404, -0.014554, -0.053516, 0.027405, 0.063589, 0.21473, -0.015525, -0.054908, -0.028079, 0.02585, 0.131394, 0.010323, -0.023111, -0.01084, -0.239483, -0.414278, -0.010076, -0.151466, 0.095617, -0.180616, -0.31527, -0.126415, -0.063651, -0.000252, -0.239514, -0.414326, -0.009678, -0.151514, -0.095619], [-0.0, 0.0, -0.0, 0.0, 0.0, 0.530759, 0.0, 0.0, 1.0, -0.0, 0.0, 0.0, -0.0, 0.0, -0.092028, -0.361771, -0.470173, -0.104011, 0.159395, -0.043013, -0.179065, 0.274413, 0.124247, -0.034188, 0.058501, -0.01461, -0.110692, 0.022389, 0.091819, 0.360921, 0.469031, 0.104922, -0.159103, -0.04179, 0.180614, -0.273882, 0.126393, 0.034871, -0.059043, -0.014318, 0.110993, 0.021712, -0.009948, -0.057387, -0.115696, -0.009922, 0.064856, 0.021705, -0.02982, 0.194922, 0.142376, 0.018419, 0.016132, 0.005534, -0.071078, -0.036172, 0.010002, 0.057622, 0.115974, 0.009726, -0.065103, 0.021878, 0.02917, -0.195262, 0.14303, -0.018523, -0.015802, 0.005443, 0.071338, -0.036434, -6.3e-05, -0.000245, -0.000318, -6.3e-05, -0.000196, 0.195808, -0.000108, -0.000336, 0.535393, -1.9e-05, -6.4e-05, 0.064897, -0.000211, 0.202402, 0.001335, 0.001264, -0.00074, -1.8e-05, 0.289359, -0.162545, -0.283468, -0.115878, 0.043329, -0.039867, -0.244328, -0.431601, 0.002071, 0.062879, -0.173834, 0.24445, 0.431829, -0.000428, -0.062471, -0.174085, 0.160982, 0.280744, 0.115387, -0.043412, -0.037961, -0.010541, -0.053335, -0.004299, 0.010846, -0.000797, -0.026553, -0.091052, 0.006268, 0.027405, -0.001691, 0.027285, 0.092138, -0.006661, -0.028079, -0.001517, 0.010511, 0.053428, 0.004197, -0.01084, -0.00086, 0.107732, 0.186364, 0.004533, 0.095617, 0.018072, -0.000369, -0.000644, -0.000258, -0.000252, 0.05967, -0.107723, -0.186346, -0.004353, -0.095619, 0.018082], [-0.0, 0.0, 0.0, 0.0, 0.0, 0.0, 0.0, 0.0, -0.0, 1.0, 0.0, 0.0, 0.0, 0.0, -0.019782, -0.081773, -0.047289, -0.129833, 0.031408, -0.046715, -0.110407, -0.022985, 0.034188, -0.033118, 0.119562, -0.177833, -0.023127, -0.05675, -0.019556, -0.080792, -0.04671, -0.130643, 0.030352, 0.045005, -0.111325, -0.023517, -0.034871, -0.036169, 0.120122, 0.178112, -0.023725, 0.058701, -0.000346, -0.012481, -0.036878, -0.005496, 0.021278, -0.007223, -0.02737, 0.05426, -0.018419, 0.021967, 0.018995, -0.006448, -0.028909, 0.022183, -0.000352, -0.012644, -0.037116, -0.005435, 0.021559, 0.007314, -0.026869, 0.054598, 0.018523, 0.022364, 0.018776, 0.00637, -0.029283, -0.022453, -0.02254, -0.091516, -0.052508, -0.123067, -0.074286, -4.1e-05, -0.10137, 0.034417, 1.9e-05, -0.004669, -0.207764, -0.000115, 0.045352, 5e-05, 0.402547, 0.079307, -0.177885, -0.022776, -0.002243, 0.016776, 0.026435, 0.008319, -0.011244, 0.025867, -0.026736, -0.043865, 0.000586, 0.010534, -0.038811, -0.026739, -0.043873, 0.000121, 0.010462, 0.038838, 0.017264, 0.027205, 0.009032, -0.011627, -0.026185, -0.000166, -0.007089, -4.6e-05, 8.2e-05, -3.3e-05, -0.001352, -0.017326, 0.000345, 0.001076, -0.000463, -0.001434, -0.017519, 0.000387, 0.001155, 0.000496, -0.000166, -0.007201, -4.5e-05, 8.2e-05, 3.3e-05, -0.028909, -0.044408, -0.003242, -0.039889, 0.017944, 0.015066, 0.023809, 0.005945, 0.026515, 5.4e-05, -0.028922, -0.044428, -0.003115, -0.039917, -0.017953], [0.0, 0.0, 0.0, -0.0, 0.0, 0.0, 0.0, 0.0, 0.0, 0.0, 1.0, 0.0, 0.0, 0.0, -0.018942, -0.078302, -0.045282, 0.042216, 0.02043, -0.12428, 0.085291, -0.033071, -0.058501, 0.119562, -0.012129, 0.088404, 0.146919, 0.031805, -0.019183, -0.079253, -0.045821, 0.041044, 0.020757, 0.125481, 0.084783, -0.033408, 0.059043, 0.120122, -0.011883, -0.086004, 0.148055, -0.032252, -0.000172, -0.006191, -0.018292, 0.006471, 0.011682, -0.004405, 0.064697, 0.036513, -0.016132, 0.018995, -0.023418, 0.008834, -0.017748, 0.015842, -0.00017, -0.006112, -0.017943, 0.006646, 0.011533, 0.004346, 0.065362, 0.035776, 0.015802, 0.018776, -0.024029, -0.009061, -0.017509, -0.015619, 0.031516, 0.127956, 0.073416, -0.099154, 0.19083, 0.000137, -0.165444, 0.05037, 6.4e-05, -0.207764, -0.186397, -0.000136, 0.144119, 0.000235, 0.016774, 0.003305, -0.018098, 0.443356, -6.8e-05, -0.019397, -0.030566, -0.02169, -0.002693, -0.022698, 0.000209, 0.000343, 0.004178, 3.6e-05, 0.000374, 4.3e-05, 7e-05, 0.004151, 8e-06, -7.7e-05, -0.019729, -0.031089, -0.022233, -0.002475, 0.022864, -0.000268, -0.011457, -3.9e-05, 0.000143, -6.1e-05, 0.000991, 0.012701, 4.5e-05, -0.000837, 0.000385, 0.0011, 0.013436, 3.5e-05, -0.000942, -0.000432, -0.000257, -0.01116, -3.6e-05, 0.000137, 5.9e-05, 0.003963, 0.006088, -0.016132, 0.005991, -0.003046, 0.048565, 0.076747, 0.052837, 0.050951, 0.000129, 0.003807, 0.005848, -0.01616, 0.005755, 0.002925], [0.0, 0.0, 0.0, 0.0, 0.0, 0.0, 0.0, 0.0, 0.0, 0.0, 0.0, 1.0, 0.0, 0.0, 0.028175, 0.116464, 0.067351, -0.062791, -0.12428, 0.121723, -0.126859, -0.058501, 0.01461, -0.177833, 0.088404, -0.084182, 0.029581, -0.148414, -0.028444, -0.117513, -0.067941, 0.060859, 0.125481, 0.122187, 0.125712, 0.059043, 0.014318, 0.178112, -0.086004, -0.081402, -0.030835, -0.149012, 5.8e-05, 0.002101, 0.006209, -0.002197, -0.004405, 0.000202, -0.021962, -0.016132, -0.005534, -0.006448, 0.008834, -0.000392, 0.009552, -0.000781, -5.8e-05, -0.002074, -0.006087, 0.002255, 0.004346, 0.000196, 0.022174, 0.015802, -0.005443, 0.00637, -0.009061, -0.000395, -0.009422, -0.000758, 1.7e-05, 7.1e-05, 4.1e-05, -5.5e-05, 0.000137, -0.057301, -9.2e-05, 6.4e-05, -0.064897, -0.000115, -0.000136, 0.059976, 0.000231, -0.136744, 0.001652, 0.000325, -0.001782, -6.8e-05, 0.444042, 0.044623, 0.070316, 0.049899, -0.022698, 0.039657, -0.000771, -0.001266, -0.015394, 0.000374, -0.001239, 0.000159, 0.000261, 0.015412, -7.7e-05, -0.000256, -0.044434, -0.070018, -0.050073, 0.022864, 0.038867, 0.000108, 0.004636, 1.6e-05, -6.1e-05, 1.7e-05, -0.000427, -0.00547, -1.9e-05, 0.000385, -0.000109, 0.000472, 0.005765, 1.5e-05, -0.000432, -0.00012, -0.000105, -0.004538, -1.5e-05, 5.9e-05, 1.6e-05, -0.001783, -0.002739, 0.007257, -0.003046, 0.00059, 9.9e-05, 0.000157, 0.000108, 0.000129, -0.01226, 0.001712, 0.00263, -0.007268, 0.002925, 0.000567], [-0.0, -0.0, -0.0, 0.0, -0.0, 0.0, 0.0, 0.0, -0.0, 0.0, 0.0, 0.0, 1.0, 0.0, -0.017596, -0.072734, -0.042062, -0.050647, 0.174355, 0.028446, -0.023841, 0.147492, 0.110692, -0.023127, 0.146919, 0.029581, -0.249844, 0.144775, -0.017433, -0.072021, -0.041639, -0.050715, 0.173757, -0.029578, -0.023863, 0.147228, -0.110993, -0.023725, 0.148055, -0.030835, -0.249868, -0.143068, 0.000496, 0.017902, 0.052895, 0.00574, -0.029066, 0.015607, 0.021023, -0.065456, 0.071078, -0.028909, -0.017748, 0.009552, 0.031876, -0.050909, 0.000504, 0.018104, 0.053144, 0.005669, -0.029386, -0.015777, 0.02061, -0.06564, -0.071338, -0.029283, -0.017509, -0.009422, 0.032197, 0.051416, 0.049146, 0.199536, 0.114485, 0.124065, 0.208226, 0.000313, 0.057634, -0.022653, 0.000211, 0.045352, 0.144119, 0.000231, 0.115321, 0.000485, 0.0002, 3.9e-05, -0.000343, 0.010671, -0.001053, -0.015566, -0.024528, -0.021175, 0.012614, -0.007411, -0.03996, -0.065561, 0.000638, 0.023533, -0.055896, -0.040047, -0.06571, 0.000132, 0.02341, 0.056084, -0.015114, -0.023816, -0.020671, 0.012528, 0.006816, 0.000282, 0.012087, 6.3e-05, -0.000139, 7.3e-05, 0.001765, 0.022614, -0.000364, -0.001343, 0.000793, 0.001891, 0.023105, -0.000411, -0.001458, -0.000861, 0.000277, 0.012028, 6e-05, -0.000136, -7.2e-05, 0.033341, 0.051218, 0.0027, 0.040508, -0.033025, 0.023688, 0.037434, 0.031605, 0.018872, 8.7e-05, 0.033353, 0.051235, 0.002594, 0.040532, 0.033032], [0.0, 0.0, 0.0, 0.0, 0.0, -0.0, 0.0, 0.0, 0.0, 0.0, 0.0, 0.0, 0.0, 1.0, -0.043177, -0.178478, -0.103213, -0.12428, 0.046567, -0.186538, -0.058501, -0.075382, -0.022389, -0.05675, 0.031805, -0.148414, 0.144775, 0.046413, 0.043132, 0.178196, 0.103025, 0.125481, -0.04667, -0.185284, 0.059043, 0.075116, -0.021712, 0.058701, -0.032252, -0.149012, -0.143068, 0.046291, -0.000381, -0.013736, -0.040587, -0.004405, 0.025921, -0.001317, -0.016132, 0.081019, 0.036172, 0.022183, 0.015842, -0.000781, -0.050909, 0.004594, 0.000387, 0.013881, 0.040748, 0.004346, -0.026191, -0.001311, 0.015802, -0.081246, 0.036434, -0.022453, -0.015619, -0.000758, 0.051416, 0.004563, 5.4e-05, 0.000221, 0.000127, 0.000137, 0.000329, -0.178712, 6.4e-05, 8.7e-05, -0.202402, 5e-05, 0.000235, -0.136744, 0.000485, -0.32266, 4e-05, 8e-06, -6.8e-05, 0.00105, 0.010679, -0.016685, -0.026293, -0.022698, -0.002316, -0.014828, -0.023415, -0.038417, 0.000374, -0.004067, -0.0376, 0.023262, 0.038169, -7.7e-05, 0.004226, -0.037378, 0.016717, 0.026343, 0.022864, 0.002097, -0.014623, -0.000273, -0.011696, -6.1e-05, 0.000146, -4.2e-05, -0.001867, -0.023916, 0.000385, 0.001576, -0.000476, 0.001989, 0.024302, -0.000432, -0.001704, -0.000508, 0.00027, 0.011719, 5.9e-05, -0.000144, -4.2e-05, -0.037608, -0.057772, -0.003046, -0.056848, 0.01245, 9.7e-05, 0.000153, 0.000129, 0.000101, -0.01196, 0.037609, 0.057773, 0.002925, 0.056859, 0.012446], [0.000273, 0.010646, 0.053887, -0.007894, 0.012098, -0.017994, -0.040374, 0.061873, -0.092028, -0.019782, -0.018942, 0.028175, -0.017596, -0.043177, 1.0, -0.2157, 0.19014, 0.0, -0.0, -0.0, 0.0, -0.0, 0.0, -0.0, 0.0, -0.0, -0.0, 0.0, 2e-06, 0.000125, 0.009016, 1e-06, -0.0, -0.000285, 8.1e-05, -6e-06, -0.033217, -0.000434, -0.0, -4e-06, -0.000752, 0.0, 0.000273, 0.010641, 0.053879, -0.002676, -0.021993, -0.006415, -0.013691, -0.112519, -0.032819, -0.029245, 0.011679, 0.003406, 0.043908, 0.027996, 2e-06, 8.7e-05, 0.007598, -1.5e-05, -0.000118, -0.000159, -0.002199, -0.017246, -0.023186, -0.000296, 4.7e-05, 6.3e-05, -0.000149, 0.000496, 1e-06, 5.1e-05, 0.005824, -3e-06, 0.000102, -5.4e-05, -0.000535, 0.020655, -0.010933, -0.000174, -1.2e-05, 6e-06, 0.000169, -0.000249, 0.000599, 0.022689, -0.00029, 0.000138, -0.000213, 0.055727, 0.095519, 0.098947, 0.019274, 0.016184, 0.056189, 0.095751, -0.050965, 0.021307, 0.087096, 1e-06, 0.001456, -0.0, 0.0, -0.0, 2.3e-05, 0.006508, 6e-06, 1e-06, -1.3e-05, 0.000534, 0.021802, 9.8e-05, -0.000328, -3e-06, 0.000562, 0.022193, -0.000188, -0.000308, -8e-06, 2e-06, 0.00239, -0.0, -1e-06, -1e-06, 2e-06, 0.002112, 0.0, -1e-06, -1e-06, 0.0, 0.000997, -0.0, 0.0, -0.0, 1.9e-05, 0.00596, 4e-06, 9e-06, -5e-06, 1.7e-05, 0.005716, -2e-06, 1e-05, -1e-06], [0.010646, 0.123232, 0.271296, -0.063917, 0.097952, -0.145691, -0.158716, 0.243229, -0.361771, -0.081773, -0.078302, 0.116464, -0.072734, -0.178478, -0.2157, 1.0, 0.718332, -0.0, -0.0, -0.0, -0.0, 0.0, -0.0, 0.0, 0.0, 0.0, -0.0, 0.0, 0.000125, 0.00617, 0.066473, 3.1e-05, -2e-06, -0.012537, 0.000461, -3.2e-05, -0.18875, -0.014837, -0.0, -0.000125, -0.025699, 9e-06, 0.010641, 0.1232, 0.271261, -0.021671, -0.178107, -0.051949, -0.053821, -0.442337, -0.129019, -0.120919, 0.048288, 0.014084, 0.18155, 0.115755, 8.7e-05, 0.004594, 0.058021, -0.000721, -0.005658, -0.007606, -0.012926, -0.101383, -0.136303, -0.011386, 0.001812, 0.002436, -0.005739, 0.019109, 5.1e-05, 0.0029, 0.046943, -0.000141, 0.005446, -0.002883, -0.003316, 0.127949, -0.067723, -0.00782, -0.000549, 0.000291, 0.007624, -0.011212, 0.016485, 0.131709, -0.015139, 0.007229, -0.011144, 0.310157, 0.429328, 0.344828, 0.067169, 0.056401, 0.311685, 0.43018, -0.176269, 0.073695, 0.301235, 5.8e-05, 0.013337, -4e-06, 2e-06, -2.4e-05, 0.001267, 0.046722, 0.00039, 7.3e-05, -0.000924, 0.015192, 0.127442, 0.005243, -0.017587, -0.000185, 0.015755, 0.129327, -0.009957, -0.016329, -0.000428, 0.00016, 0.02022, -3e-05, -4.9e-05, -6.2e-05, 0.000124, 0.018225, 1.2e-05, -4e-05, -4.5e-05, 2.6e-05, 0.009694, -1e-06, 7e-06, -6e-06, 0.001057, 0.043416, 0.000299, 0.00067, -0.000343, 0.00097, 0.041927, -0.000112, 0.000718, -7.9e-05], [0.053887, 0.271296, 0.515207, -0.07614, 0.116683, -0.173552, -0.206274, 0.31611, -0.470173, -0.047289, -0.045282, 0.067351, -0.042062, -0.103213, 0.19014, 0.718332, 1.0, 0.0, -0.0, 0.0, 0.0, 0.0, 0.0, 0.0, 0.0, 0.0, -0.0, 0.0, 0.009016, 0.066473, 0.200105, 0.000191, -1.3e-05, -0.078277, 0.000912, -6.3e-05, -0.373612, -0.040813, -0.0, -0.000345, -0.070691, 2.4e-05, 0.053879, 0.271261, 0.515162, -0.025819, -0.212198, -0.061893, -0.069951, -0.574901, -0.167684, -0.069935, 0.027928, 0.008146, 0.105002, 0.066949, 0.007598, 0.058021, 0.18272, -0.005293, -0.041513, -0.055812, -0.026666, -0.209156, -0.281196, -0.036806, 0.005858, 0.007875, -0.018551, 0.061771, 0.005824, 0.046943, 0.158621, -0.001332, 0.051384, -0.027198, -0.007297, 0.281597, -0.149048, -0.03253, -0.002283, 0.001209, 0.031716, -0.046641, 0.104173, 0.313535, -0.072277, 0.034514, -0.053204, 0.456143, 0.732958, 0.236712, 0.046109, 0.038717, 0.457284, 0.734007, -0.120731, 0.050476, 0.206323, 0.006263, 0.061341, -0.00107, 0.000468, -0.006725, 0.028994, 0.149557, 0.011783, 0.002201, -0.027924, 0.100003, 0.306227, 0.026538, -0.089023, -0.000939, 0.10184, 0.309463, -0.049104, -0.080525, -0.002112, 0.0104, 0.082421, -0.004081, -0.006524, -0.008255, 0.009162, 0.076558, 0.001855, -0.006486, -0.007326, 0.00425, 0.048923, -0.000568, 0.003674, -0.002753, 0.026495, 0.141937, 0.010302, 0.023083, -0.011815, 0.025385, 0.138454, -0.004106, 0.026317, -0.002882], [0.007894, 0.063917, 0.07614, 0.029456, 0.059569, -0.088602, 0.148435, 0.06993, -0.104011, -0.129833, 0.042216, -0.062791, -0.050647, -0.12428, 0.0, -0.0, 0.0, 1.0, 0.0, 0.0, 0.530759, 0.0, 0.0, -0.0, 0.0, -0.0, 0.0, 0.0, -1e-06, -3.1e-05, -0.000191, 0.002414, 0.0, 6.6e-05, 0.046462, 0.0, 0.000551, 0.000109, -2e-06, -0.010248, 0.000139, -0.0, 0.002676, 0.021671, 0.025819, 0.063836, -0.036733, -0.010714, 0.188794, -0.04313, -0.01258, -0.053267, -0.164496, -0.047979, 0.042871, 0.027334, 1.5e-05, 0.000721, 0.005293, 0.001644, -0.000935, -0.001257, 0.039315, -0.009378, -0.012609, -0.00262, -0.004266, -0.005736, -0.000981, 0.003267, 3e-06, 0.000141, 0.001332, 0.001075, 0.000278, -0.000147, 0.032635, 0.003676, -0.001946, -0.000542, 0.004309, -0.002281, 0.000402, -0.000591, 0.022531, 0.089291, -0.020741, 0.011937, -0.018401, -0.378379, -0.202954, -0.373945, -0.115304, -0.09682, 0.193616, 0.10345, 0.065251, 0.064498, 0.263639, 2.2e-05, 0.002687, 1e-06, 1e-06, -1e-05, -0.001043, -0.02006, -0.000234, -7.2e-05, 0.000911, -0.007939, -0.03312, 0.000516, 0.011103, 0.000117, 0.014962, 0.061006, -0.007411, -0.018733, -0.000491, 0.000134, 0.009005, -2e-05, -4.8e-05, -6.1e-05, -5.4e-05, -0.004227, 1e-06, 2.1e-05, 2.3e-05, 8e-06, 0.001575, 1e-06, 3e-06, -2e-06, -0.000836, -0.017942, -0.000164, -0.000634, 0.000325, 0.00032, 0.007228, 6.2e-05, 0.000283, -3.1e-05], [-0.012098, -0.097952, -0.116683, 0.059569, -0.022962, 0.135781, 0.06993, 0.086902, 0.159395, 0.031408, 0.02043, -0.12428, 0.174355, 0.046567, -0.0, -0.0, -0.0, 0.0, 1.0, 0.0, 0.0, 0.530759, 0.0, 0.0, -0.0, 0.0, 0.0, -0.0, 0.0, 2e-06, 1.3e-05, 0.0, 0.002414, -5e-06, 0.0, 0.046464, -3.8e-05, -5e-06, 2.5e-05, -0.0, -1.1e-05, -0.010248, 0.021993, 0.178107, 0.212198, -0.036733, -0.233592, -0.088056, -0.04313, -0.160431, -0.103391, -0.133118, 0.072313, 0.027334, 0.176445, 0.173347, 0.000118, 0.005658, 0.041513, -0.000935, -0.005568, -0.009856, -0.009378, -0.033048, -0.098895, -0.012627, 0.001847, 0.003267, -0.012272, 0.019473, -0.000102, -0.005446, -0.051384, 0.000278, -0.00964, 0.005675, 0.003676, -0.109126, 0.075084, 0.013392, 0.001003, -0.000591, -0.011161, 0.020496, -0.010759, -0.042638, 0.011937, -0.001443, 0.008787, -0.073704, -0.039533, -0.115304, 0.195538, -0.018859, -0.080948, -0.043251, 0.064498, 0.192556, -0.110223, -9e-06, -0.001176, 1e-06, 2e-06, 5e-06, -0.000195, -0.003747, -7.2e-05, 0.000137, 0.00017, 0.026632, 0.111104, 0.011103, -0.033421, -0.000393, 0.024535, 0.100042, -0.018733, -0.026707, -0.000806, 0.000214, 0.014398, -4.8e-05, -6.6e-05, -9.7e-05, 0.000189, 0.014783, 2.1e-05, -6.4e-05, -8.1e-05, -5.1e-05, -0.010184, 3e-06, -1.6e-05, 1.2e-05, -0.001873, -0.040202, -0.000634, -0.001302, 0.000727, -0.002048, -0.046331, 0.000283, -0.001707, 0.000199], [0.017994, 0.145691, 0.173552, -0.088602, 0.135781, -0.133629, -0.104011, 0.159395, -0.043013, -0.046715, -0.12428, 0.121723, 0.028446, -0.186538, -0.0, -0.0, 0.0, 0.0, 0.0, 1.0, 0.0, 0.0, 0.530759, 0.0, 0.0, -0.0, 0.0, 0.0, 0.000285, 0.012537, 0.078277, 6.6e-05, -5e-06, -0.024466, 0.000551, -3.8e-05, -0.179107, -0.027068, -0.0, -0.000254, -0.046883, 1.8e-05, 0.006415, 0.051949, 0.061893, -0.010714, -0.088056, 0.042622, -0.01258, -0.103391, 0.163885, -0.038827, 0.027334, -0.01343, 0.154075, -0.110373, 0.000159, 0.007606, 0.055812, -0.001257, -0.009856, -0.011488, -0.012609, -0.098895, -0.092448, -0.016976, 0.003267, 0.003809, -0.004194, 0.029876, 5.4e-05, 0.002883, 0.027198, -0.000147, 0.005675, -0.001921, -0.001946, 0.075084, -0.007011, -0.007088, -0.000591, 0.0002, 0.010499, -0.007726, 0.016586, 0.065727, -0.018401, 0.008787, -0.009288, -0.061889, -0.033196, -0.09682, -0.018859, 0.202162, -0.33088, -0.176791, 0.263639, -0.110223, -0.231025, 0.000136, 0.016884, -1e-05, 5e-06, -6.3e-05, 0.002472, 0.047538, 0.000911, 0.00017, -0.002009, 0.000281, 0.001172, 0.000117, -0.000393, 0.003821, 0.000643, 0.002623, -0.000491, -0.000806, 0.003991, 0.000271, 0.018217, -6.1e-05, -9.7e-05, -0.000112, 0.000213, 0.016697, 2.3e-05, -8.1e-05, -8.4e-05, 3.8e-05, 0.007632, -2e-06, 1.2e-05, -8e-06, 0.000958, 0.020576, 0.000325, 0.000727, -0.000253, 0.000224, 0.005074, -3.1e-05, 0.000199, 8.4e-05], [0.040374, 0.158716, 0.206274, 0.148435, 0.06993, -0.104011, 0.453841, 0.12039, -0.179065, -0.110407, 0.085291, -0.126859, -0.023841, -0.058501, 0.0, -0.0, 0.0, 0.530759, 0.0, 0.0, 1.0, 0.0, 0.0, 0.0, 0.0, 0.0, 0.0, 0.0, -8.1e-05, -0.000461, -0.000912, 0.046462, 0.0, 0.000551, 0.216689, 0.0, 0.001618, 0.000499, -1.4e-05, -0.080544, 0.000471, -0.0, 0.013691, 0.053821, 0.069951, 0.188794, -0.04313, -0.01258, 0.523321, -0.074256, -0.021659, -0.041794, -0.196416, -0.05729, 0.020184, 0.012869, 0.002199, 0.012926, 0.026666, 0.039315, -0.009378, -0.012609, 0.195062, -0.028998, -0.038986, -0.014218, -0.041773, -0.056162, -0.003973, 0.013231, 0.000535, 0.003316, 0.007297, 0.032635, 0.003676, -0.001946, 0.173438, 0.012304, -0.006513, -0.003819, 0.053703, -0.028425, 0.002152, -0.003165, 0.199601, 0.34331, -0.083793, 0.069622, -0.107323, -0.54648, -0.51707, -0.003851, -0.057168, -0.048004, 0.278641, 0.263378, 0.214259, 0.031829, 0.130104, 0.004283, 0.022605, 0.002413, 0.000348, -0.004998, -0.038368, -0.110156, -0.000481, -0.003112, 0.039477, -0.073663, -0.128799, 0.038817, 0.06907, 0.000728, 0.135993, 0.236046, -0.0085, -0.113235, -0.002969, 0.015242, 0.065797, -0.000978, -0.010333, -0.013074, -0.007048, -0.031994, 0.003253, 0.0054, 0.006099, 0.0024, 0.014766, 0.001778, 0.002264, -0.001697, -0.033948, -0.101031, 0.000596, -0.03163, 0.016189, 0.013607, 0.041192, 0.011708, 0.015093, -0.001653], [-0.061873, -0.243229, -0.31611, 0.06993, 0.086902, 0.159395, 0.12039, 0.347905, 0.274413, -0.022985, -0.033071, -0.058501, 0.147492, -0.075382, -0.0, 0.0, 0.0, 0.0, 0.530759, 0.0, 0.0, 1.0, 0.0, 0.0, 0.0, 0.0, 0.0, 0.0, 6e-06, 3.2e-05, 6.3e-05, 0.0, 0.046464, -3.8e-05, 0.0, 0.216693, -0.000112, -1.1e-05, 0.000197, -0.0, -4.6e-05, -0.080546, 0.112519, 0.442337, 0.574901, -0.04313, -0.160431, -0.103391, -0.074256, -0.077929, -0.178005, 0.006013, 0.01957, 0.012869, -0.035897, 0.046914, 0.017246, 0.101383, 0.209156, -0.009378, -0.033048, -0.098895, -0.028998, -0.028688, -0.305787, -0.03699, 0.004355, 0.013231, -0.074193, 0.045925, -0.020655, -0.127949, -0.281597, 0.003676, -0.109126, 0.075084, 0.012304, -0.30108, 0.251329, 0.05408, 0.004583, -0.003165, -0.029185, 0.093615, -0.095314, -0.163939, 0.069622, 0.028759, 0.051249, -0.106448, -0.10072, -0.057168, 0.278501, -0.009351, -0.116495, -0.110114, 0.031829, 0.277082, -0.054394, -0.001874, -0.009892, 0.000348, 0.003056, 0.002187, -0.007167, -0.020576, -0.003112, 0.015595, 0.007374, 0.247112, 0.432072, 0.06907, -0.172296, -0.002444, 0.22301, 0.387083, -0.113235, -0.125138, -0.004869, 0.024369, 0.105195, -0.010333, -0.011035, -0.020903, 0.024648, 0.111887, 0.0054, -0.014086, -0.021329, -0.015514, -0.095453, 0.002264, -0.012509, 0.01097, -0.076065, -0.226378, -0.03163, -0.05616, 0.036273, -0.087213, -0.264022, 0.015093, -0.082677, 0.010595], [0.092028, 0.361771, 0.470173, -0.104011, 0.159395, -0.043013, -0.179065, 0.274413, 0.124247, 0.034188, -0.058501, 0.01461, 0.110692, -0.022389, 0.0, -0.0, 0.0, 0.0, 0.0, 0.530759, 0.0, 0.0, 1.0, -0.0, 0.0, 0.0, -0.0, 0.0, 0.033217, 0.18875, 0.373612, 0.000551, -3.8e-05, -0.179107, 0.001618, -0.000112, -0.446069, -0.064978, -0.0, -0.000746, -0.112548, 5.1e-05, 0.032819, 0.129019, 0.167684, -0.01258, -0.103391, 0.163885, -0.021659, -0.178005, 0.480437, 0.001754, 0.012869, -0.020798, 0.107241, -0.170935, 0.023186, 0.136303, 0.281196, -0.012609, -0.098895, -0.092448, -0.038986, -0.305787, -0.212352, -0.049731, 0.013231, 0.012302, 0.01595, 0.096488, 0.010933, 0.067723, 0.149048, -0.001946, 0.075084, -0.007011, -0.006513, 0.251329, 0.040729, -0.028624, -0.003165, 0.000279, 0.072461, -0.010781, 0.146927, 0.252713, -0.107323, 0.051249, -0.016996, -0.089384, -0.084573, -0.048004, -0.009351, 0.281785, -0.476184, -0.450099, 0.130104, -0.054394, 0.068048, 0.026919, 0.142069, -0.004998, 0.002187, -0.028201, 0.090927, 0.261052, 0.039477, 0.007374, -0.077378, 0.002606, 0.004557, 0.000728, -0.002444, 0.059381, 0.005848, 0.01015, -0.002969, -0.004869, 0.060424, 0.030834, 0.133104, -0.013074, -0.020903, -0.020963, 0.02784, 0.126378, 0.006099, -0.021329, -0.019294, 0.011627, 0.071535, -0.001697, 0.01097, -0.006093, 0.038932, 0.115864, 0.016189, 0.036273, -0.003854, 0.009552, 0.028916, -0.001653, 0.010595, 0.012902], [-0.019782, -0.081773, -0.047289, 0.129833, -0.031408, 0.046715, 0.110407, 0.022985, -0.034188, -0.033118, 0.119562, -0.177833, -0.023127, -0.05675, -0.0, 0.0, 0.0, -0.0, 0.0, 0.0, 0.0, 0.0, -0.0, 1.0, 0.0, 0.0, 0.0, 0.0, -0.000434, -0.014837, -0.040813, -0.000109, 5e-06, 0.027068, -0.000499, 1.1e-05, 0.064978, 0.029514, 0.0, 0.0004, 0.04435, -1.5e-05, -0.029245, -0.120919, -0.069935, 0.053267, 0.133118, 0.038827, 0.041794, -0.006013, -0.001754, 0.103567, -0.094826, -0.027658, -0.021593, -0.013768, -0.000296, -0.011386, -0.036806, 0.00262, 0.012627, 0.016976, 0.014218, 0.03699, 0.049731, 0.023072, -0.005897, -0.007928, 0.010382, -0.034572, -0.000174, -0.00782, -0.03253, 0.000542, -0.013392, 0.007088, 0.003819, -0.05408, 0.028624, 0.017801, 0.001908, -0.00101, -0.015667, 0.023039, 0.020671, 0.031186, -0.013033, 0.017835, -0.027494, 0.366339, 0.072069, 0.111049, 0.167083, 0.140298, -0.053967, -0.010575, 0.300501, 0.034193, 0.139767, -0.000196, -0.009548, 2.2e-05, -8e-06, 0.000109, -0.001881, -0.013919, -0.001256, -0.000129, 0.001642, -0.021039, -0.033425, -0.016783, 0.028155, 0.000297, -0.00537, -0.008337, 0.01587, -0.000149, -4e-06, -0.000328, -0.008577, 0.000119, 0.000126, 0.00016, -0.000383, -0.011703, -6.3e-05, 0.000166, 0.000187, -9.8e-05, -0.007677, 7e-06, -3.7e-05, 2.8e-05, -0.001727, -0.014281, -0.001028, -0.001343, 0.000687, -0.002518, -0.021946, 0.000548, -0.002487, 0.000272], [-0.018942, -0.078302, -0.045282, -0.042216, -0.02043, 0.12428, -0.085291, 0.033071, 0.058501, 0.119562, -0.012129, 0.088404, 0.146919, 0.031805, 0.0, 0.0, 0.0, 0.0, -0.0, 0.0, 0.0, 0.0, 0.0, 0.0, 1.0, 0.0, 0.0, 0.0, -0.0, -0.0, -0.0, 2e-06, -2.5e-05, 0.0, 1.4e-05, -0.000197, 0.0, 0.0, 0.003909, -7e-06, 0.0, 0.000106, 0.011679, 0.048288, 0.027928, 0.164496, -0.072313, -0.027334, 0.196416, -0.01957, -0.012869, -0.094826, -0.301248, -0.115705, 0.046358, 0.047349, 4.7e-05, 0.001812, 0.005858, 0.004266, -0.001847, -0.003267, 0.041773, -0.004355, -0.013231, -0.005897, -0.008392, -0.014865, -0.004044, 0.006399, -1.2e-05, -0.000549, -0.002283, -0.004309, -0.001003, 0.000591, -0.053703, -0.004583, 0.003165, 0.001908, -0.015532, 0.009144, -0.001156, 0.002125, -0.027798, -0.041937, 0.032622, -0.00474, 0.028948, 0.127729, 0.025128, 0.12831, -0.389764, 0.034722, -0.071359, -0.013983, -0.031924, 0.195481, -0.10314, -8e-06, -0.000384, -0.0, 2e-06, 5e-06, 0.000333, 0.002467, 9.5e-05, -0.000296, -0.00037, -0.026418, -0.04197, 0.0022, 0.042289, 0.000497, 0.044146, 0.068539, -0.02788, -0.061284, -0.001849, 0.000391, 0.010219, -7.3e-05, -0.000153, -0.000223, -0.00018, -0.005488, 6e-06, 7.7e-05, 9.7e-05, -3.5e-05, -0.002718, -3e-06, -1.3e-05, 1.1e-05, 0.003092, 0.025567, 0.000774, 0.00273, -0.001524, -0.001413, -0.012313, -0.000345, -0.001495, 0.000174], [0.028175, 0.116464, 0.067351, 0.062791, 0.12428, -0.121723, 0.126859, 0.058501, -0.01461, -0.177833, 0.088404, -0.084182, 0.029581, -0.148414, -0.0, 0.0, 0.0, -0.0, 0.0, -0.0, 0.0, 0.0, 0.0, 0.0, 0.0, 1.0, 0.0, 0.0, -4e-06, -0.000125, -0.000345, 0.010248, 0.0, 0.000254, 0.080544, 0.0, 0.000746, 0.0004, -7e-06, -0.039434, 0.000481, -0.0, 0.003406, 0.014084, 0.008146, 0.047979, -0.027334, 0.01343, 0.05729, -0.012869, 0.020798, -0.027658, -0.115705, 0.061695, 0.043524, -0.033246, 6.3e-05, 0.002436, 0.007875, 0.005736, -0.003267, -0.003809, 0.056162, -0.013231, -0.012302, -0.007928, -0.014865, -0.01732, -0.001372, 0.009824, 6e-06, 0.000291, 0.001209, 0.002281, 0.000591, -0.0002, 0.028425, 0.003165, -0.000279, -0.00101, 0.009144, -0.003096, 0.001089, -0.0008, 0.04285, 0.064647, -0.050288, 0.028948, -0.030585, 0.107253, 0.0211, 0.10774, 0.034722, -0.401959, -0.291686, -0.057156, -0.13049, -0.10314, -0.200881, 0.000113, 0.005515, 7e-06, 5e-06, -6.6e-05, -0.004229, -0.031296, -0.001209, -0.00037, 0.004368, -0.000279, -0.000443, 2.3e-05, 0.000497, -0.004839, 0.001158, 0.001797, -0.000731, -0.001849, 0.009166, 0.000495, 0.01293, -9.2e-05, -0.000223, -0.000258, -0.000203, -0.006199, 7e-06, 9.7e-05, 0.000101, 2.6e-05, 0.002037, 2e-06, 1.1e-05, -7e-06, -0.001582, -0.013085, -0.000396, -0.001524, 0.000532, 0.000155, 0.001349, 3.8e-05, 0.000174, 7.3e-05], [-0.017596, -0.072734, -0.042062, 0.050647, -0.174355, -0.028446, 0.023841, -0.147492, -0.110692, -0.023127, 0.146919, 0.029581, -0.249844, 0.144775, -0.0, -0.0, -0.0, 0.0, 0.0, 0.0, 0.0, 0.0, -0.0, 0.0, 0.0, 0.0, 1.0, 0.0, -0.000752, -0.025699, -0.070691, -0.000139, 1.1e-05, 0.046883, -0.000471, 4.6e-05, 0.112548, 0.04435, 0.0, 0.000481, 0.080727, -4e-05, 0.043908, 0.18155, 0.105002, -0.042871, -0.176445, -0.154075, -0.020184, 0.035897, -0.107241, -0.021593, 0.046358, 0.043524, 0.010704, 0.234421, -0.000149, -0.005739, -0.018551, 0.000981, 0.012272, 0.004194, 0.003973, 0.074193, -0.01595, 0.010382, -0.004044, -0.001372, -0.022411, -0.026702, 0.000169, 0.007624, 0.031716, -0.000402, 0.011161, -0.010499, -0.002152, 0.029185, -0.072461, -0.015667, -0.001156, 0.001089, 0.001814, -0.032826, -0.009134, -0.01378, 0.012922, -0.012875, -0.000822, 0.003669, 0.000722, 0.006098, -0.082789, 0.071512, -0.234321, -0.045915, 0.198181, -0.175133, 0.038507, -0.000353, -0.017247, 3.4e-05, -1.6e-05, 0.000198, -0.00498, -0.036853, -0.002332, -0.000496, 0.004756, 0.044306, 0.07039, 0.023564, -0.062798, -0.001005, 0.036172, 0.056159, -0.035225, -0.042653, -0.001911, -0.000188, -0.004909, 5.3e-05, 0.000122, 6e-05, -8.7e-05, -0.002647, -1.2e-05, 7.2e-05, 1.2e-05, 4.9e-05, 0.00385, -3e-06, 1.5e-05, -1.9e-05, 0.002556, 0.02114, 0.001099, 0.001907, -0.001544, 0.004473, 0.038987, -0.000784, 0.004433, -0.000615], [-0.043177, -0.178478, -0.103213, 0.12428, -0.046567, 0.186538, 0.058501, 0.075382, 0.022389, -0.05675, 0.031805, -0.148414, 0.144775, 0.046413, 0.0, 0.0, 0.0, 0.0, -0.0, 0.0, 0.0, 0.0, 0.0, 0.0, 0.0, 0.0, 0.0, 1.0, 0.0, 9e-06, 2.4e-05, 0.0, 0.010248, -1.8e-05, 0.0, 0.080546, -5.1e-05, -1.5e-05, 0.000106, -0.0, -4e-05, -0.039437, 0.027996, 0.115755, 0.066949, -0.027334, -0.173347, 0.110373, -0.012869, -0.046914, 0.170935, -0.013768, 0.047349, -0.033246, 0.234421, -0.207496, 0.000496, 0.019109, 0.061771, -0.003267, -0.019473, -0.029876, -0.013231, -0.045925, -0.096488, -0.034572, 0.006399, 0.009824, -0.026702, 0.058484, -0.000249, -0.011212, -0.046641, 0.000591, -0.020496, 0.007726, 0.003165, -0.093615, 0.010781, 0.023039, 0.002125, -0.0008, -0.032826, 0.027765, -0.020462, -0.03087, 0.028948, -0.003489, 0.014605, 0.020892, 0.00411, 0.034722, -0.063751, -0.078297, 0.121949, 0.023896, -0.10314, -0.334066, 0.083985, -4.9e-05, -0.002413, 5e-06, 1.6e-05, 2.9e-05, -0.00079, -0.005846, -0.00037, 0.000702, 0.000816, 0.000935, 0.001485, 0.000497, -0.001496, 0.016232, 0.001898, 0.002947, -0.001849, -0.002635, 0.015032, 0.000791, 0.020672, -0.000223, -0.000309, -0.000413, 0.00071, 0.021679, 9.7e-05, -0.000305, -0.000353, -0.000167, -0.013165, 1.1e-05, -6.5e-05, 4.6e-05, -0.003546, -0.02932, -0.001524, -0.003131, 0.001193, -0.000992, -0.008644, 0.000174, -0.001049, -0.000471], [0.000273, 0.010656, 0.053906, -0.00799, 0.012117, 0.017966, -0.040837, 0.061924, 0.091819, -0.019556, -0.019183, -0.028444, -0.017433, 0.043132, 2e-06, 0.000125, 0.009016, -1e-06, 0.0, 0.000285, -8.1e-05, 6e-06, 0.033217, -0.000434, -0.0, 