{"coordinates": [[[10.718, 10.294, 9.633], [9.281, 9.705, 9.634], [11.025, 11.191, 10.835], [11.78, 9.194, 9.5301], [8.974, 8.808, 10.835], [8.219, 10.805, 9.53], [10.81, 10.914, 8.732], [9.183, 9.085, 8.732], [10.979, 10.638, 11.778], [12.034, 11.611, 10.75], [10.331, 12.034, 10.896], [12.771, 9.633, 9.372], [11.83, 8.588, 10.439], [11.574, 8.53, 8.684], [9.669, 7.965, 10.896], [9.021, 9.361, 11.778], [7.965, 8.388, 10.75], [8.1688, 11.411, 10.439], [7.228, 10.365, 9.372], [8.4249, 11.469, 8.684]]], "HF": [-237.06523035937], "elements": [["C", "C", "C", "C", "C", "C", "H", "H", "H", "H", "H", "H", "H", "H", "H", "H", "H", "H", "H", "H"]], "S": [[[1.0, -0.2157, 0.19014, -0.0, -0.0, 0.0, 0.0, 0.0, 0.0, -0.0, 0.0, -0.0, -0.0, 0.0, 0.000239, 0.009387, 0.051527, -3e-06, 0.018976, 0.00778, -1.5e-05, 0.106463, 0.043648, -0.027453, -1.1e-05, -5e-06, 0.033865, 0.033378, 0.000265, 0.010366, 0.053381, -0.017669, -0.00452, -0.013191, -0.092151, -0.023574, -0.068799, 0.025307, 0.016285, 0.047526, -0.015658, 0.012158, 0.000264, 0.010305, 0.053268, 0.001516, -0.015514, 0.016063, 0.007942, -0.081269, 0.084145, -0.029267, -0.004826, 0.004997, -0.001779, -0.051132, 1e-06, 4e-05, 0.00514, -4.2e-05, 6.1e-05, 5.2e-05, -0.009807, 0.014226, 0.012128, -4.8e-05, -0.000147, -0.000125, 2.9e-05, 0.000182, 1e-06, 4.8e-05, 0.005656, 4e-06, 0.000107, -2.2e-05, 0.000927, 0.022347, -0.004567, -0.000163, 2.3e-05, -5e-06, 0.000261, -0.000111, 0.055458, 0.095383, 0.083286, -0.009035, -0.057298, 0.000609, 0.022824, 0.000164, 0.00028, 0.000221, 0.000504, 0.021363, -0.000316, -3.8e-05, -5.1e-05, 0.00055, 0.022024, -0.000181, -0.000214, -0.000214, 0.000513, 0.021497, -0.00019, 5.8e-05, -0.000261, 0.000545, 0.021954, 4.2e-05, -0.00033, 0.000106, 0.000497, 0.021261, -0.000117, -0.000161, 0.000247, 0.000528, 0.021721, 0.000147, -0.000133, 0.000274, 1.4e-05, 0.005334, -4e-06, 3e-06, 7e-06, 1.2e-05, 0.004846, -5e-06, 4e-06, 2e-06, 0.0, 0.000885, -0.0, 0.0, 0.0, 1.1e-05, 0.004752, -2e-06, 6e-06, -3e-06, 0.0, 0.000962, 0.0, 0.0, -0.0, 2.5e-05, 0.006782, 5e-06, 1.3e-05, -7e-06], [-0.2157, 1.0, 0.718332, 0.0, -0.0, 0.0, -0.0, -0.0, -0.0, 0.0, -0.0, 0.0, -0.0, -0.0, 0.009387, 0.114804, 0.261996, -2.3e-05, 0.162883, 0.066779, -5.9e-05, 0.422539, 0.173234, -0.12185, -5e-05, -2.1e-05, 0.15031, 0.148152, 0.010366, 0.121408, 0.269307, -0.14484, -0.037053, -0.108136, -0.362987, -0.092861, -0.271002, 0.106205, 0.068342, 0.199449, -0.065711, 0.051024, 0.010305, 0.121002, 0.268863, 0.012462, -0.127529, 0.132044, 0.031297, -0.320265, 0.331602, -0.123236, -0.020321, 0.02104, -0.007491, -0.215306, 4e-05, 0.002336, 0.042492, -0.002334, 0.003385, 0.002886, -0.062253, 0.090304, 0.076983, -0.002292, -0.00705, -0.00601, 0.001397, 0.008718, 4.8e-05, 0.002758, 0.045865, 0.000239, 0.005753, -0.001176, 0.005778, 0.139222, -0.028454, -0.007463, 0.001033, -0.000211, 0.011929, -0.005088, 0.309267, 0.42883, 0.291536, -0.031628, -0.200567, 0.016687, 0.132358, 0.008556, 0.014565, 0.011478, 0.014572, 0.125317, -0.017156, -0.002087, -0.00275, 0.015511, 0.128514, -0.009667, -0.011393, -0.011397, 0.01476, 0.125967, -0.010265, 0.003147, -0.014145, 0.015409, 0.128173, 0.002247, -0.017626, 0.005671, 0.014429, 0.124821, -0.006367, -0.00879, 0.013478, 0.015076, 0.12705, 0.00793, -0.00715, 0.014731, 0.000841, 0.03958, -0.000273, 0.000227, 0.000504, 0.00069, 0.036529, -0.000361, 0.000286, 0.000157, 2e-05, 0.008765, -2e-06, 5e-06, 4e-06, 0.000663, 0.035939, -0.000129, 0.000408, -0.000179, 2.4e-05, 0.009403, 1e-06, 9e-06, -0.0, 0.00138, 0.048355, 0.000385, 0.000928, -0.000476], [0.19014, 0.718332, 1.0, 0.0, -0.0, -0.0, 0.0, 0.0, 0.0, 0.0, 0.0, 0.0, -0.0, 0.0, 0.051527, 0.261996, 0.503187, -2.8e-05, 0.201899, 0.082775, -7.7e-05, 0.554804, 0.22746, -0.07276, -3e-05, -1.2e-05, 0.089755, 0.088466, 0.053381, 0.269307, 0.512647, -0.173989, -0.04451, -0.129898, -0.472773, -0.120946, -0.352967, 0.06183, 0.039788, 0.116116, -0.038256, 0.029705, 0.053268, 0.268863, 0.512075, 0.014999, -0.153482, 0.158915, 0.040782, -0.417332, 0.432105, -0.071854, -0.011848, 0.012268, -0.004368, -0.125536, 0.00514, 0.042492, 0.148423, -0.024778, 0.035942, 0.03064, -0.141252, 0.204898, 0.174674, -0.010736, -0.033027, -0.028155, 0.006546, 0.040841, 0.005656, 0.045865, 0.15618, 0.002315, 0.055794, -0.011403, 0.012807, 0.308592, -0.06307, -0.031917, 0.004419, -0.000903, 0.051017, -0.021763, 0.455477, 0.732344, 0.200394, -0.02174, -0.137864, 0.10481, 0.31464, 0.040491, 0.068928, 0.054319, 0.097939, 0.302562, -0.089479, -0.010884, -0.014342, 0.101047, 0.308069, -0.048212, -0.056819, -0.056837, 0.098569, 0.303685, -0.053047, 0.016262, -0.073098, 0.100715, 0.307484, 0.01126, -0.088318, 0.028417, 0.097459, 0.301705, -0.03344, -0.04617, 0.070792, 0.099621, 0.305552, 0.040359, -0.036393, 0.074976, 0.023653, 0.132888, -0.011098, 0.009221, 0.020473, 0.021437, 0.125512, -0.016923, 0.013386, 0.007361, 0.00376, 0.045551, -0.001294, 0.003189, 0.002208, 0.021014, 0.124064, -0.00622, 0.019677, -0.008624, 0.004095, 0.047876, 0.000333, 0.004443, -9.1e-05, 0.030243, 0.153263, 0.010936, 0.026407, -0.013528], [-0.0, 0.0, 0.0, 1.0, 0.0, 0.0, 0.530759, 0.0, 0.0, -0.0, 0.0, 0.0, 0.0, 0.0, 3e-06, 2.3e-05, 2.8e-05, 0.062672, 3.7e-05, 1.5e-05, 0.187251, 4.6e-05, 1.9e-05, -5.8e-05, 0.159486, 0.065386, 3.9e-05, 3.9e-05, 0.017669, 0.14484, 0.173989, -0.135245, -0.051762, -0.151062, -0.047615, -0.061455, -0.179348, 0.004746, 0.072621, 0.211936, -0.104947, 0.081489, -0.001516, -0.012462, -0.014999, 0.065315, 0.015376, -0.01592, 0.190495, 0.018301, -0.018949, 0.031161, -0.122867, 0.127216, 0.001032, 0.029667, 4.2e-05, 0.002334, 0.024778, -0.00158, 0.00354, 0.003018, -0.007138, 0.053306, 0.045443, -0.004604, -0.004929, -0.004202, 0.001508, 0.009406, -4e-06, -0.000239, -0.002315, 0.001004, -0.000522, 0.000107, 0.031679, -0.007118, 0.001455, 0.000918, 0.004477, -0.000915, -0.001117, 0.000477, -0.319714, -0.171877, -0.206663, 0.045974, 0.291543, -0.0127, -0.049946, -0.003541, -0.013391, -0.010553, 0.026212, 0.112255, -0.033662, -0.004535, -0.005976, 0.014575, 0.060014, -0.007043, -0.012933, -0.012937, 0.01564, 0.066443, -0.009457, 0.004029, -0.018109, -0.003393, -0.014028, 0.0033, 0.004688, -0.001509, 0.009748, 0.042003, -0.00162, -0.007174, 0.011, -0.012027, -0.050417, -0.003855, 0.006891, -0.014197, 0.000807, 0.019889, -0.000225, 0.00026, 0.000578, 0.001118, 0.031093, -0.00063, 0.000552, 0.000304, 1.6e-05, 0.003701, -1e-06, 5e-06, 3e-06, 0.000403, 0.011486, -2.9e-05, 0.000296, -0.00013, -4e-06, -0.000931, 1e-06, -2e-06, 0.0, -0.001009, -0.01842, -0.000169, -0.000814, 0.000417], [-0.0, -0.0, -0.0, 0.0, 1.0, 0.0, 0.0, 0.530759, 0.0, 0.0, -0.0, 0.0, 0.0, 0.0, -0.018976, -0.162883, -0.201899, 3.7e-05, -0.206637, -0.110413, 4.6e-05, -0.146228, -0.136721, 0.136988, 7.2e-05, 3.9e-05, -0.123085, -0.213126, 0.00452, 0.037053, 0.04451, -0.051762, 0.05385, -0.038645, -0.061455, 0.176887, -0.045881, 0.064481, -0.114861, 0.081489, -0.063375, -0.085754, 0.015514, 0.127529, 0.153482, 0.015376, -0.090524, 0.162911, 0.018301, 0.005007, 0.193905, -0.101212, -0.016372, 0.029667, -0.13623, -0.173473, -6.1e-05, -0.003385, -0.035942, 0.00354, -0.004274, -0.004378, 0.053306, -0.047715, -0.065919, 0.002041, 0.009188, 0.009406, 0.00049, -0.011362, -0.000107, -0.005753, -0.055794, -0.000522, -0.011552, 0.002571, -0.007118, -0.139546, 0.035055, 0.014204, -0.002142, 0.000477, -0.022351, 0.010551, 0.034684, 0.018646, 0.045974, 0.212125, -0.031628, -0.02162, -0.085024, -0.013391, -0.018471, -0.017965, 0.003188, 0.013654, -0.004535, 0.003071, -0.000727, 0.017177, 0.070729, -0.012933, -0.011311, -0.015247, -0.004795, -0.020369, 0.004029, 0.002449, 0.005551, 0.02661, 0.110029, 0.004688, -0.032876, 0.011832, 0.013459, 0.057993, -0.007174, -0.006329, 0.015188, 0.010846, 0.045463, 0.006891, -0.002427, 0.012802, -0.00067, -0.016526, 0.00026, -0.000128, -0.00048, -0.000885, -0.024594, 0.000552, -0.000369, -0.00024, -3.9e-05, -0.00912, 5e-06, -1.1e-05, -8e-06, -0.001275, -0.036335, 0.000296, -0.000872, 0.00041, -5.9e-05, -0.012433, -2e-06, -2.3e-05, 0.0, -0.002435, -0.044481, -0.000814, -0.001798, 0.001007], [0.0, 0.0, -0.0, 0.0, 0.0, 1.0, 0.0, 0.0, 0.530759, 0.0, 0.0, -0.0, 0.0, 0.0, -0.00778, -0.066779, -0.082775, 1.5e-05, -0.110413, 0.017405, 1.9e-05, -0.136721, 0.131198, 0.056163, 3.9e-05, -6e-06, -0.181236, 0.0453, 0.013191, 0.108136, 0.129898, -0.151062, -0.038645, -0.04569, -0.179348, -0.045881, 0.058709, 0.188181, 0.081489, 0.095033, 0.028249, 0.024312, -0.016063, -0.132044, -0.158915, -0.01592, 0.162911, -0.10186, -0.018949, 0.193905, -0.008486, 0.104795, 0.029667, -0.018437, -0.119179, 0.188667, -5.2e-05, -0.002886, -0.03064, 0.003018, -0.004378, -0.002871, 0.045443, -0.065919, -0.026584, 0.00174, 0.009406, 0.006173, -0.004146, -0.008955, 2.2e-05, 0.001176, 0.011403, 0.000107, 0.002571, 0.000501, 0.001455, 0.035055, 0.024809, -0.002903, 0.000477, 9.2e-05, 0.006438, 0.002227, 0.219952, 0.118245, 0.291543, -0.031628, 0.016542, -0.017038, -0.067003, -0.010553, -0.017965, -0.009831, 0.004202, 0.017993, -0.005976, -0.000727, 0.002665, 0.017182, 0.07075, -0.012937, -0.015247, -0.011321, 0.021553, 0.091558, -0.018109, 0.005551, -0.02127, -0.008562, -0.035403, -0.001509, 0.011832, 9e-05, -0.020636, -0.088921, 0.011, 0.015188, -0.019711, -0.022343, -0.093661, -0.014197, 0.012802, -0.022587, -0.001488, -0.036692, 0.000578, -0.00048, -0.000977, -0.000486, -0.013524, 0.000304, -0.00024, -6.4e-05, -2.7e-05, -0.006315, 3e-06, -8e-06, -5e-06, 0.000559, 0.015924, -0.00013, 0.00041, -0.000115, 1e-06, 0.000254, 0.0, 0.0, 1e-06, 0.001248, 0.022786, 0.000417, 0.001007, -0.000348], [0.0, -0.0, 0.0, 0.530759, 0.0, 0.0, 1.0, 0.0, 0.0, 0.0, 0.0, 0.0, 0.0, 0.0, 1.5e-05, 5.9e-05, 7.7e-05, 0.187251, 4.6e-05, 1.9e-05, 0.520587, 8.1e-05, 3.3e-05, -4.7e-05, 0.192385, 0.078874, 2e-05, 1.9e-05, 0.092151, 0.362987, 0.472773, -0.047615, -0.061455, -0.179348, 0.115147, -0.1061, -0.309639, -0.110389, 0.009611, 0.028048, -0.049955, 0.038789, -0.007942, -0.031297, -0.040782, 0.190495, 0.018301, -0.018949, 0.526234, 0.031616, -0.032735, 0.024581, -0.14469, 0.149812, 0.000493, 0.014157, 0.009807, 0.062253, 0.141252, -0.007138, 0.053306, 0.045443, 0.035447, 0.185202, 0.157883, -0.045248, -0.008595, -0.007327, 0.009209, 0.057458, -0.000927, -0.005778, -0.012807, 0.031679, -0.007118, 0.001455, 0.170216, -0.024034, 0.004912, 0.006668, 0.058017, -0.011857, -0.006173, 0.002633, -0.462712, -0.438071, 0.078513, 0.022856, 0.144943, -0.111733, -0.191709, 0.016962, -0.077355, -0.060959, 0.24903, 0.439092, -0.181577, -0.029156, -0.038421, 0.133652, 0.232715, -0.007101, -0.079148, -0.079172, 0.147516, 0.259431, -0.025117, 0.025639, -0.115245, -0.031228, -0.054447, 0.056173, 0.028841, -0.00928, 0.093124, 0.164522, 0.024159, -0.046481, 0.071269, -0.112082, -0.196275, 0.011341, 0.043129, -0.088852, 0.037123, 0.115594, -0.005597, 0.015497, 0.034408, 0.057355, 0.185728, -0.036769, 0.038393, 0.021112, 0.005559, 0.035895, -0.000221, 0.005152, 0.003567, 0.021137, 0.068993, 0.004814, 0.021222, -0.009301, -0.001413, -0.008819, 0.001921, -0.001673, 3.4e-05, -0.035412, -0.099971, 0.003239, -0.033017, 0.016914], [0.0, -0.0, 0.0, 0.0, 0.530759, 0.0, 0.0, 1.0, 0.0, -0.0, 0.0, 0.0, 0.0, 0.0, -0.106463, -0.422539, -0.554804, 4.6e-05, -0.146228, -0.136721, 8.1e-05, -0.061285, -0.238558, 0.002593, 2e-05, 1.9e-05, 0.05217, -0.059327, 0.023574, 0.092861, 0.120946, -0.061455, 0.176887, -0.045881, -0.1061, 0.502743, -0.079213, 0.045102, -0.152229, 0.038789, -0.055124, -0.113653, 0.081269, 0.320265, 0.417332, 0.018301, 0.005007, 0.193905, 0.031616, 0.205792, 0.334984, 0.001389, 0.000597, 0.014157, -0.151067, 0.006326, -0.014226, -0.090304, -0.204898, 0.053306, -0.047715, -0.065919, 0.185202, -0.105529, -0.229022, 4.5e-05, 0.041294, 0.057458, 0.024511, -0.051065, -0.022347, -0.139222, -0.308592, -0.007118, -0.139546, 0.035055, -0.024034, -0.407929, 0.118364, 0.059256, -0.010455, 0.002633, -0.090201, 0.051487, 0.050198, 0.047525, 0.022856, 0.286717, -0.015724, -0.190206, -0.32635, -0.077355, -0.069281, -0.103772, 0.030291, 0.05341, -0.029156, 0.054576, -0.004673, 0.157513, 0.274261, -0.079148, -0.033221, -0.093307, -0.045223, -0.079533, 0.025639, 0.050655, 0.03533, 0.244936, 0.427047, 0.028841, -0.166364, 0.072786, 0.128576, 0.227155, -0.046481, -0.006352, 0.098401, 0.10107, 0.176991, 0.043129, 0.020278, 0.080122, -0.030845, -0.096046, 0.015497, 0.000177, -0.028589, -0.045368, -0.146911, 0.038393, -0.018601, -0.0167, -0.013697, -0.088449, 0.005152, -0.010826, -0.00879, -0.066865, -0.218254, 0.021222, -0.055612, 0.029423, -0.018859, -0.117745, -0.001673, -0.020295, 0.000456, -0.085512, -0.241407, -0.033017, -0.062817, 0.040843], [0.0, -0.0, 0.0, 0.0, 0.0, 0.530759, 0.0, 0.0, 1.0, -0.0, 0.0, 0.0, -0.0, 0.0, -0.043648, -0.173234, -0.22746, 1.9e-05, -0.136721, 0.131198, 3.3e-05, -0.238558, 0.422782, 0.001063, 1.9e-05, -1.9e-05, -0.13636, 0.135724, 0.068799, 0.271002, 0.352967, -0.179348, -0.045881, 0.058709, -0.309639, -0.079213, 0.298712, 0.131625, 0.038789, -0.05232, 0.08628, -0.013385, -0.084145, -0.331602, -0.432105, -0.018949, 0.193905, -0.008486, -0.032735, 0.334984, 0.182481, -0.001438, 0.014157, -0.000388, -0.145977, 0.003971, -0.012128, -0.076983, -0.174674, 0.045443, -0.065919, -0.026584, 0.157883, -0.229022, -0.032117, 3.8e-05, 0.057458, 0.022876, -0.043671, -0.033184, 0.004567, 0.028454, 0.06307, 0.001455, 0.035055, 0.024809, 0.004912, 0.118364, 0.147023, -0.012111, 0.002633, 0.001892, 0.042368, 0.045583, 0.318329, 0.301377, 0.144943, -0.015724, 0.189481, -0.149891, -0.257179, -0.060959, -0.103772, -0.019375, 0.039916, 0.070381, -0.038421, -0.004673, 0.051964, 0.157561, 0.274345, -0.079172, -0.093307, -0.033278, 0.203277, 0.357496, -0.115245, 0.03533, -0.100293, -0.07881, -0.137406, -0.00928, 0.072786, 0.036431, -0.197145, -0.348296, 0.071269, 0.098401, -0.093054, -0.208218, -0.364626, -0.088852, 0.080122, -0.105894, -0.068486, -0.213252, 0.034408, -0.028589, -0.050423, -0.024947, -0.080785, 0.021112, -0.0167, 0.002585, -0.009484, -0.06124, 0.003567, -0.00879, -0.004216, 0.029304, 0.095652, -0.009301, 0.029423, -0.001372, 0.000385, 0.002406, 3.4e-05, 0.000456, 0.002037, 0.043805, 0.123667, 0.016914, 0.040843, -0.004011], [-0.0, 0.0, 0.0, -0.0, 0.0, 0.0, 0.0, -0.0, -0.0, 1.0, 0.0, 0.0, 0.0, -0.0, -0.027453, -0.12185, -0.07276, 5.8e-05, -0.136988, -0.056163, 4.7e-05, -0.002593, -0.001063, 0.12092, 0.000103, 4.2e-05, -0.033475, -0.032994, 0.025307, 0.106205, 0.06183, -0.004746, -0.064481, -0.188181, 0.110389, -0.045102, -0.131625, -0.210008, 0.039985, 0.116691, -0.159344, 0.123728, -0.029267, -0.123236, -0.071854, -0.031161, 0.101212, -0.104795, -0.024581, -0.001389, 0.001438, 0.116148, 0.040785, -0.042229, 0.001261, 0.036248, -4.8e-05, -0.002292, -0.010736, 0.004604, -0.002041, -0.00174, 0.045248, -4.5e-05, -3.8e-05, -0.006185, 0.011007, 0.009383, -0.000209, -0.001303, -0.000163, -0.007463, -0.031917, -0.000918, -0.014204, 0.002903, -0.006668, -0.059256, 0.012111, 0.017015, -0.003602, 0.000736, -0.02465, 0.010515, 0.205447, 0.040511, -0.131056, -0.05421, -0.343773, -0.014219, -0.021287, -0.020396, -0.011315, -0.008916, 0.050737, 0.08276, -0.073813, -0.012312, -0.016224, -0.005838, -0.009153, 0.01593, 0.000524, 0.000525, 6.5e-05, 0.000105, 0.010868, 0.001698, -0.007632, -0.02695, -0.042435, -0.008456, 0.038099, -0.012259, -0.015875, -0.026056, 0.017575, 0.01023, -0.015686, -0.011909, -0.019013, -0.018111, 0.004892, -0.010079, -0.000982, -0.009338, 0.000742, -0.000294, -0.000653, 0.001309, 0.014049, -0.000696, 0.000954, 0.000525, -5.7e-05, -0.005194, 1.1e-05, -1.9e-05, -1.3e-05, -0.001485, -0.016339, 0.000558, -0.00119, 0.000522, -9.4e-05, -0.007718, -4e-06, -4.4e-05, 1e-06, -0.002366, -0.016625, -0.001377, -0.001978, 0.001013], [0.0, -0.0, 0.0, 0.0, -0.0, 0.0, 0.0, 0.0, 0.0, 0.0, 1.0, 0.0, 0.0, 0.0, -1.1e-05, -5e-05, -3e-05, -0.159486, -7.2e-05, -3.9e-05, -0.192385, -2e-05, -1.9e-05, 0.000103, -0.286263, -0.155812, -3.6e-05, -6.6e-05, 0.016285, 0.068342, 0.039788, -0.072621, 0.114861, -0.081489, -0.009611, 0.152229, -0.038789, 0.039985, -0.149643, 0.099603, -0.123268, -0.172515, -0.004826, -0.020321, -0.011848, 0.122867, 0.016372, -0.029667, 0.14469, -0.000597, -0.014157, 0.040785, -0.118572, 0.223729, 0.023294, 0.027161, -0.000147, -0.00705, -0.033027, 0.004929, -0.009188, -0.009406, 0.008595, -0.041294, -0.057458, 0.011007, 0.012753, 0.013059, 0.001058, -0.024353, 2.3e-05, 0.001033, 0.004419, -0.004477, 0.002142, -0.000477, -0.058017, 0.010455, -0.002633, -0.003602, -0.018346, 0.004082, 0.004129, -0.00195, -0.050965, -0.010049, -0.032295, -0.356375, 0.049397, 0.031084, 0.046535, 0.011036, 0.033852, 0.032933, 0.01091, 0.017796, -0.017877, 0.013414, -0.003174, 0.030605, 0.047988, -0.018858, -0.025702, -0.034653, -0.009659, -0.015628, 0.00745, 0.006298, 0.014268, -0.011114, -0.017499, 0.013798, 0.017513, -0.006304, 0.017304, 0.028401, -0.003666, -0.010381, 0.024917, -0.01643, -0.026229, -0.006714, 0.004686, -0.024742, -0.00135, -0.012836, 0.000478, -0.000328, -0.001226, -0.003026, -0.032483, 0.002163, -0.001601, -0.001042, -6.9e-05, -0.006349, 7e-06, -2.5e-05, -1.8e-05, -0.001639, -0.018033, 0.00015, -0.00142, 0.000668, 2.5e-05, 0.002024, -5e-06, 1.2e-05, -0.0, 0.003692, 0.025939, 0.000791, 0.003465, -0.00194], [-0.0, 0.0, 0.0, 0.0, 0.0, -0.0, 0.0, 0.0, 0.0, 0.0, 0.0, 1.0, 0.0, 0.0, -5e-06, -2.1e-05, -1.2e-05, -0.065386, -3.9e-05, 6e-06, -0.078874, -1.9e-05, 1.9e-05, 4.2e-05, -0.155812, 0.029903, -5.8e-05, 1.7e-05, 0.047526, 0.199449, 0.116116, -0.211936, -0.081489, -0.095033, -0.028048, -0.038789, 0.05232, 0.116691, 0.099603, 0.106906, 0.063981, 0.042231, 0.004997, 0.02104, 0.012268, -0.127216, -0.029667, 0.018437, -0.149812, -0.014157, 0.000388, -0.042229, 0.223729, -0.13414, 0.020553, -0.029676, -0.000125, -0.00601, -0.028155, 0.004202, -0.009406, -0.006173, 0.007327, -0.057458, -0.022876, 0.009383, 0.013059, 0.008567, -0.008896, -0.01919, -5e-06, -0.000211, -0.000903, 0.000915, -0.000477, -9.2e-05, 0.011857, -0.002633, -0.001892, 0.000736, 0.004082, 0.000794, -0.00119, -0.000413, -0.323193, -0.063728, -0.204801, 0.049397, -0.050912, 0.024496, 0.036671, 0.008697, 0.032933, 0.018014, 0.014377, 0.023451, -0.023557, -0.003174, 0.01164, 0.030614, 0.048002, -0.018863, -0.034653, -0.025723, 0.043416, 0.070246, -0.033489, 0.014268, -0.054662, 0.003576, 0.00563, -0.00444, -0.006304, -4.9e-05, -0.026532, -0.043547, 0.005621, 0.024917, -0.032335, 0.033848, 0.054035, 0.013832, -0.024742, 0.043648, -0.002997, -0.028501, 0.001062, -0.001226, -0.002498, -0.001664, -0.017862, 0.001189, -0.001042, -0.000279, -4.8e-05, -0.004396, 5e-06, -1.8e-05, -1.1e-05, 0.000718, 0.007903, -6.6e-05, 0.000668, -0.000188, -1e-06, -4.1e-05, 0.0, -0.0, -0.0, -0.001891, -0.013288, -0.000405, -0.00194, 0.000672], [-0.0, -0.0, -0.0, 0.0, 0.0, 0.0, 0.0, 0.0, -0.0, 0.0, 0.0, 0.0, 1.0, -0.0, 0.033865, 0.15031, 0.089755, -3.9e-05, 0.123085, 0.181236, -2e-05, -0.05217, 0.13636, -0.033475, -3.6e-05, -5.8e-05, -0.083676, 0.26264, -0.015658, -0.065711, -0.038256, 0.104947, 0.063375, -0.028249, 0.049955, 0.055124, -0.08628, -0.159344, -0.123268, 0.063981, -0.028023, -0.037831, -0.001779, -0.007491, -0.004368, -0.001032, 0.13623, 0.119179, -0.000493, 0.151067, 0.145977, 0.001261, 0.023294, 0.020553, -0.357157, 0.018247, 2.9e-05, 0.001397, 0.006546, -0.001508, -0.00049, 0.004146, -0.009209, -0.024511, 0.043671, -0.000209, 0.001058, -0.008896, -0.012069, 0.005798, 0.000261, 0.011929, 0.051017, 0.001117, 0.022351, -0.006438, 0.006173, 0.090201, -0.042368, -0.02465, 0.004129, -0.00119, 0.037852, -0.024505, -0.108408, -0.021376, -0.152732, 0.056076, -0.145458, 0.010027, 0.015011, 0.007919, -3.3e-05, 0.021272, -0.000489, -0.000797, 0.000887, 0.002033, -0.002394, -1.1e-05, -1.7e-05, 1.1e-05, 0.010549, -0.010527, -0.028433, -0.046004, 0.03048, -0.012248, 0.028949, 0.039072, 0.061521, 0.008781, -0.05258, 0.027405, -0.016138, -0.026488, 0.010977, 0.023259, -0.010814, -0.024032, -0.038366, -0.019481, 0.024171, -0.022584, -0.002204, -0.020957, 0.001085, -0.001088, -0.001588, 0.000835, 0.008962, -0.000661, 0.00029, 0.000416, 4.5e-05, 0.004073, -7e-06, 1.3e-05, 1.4e-05, 0.002095, 0.023044, -0.000616, 0.001617, -0.001, 0.000164, 0.013509, 6e-06, 7.7e-05, -2e-06, 0.003288, 0.023099, 0.001397, 0.002595, -0.002126], [0.0, -0.0, 0.0, 0.0, 0.0, 0.0, 0.0, 0.0, 0.0, -0.0, 0.0, 0.0, -0.0, 1.0, 0.033378, 0.148152, 0.088466, -3.9e-05, 0.213126, -0.0453, -1.9e-05, 0.059327, -0.135724, -0.032994, -6.6e-05, 1.7e-05, 0.26264, -0.091274, 0.012158, 0.051024, 0.029705, -0.081489, 0.085754, -0.024312, -0.038789, 0.113653, 0.013385, 0.123728, -0.172515, 0.042231, -0.037831, -0.047369, -0.051132, -0.215306, -0.125536, -0.029667, 0.173473, -0.188667, -0.014157, -0.006326, -0.003971, 0.036248, 0.027161, -0.029676, 0.018247, 0.166643, 0.000182, 0.008718, 0.040841, -0.009406, 0.011362, 0.008955, -0.057458, 0.051065, 0.033184, -0.001303, -0.024353, -0.01919, 0.005798, 0.023175, -0.000111, -0.005088, -0.021763, -0.000477, -0.010551, -0.002227, -0.002633, -0.051487, -0.045583, 0.010515, -0.00195, -0.000413, -0.024505, -0.009141, 0.035062, 0.006914, 0.049397, 0.245173, 0.005523, 0.041699, 0.062426, 0.032933, 0.045413, 0.030666, 0.001749, 0.002853, -0.003174, 0.00215, 0.001416, 0.036079, 0.056572, -0.034653, -0.030299, -0.030315, -0.01331, -0.021535, 0.014268, 0.008679, 0.016757, -0.028047, -0.044162, -0.006304, 0.044198, 0.000388, -0.036632, -0.060124, 0.024917, 0.021977, -0.044645, -0.030522, -0.048726, -0.024742, 0.008705, -0.039359, 0.00249, 0.023681, -0.001226, 0.000605, 0.002075, 0.001316, 0.014129, -0.001042, 0.000696, 0.00022, 0.000118, 0.010832, -1.8e-05, 4.2e-05, 2.7e-05, -0.002273, -0.025001, 0.000668, -0.001969, 0.000595, -7e-06, -0.000552, -0.0, -3e-06, -6e-06, -0.004567, -0.032087, -0.00194, -0.004287, 0.001622], [0.000239, 0.009387, 0.051527, 3e-06, -0.018976, -0.00778, 1.5e-05, -0.106463, -0.043648, -0.027453, -1.1e-05, -5e-06, 0.033865, 0.033378, 1.0, -0.2157, 0.19014, -0.0, -0.0, -0.0, 0.0, 0.0, 0.0, -0.0, 0.0, 0.0, -0.0, 0.0, 1e-06, 4e-05, 0.005139, -4.2e-05, -6.1e-05, -5.2e-05, -0.009804, -0.014227, -0.012125, -4.8e-05, 0.000147, 0.000125, 2.9e-05, 0.000182, 1e-06, 4.8e-05, 0.005659, 4e-06, -0.000107, 2.2e-05, 0.00093, -0.022354, 0.004571, -0.000163, -2.3e-05, 5e-06, 0.000261, -0.000111, 0.000265, 0.010374, 0.053395, -0.01768, 0.004519, 0.013203, -0.092159, 0.023557, 0.068824, 0.025316, -0.01628, -0.047563, -0.015679, 0.012158, 0.000264, 0.010305, 0.053268, 0.001518, 0.015517, -0.01606, 0.007949, 0.081284, -0.08413, -0.029266, 0.004831, -0.005001, -0.00176, -0.051132, 0.000609, 0.02282, 0.000164, -0.00028, -0.000221, 0.055457, 0.095382, 0.083282, 0.009044, 0.057295, 1.2e-05, 0.004845, -5e-06, -4e-06, -2e-06, 0.0, 0.000885, -0.0, -0.0, -0.0, 1.4e-05, 0.005335, -4e-06, -3e-06, -7e-06, 0.0, 0.000962, 0.0, -0.0, 0.0, 1.1e-05, 0.004756, -2e-06, -6e-06, 3e-06, 2.5e-05, 0.006787, 5e-06, -1.3e-05, 7e-06, 0.000513, 0.021498, -0.00019, -5.8e-05, 0.000261, 0.000504, 0.021368, -0.000316, 3.8e-05, 5.1e-05, 0.00055, 0.022031, -0.000182, 0.000214, 0.000214, 0.000496, 0.021255, -0.000117, 0.000161, -0.000247, 0.000545, 0.021953, 4.2e-05, 0.00033, -0.000106, 0.000528, 0.021719, 0.000147, 0.000133, -0.000274], [0.009387, 0.114804, 0.261996, 2.3e-05, -0.162883, -0.066779, 5.9e-05, -0.422539, -0.173234, -0.12185, -5e-05, -2.1e-05, 0.15031, 0.148152, -0.2157, 1.0, 0.718332, -0.0, -0.0, -0.0, -0.0, -0.0, -0.0, 0.0, 0.0, 0.0, -0.0, 0.0, 4e-05, 0.002336, 0.042487, -0.002333, -0.003385, -0.002885, -0.062236, -0.090309, -0.076969, -0.002293, 0.007048, 0.006007, 0.001399, 0.008716, 4.8e-05, 0.00276, 0.045879, 0.00024, -0.005756, 0.001177, 0.005796, -0.139252, 0.028474, -0.007467, -0.001037, 0.000212, 0.011934, -0.005094, 0.010374, 0.121458, 0.269362, -0.144881, 0.037034, 0.108197, -0.362997, 0.092788, 0.271085, 0.106196, -0.068292, -0.199518, -0.065771, 0.051, 0.010305, 0.121002, 0.268862, 0.012474, 0.127553, -0.132019, 0.031327, 0.320325, -0.331541, -0.123232, 0.020344, -0.021056, -0.007411, -0.215306, 0.016681, 0.132339, 0.008556, -0.014557, -0.011472, 0.309262, 0.428827, 0.291531, 0.031659, 0.200563, 0.00069, 0.036527, -0.000361, -0.000286, -0.000157, 2e-05, 0.008763, -2e-06, -5e-06, -4e-06, 0.000841, 0.039584, -0.000273, -0.000227, -0.000504, 2.4e-05, 0.009406, 1e-06, -9e-06, 0.0, 0.000664, 0.035965, -0.000129, -0.000409, 0.000179, 0.001381, 0.048382, 0.000385, -0.00093, 0.000477, 0.014761, 0.12597, -0.010263, -0.00315, 0.014148, 0.014578, 0.12534, -0.017165, 0.002083, 0.002754, 0.015521, 0.128547, -0.009674, 0.0114, 0.011407, 0.014421, 0.124791, -0.00636, 0.008786, -0.013469, 0.015408, 0.128171, 0.002245, 0.017627, -0.005667, 0.015074, 0.127042, 0.00793, 0.007154, -0.014725], [0.051527, 0.261996, 0.503187, 2.8e-05, -0.201899, -0.082775, 7.7e-05, -0.554804, -0.22746, -0.07276, -3e-05, -1.2e-05, 0.089755, 0.088466, 0.19014, 0.718332, 1.0, 0.0, 0.0, 0.0, 0.0, 0.0, 0.0, 0.0, 0.0, 0.0, -0.0, 0.0, 0.005139, 0.042487, 0.148412, -0.024771, -0.035944, -0.030635, -0.141218, -0.204918, -0.174649, -0.010742, 0.033023, 0.028145, 0.006556, 0.040841, 0.005659, 0.045879, 0.156212, 0.002323, -0.055808, 0.011411, 0.012846, -0.308631, 0.063107, -0.031922, -0.004433, 0.000906, 0.051023, -0.021776, 0.053395, 0.269362, 0.512718, -0.173998, 0.044477, 0.129941, -0.472758, 0.120845, 0.353054, 0.061814, -0.039751, -0.116134, -0.038284, 0.029686, 0.053268, 0.268862, 0.512074, 0.015013, 0.153511, -0.158886, 0.040822, 0.41741, -0.432026, -0.071852, 0.011862, -0.012277, -0.004321, -0.125537, 0.104791, 0.314608, 0.040501, -0.068911, -0.054308, 0.455473, 0.732341, 0.200392, 0.021762, 0.137862, 0.021436, 0.125506, -0.016919, -0.01339, -0.007358, 0.003759, 0.045545, -0.001293, -0.003188, -0.002207, 0.023656, 0.132898, -0.011099, -0.009225, -0.020475, 0.004097, 0.047888, 0.000334, -0.004445, 9.1e-05, 0.021032, 0.124128, -0.006225, -0.019694, 0.008631, 0.030264, 0.153325, 0.010945, -0.02642, 0.013542, 0.098573, 0.303691, -0.053032, -0.016276, 0.07311, 0.097961, 0.302602, -0.089497, 0.010862, 0.014358, 0.10108, 0.308126, -0.048225, 0.056826, 0.056861, 0.09743, 0.301654, -0.033421, 0.046168, -0.070774, 0.100712, 0.30748, 0.011251, 0.088324, -0.028395, 0.099613, 0.305538, 0.040368, 0.036416, -0.074952], [-3e-06, -2.3e-05, -2.8e-05, 0.062672, 3.7e-05, 1.5e-05, 0.187251, 4.6e-05, 1.9e-05, 5.8e-05, -0.159486, -0.065386, -3.9e-05, -3.9e-05, -0.0, -0.0, 0.0, 1.0, 0.0, 0.0, 0.530759, 0.0, 0.0, 0.0, -0.0, 0.0, -0.0, 0.0, 4.2e-05, 0.002333, 0.024771, -0.001578, -0.003539, -0.003017, -0.007124, -0.053301, -0.045427, -0.004603, 0.004926, 0.004199, 0.001509, 0.009403, -4e-06, -0.00024, -0.002323, 0.001005, 0.000524, -0.000107, 0.031687, 0.00714, -0.00146, 0.000921, -0.00448, 0.000916, -0.001121, 0.000479, 0.01768, 0.144881, 0.173998, -0.135249, 0.05173, 0.151133, -0.047545, 0.061398, 0.179376, 0.004668, -0.072552, -0.211965, -0.105037, 0.081447, -0.001518, -0.012474, -0.015013, 0.065312, -0.015393, 0.015932, 0.190491, -0.018322, 0.018964, 0.03119, 0.122884, -0.127187, 0.001022, 0.029696, -0.012701, -0.049961, -0.003546, 0.01339, 0.010553, -0.319708, -0.171875, -0.206657, -0.04602, -0.291535, 0.001118, 0.031086, -0.00063, -0.000552, -0.000304, 1.6e-05, 0.0037, -1e-06, -5e-06, -3e-06, 0.000807, 0.019891, -0.000225, -0.00026, -0.000578, -4e-06, -0.000934, 1e-06, 2e-06, -0.0, 0.000404, 0.011492, -2.9e-05, -0.000297, 0.00013, -0.00101, -0.018433, -0.00017, 0.000815, -0.000418, 0.015637, 0.066424, -0.00945, -0.004031, 0.018107, 0.026224, 0.112271, -0.033679, 0.004527, 0.005985, 0.014583, 0.060025, -0.007047, 0.01294, 0.012948, 0.009739, 0.041982, -0.001616, 0.007169, -0.01099, -0.00339, -0.014017, 0.0033, -0.004685, 0.001506, -0.012029, -0.05043, -0.003859, -0.006897, 0.014195], [0.018976, 0.162883, 0.201899, 3.7e-05, -0.206637, -0.110413, 4.6e-05, -0.146228, -0.136721, -0.136988, -7.2e-05, -3.9e-05, 0.123085, 0.213126, -0.0, -0.0, 0.0, 0.0, 1.0, 0.0, 0.0, 0.530759, 0.0, 0.0, 0.0, 0.0, -0.0, 0.0, 6.1e-05, 0.003385, 0.035944, -0.003539, -0.004275, -0.004377, -0.053301, -0.047736, -0.065918, -0.002043, 0.009188, 0.009403, -0.000487, 0.011363, 0.000107, 0.005756, 0.055808, 0.000524, -0.011559, 0.002573, 0.00714, -0.139562, 0.035077, -0.01421, -0.00215, 0.000479, 0.02236, -0.010561, -0.004519, -0.037034, -0.044477, 0.05173, 0.053902, -0.038632, 0.061398, 0.176955, -0.045851, -0.064431, -0.114953, 0.081447, 0.063359, 0.085847, -0.015517, -0.127553, -0.153511, -0.015393, -0.090582, 0.162911, -0.018322, 0.004937, 0.193906, 0.101226, -0.016399, 0.029696, 0.136142, 0.173554, 0.021611, 0.085006, 0.01339, -0.018459, -0.017955, -0.034719, -0.018665, -0.04602, 0.21211, -0.03166, 0.000885, 0.024601, -0.000552, -0.000369, -0.00024, 3.9e-05, 0.009119, -5e-06, -1.1e-05, -8e-06, 0.000671, 0.016532, -0.00026, -0.000128, -0.00048, 5.9e-05, 0.012437, 2e-06, -2.3e-05, 0.0, 0.001278, 0.036358, -0.000297, -0.000873, 0.000411, 0.002438, 0.044495, 0.000815, -0.0018, 0.001009, 0.004799, 0.020385, -0.004031, 0.002447, 0.005557, -0.003183, -0.013626, 0.004527, 0.003075, -0.000726, -0.017184, -0.070732, 0.01294, -0.011314, -0.015258, -0.013454, -0.057994, 0.007169, -0.00633, 0.015181, -0.026612, -0.110038, -0.004685, -0.032881, 0.011824, -0.010851, -0.045492, -0.006897, -0.002435, 0.012806], [0.00778, 0.066779, 0.082775, 1.5e-05, -0.110413, 0.017405, 1.9e-05, -0.136721, 0.131198, -0.056163, -3.9e-05, 6e-06, 0.181236, -0.0453, -0.0, -0.0, 0.0, 0.0, 0.0, 1.0, 0.0, 0.0, 0.530759, 0.0, 0.0, 0.0, 0.0, -0.0, 5.2e-05, 0.002885, 0.030635, -0.003017, -0.004377, -0.00287, -0.045427, -0.065918, -0.026574, -0.001742, 0.009403, 0.006169, 0.004148, 0.008952, -2.2e-05, -0.001177, -0.011411, -0.000107, 0.002573, 0.000501, -0.00146, 0.035077, 0.024812, 0.002906, 0.000479, 9.3e-05, -0.006444, -0.002226, -0.013203, -0.108197, -0.129941, 0.151133, -0.038632, -0.04574, 0.179376, -0.045851, 0.058692, -0.188237, 0.081447, 0.095121, -0.028225, -0.024314, 0.01606, 0.132019, 0.158886, 0.015932, 0.162911, -0.101798, 0.018964, 0.193906, -0.008413, -0.104771, 0.029696, -0.018443, 0.119273, -0.188587, 0.017031, 0.066993, 0.010553, -0.017955, -0.009827, -0.219948, -0.118244, -0.291535, -0.03166, 0.016542, 0.000486, 0.013519, -0.000304, -0.00024, -6.4e-05, 2.7e-05, 0.006313, -3e-06, -8e-06, -5e-06, 0.001488, 0.036693, -0.000578, -0.00048, -0.000977, -1e-06, -0.000256, -0.0, 0.0, 1e-06, -0.00056, -0.015935, 0.00013, 0.000411, -0.000115, -0.00125, -0.022807, -0.000418, 0.001009, -0.000349, -0.021557, -0.091572, 0.018107, 0.005557, -0.021277, -0.004207, -0.018012, 0.005985, -0.000726, 0.002665, -0.017195, -0.070775, 0.012948, -0.015258, -0.011332, 0.020625, 0.088904, -0.01099, 0.015181, -0.019699, 0.008555, 0.035375, 0.001506, 0.011824, 9.6e-05, 0.022335, 0.093634, 0.014195, 0.012806, -0.02257], [-1.5e-05, -5.9e-05, -7.7e-05, 0.187251, 4.6e-05, 1.9e-05, 0.520587, 8.1e-05, 3.3e-05, 4.7e-05, -0.192385, -0.078874, -2e-05, -1.9e-05, 0.0, -0.0, 0.0, 0.530759, 0.0, 0.0, 1.0, 0.0, 0.0, 0.0, 0.0, 0.0, 0.0, 0.0, 0.009804, 0.062236, 0.141218, -0.007124, -0.053301, -0.045427, 0.035487, -0.185189, -0.157834, -0.045247, 0.00858, 0.007313, 0.009221, 0.057448, -0.00093, -0.005796, -0.012846, 0.031687, 0.00714, -0.00146, 0.170245, 0.024107, -0.004929, 0.006689, -0.058027, 0.011865, -0.006192, 0.002643, 0.092159, 0.362997, 0.472758, -0.047545, 0.061398, 0.179376, 0.1153, 0.105993, 0.309663, -0.110432, -0.009586, -0.028006, -0.049982, 0.038757, -0.007949, -0.031327, -0.040822, 0.190491, -0.018322, 0.018964, 0.526227, -0.031652, 0.032761, 0.024604, 0.144715, -0.149782, 0.000488, 0.014171, -0.111764, -0.191775, 0.016918, 0.07737, 0.060975, -0.462708, -0.438069, 0.078512, -0.022879, -0.144942, 0.057342, 0.185693, -0.036752, -0.038398, -0.0211, 0.005556, 0.03588, -0.00022, -0.00515, -0.003565, 0.037128, 0.115603, -0.005598, -0.015503, -0.03441, -0.001416, -0.008841, 0.001921, 0.001678, -3.5e-05, 0.02115, 0.06901, 0.004822, -0.021234, 0.009306, -0.035439, -0.100021, 0.003238, 0.033036, -0.016934, 0.147474, 0.259354, -0.025065, -0.025651, 0.115226, 0.249073, 0.439128, -0.181598, 0.029095, 0.038462, 0.133682, 0.232736, -0.007092, 0.07915, 0.079198, 0.093074, 0.164454, 0.024168, 0.046468, -0.071234, -0.031204, -0.054404, 0.056177, -0.028821, 0.009266, -0.112109, -0.196328, 0.01131, -0.043169, 0.088853], [0.106463, 0.422539, 0.554804, 4.6e-05, -0.146228, -0.136721, 8.1e-05, -0.061285, -0.238558, -0.002593, -2e-05, -1.9e-05, -0.05217, 0.059327, 0.0, -0.0, 0.0, 0.0, 0.530759, 0.0, 0.0, 1.0, 0.0, -0.0, 0.0, 0.0, 0.0, 0.0, 0.014227, 0.090309, 0.204918, -0.053301, -0.047736, -0.065918, -0.185189, -0.105614, -0.229029, -6.1e-05, 0.041306, 0.057448, -0.024491, 0.051084, 0.022354, 0.139252, 0.308631, 0.00714, -0.139562, 0.035077, 0.024107, -0.407917, 0.118424, -0.059257, -0.010486, 0.002643, 0.090192, -0.051513, -0.023557, -0.092788, -0.120845, 0.061398, 0.176955, -0.045851, 0.105993, 0.502862, -0.079155, -0.045057, -0.152261, 0.038757, 0.055088, 0.113708, -0.081284, -0.320325, -0.41741, -0.018322, 0.004937, 0.193906, -0.031652, 0.20567, 0.334986, -0.001391, 0.000593, 0.014171, 0.151041, -0.006271, 0.190161, 0.326296, 0.07737, -0.069251, -0.103746, -0.050249, -0.047573, -0.022879, 0.28671, -0.01574, 0.04538, 0.146956, -0.038398, -0.01862, -0.016699, 0.013695, 0.088445, -0.00515, -0.010825, -0.008788, 0.030858, 0.096081, -0.015503, 0.00017, -0.028599, 0.018866, 0.117767, 0.001678, -0.020301, 0.00046, 0.066914, 0.218337, -0.021234, -0.055648, 0.029444, 0.085546, 0.241438, 0.033036, -0.062821, 0.040876, 0.04526, 0.079596, -0.025651, 0.050645, 0.035363, -0.030228, -0.053294, 0.029095, 0.054606, -0.004668, -0.157526, -0.274248, 0.07915, -0.03319, -0.093324, -0.128574, -0.227178, 0.046468, -0.006384, 0.098403, -0.244954, -0.427082, -0.028821, -0.166404, 0.072737, -0.101133, -0.177107, -0.043169, 0.020222, 0.080154], [0.043648, 0.173234, 0.22746, 1.9e-05, -0.136721, 0.131198, 3.3e-05, -0.238558, 0.422782, -0.001063, -1.9e-05, 1.9e-05, 0.13636, -0.135724, 0.0, -0.0, 0.0, 0.0, 0.0, 0.530759, 0.0, 0.0, 1.0, 0.0, 0.0, 0.0, 0.0, 0.0, 0.012125, 0.076969, 0.174649, -0.045427, -0.065918, -0.026574, -0.157834, -0.229029, -0.032089, -5.2e-05, 0.057448, 0.022863, 0.043682, 0.033176, -0.004571, -0.028474, -0.063107, -0.00146, 0.035077, 0.024812, -0.004929, 0.118424, 0.147033, 0.012117, 0.002643, 0.001897, -0.042392, -0.045583, -0.068824, -0.271085, -0.353054, 0.179376, -0.045851, 0.058692, 0.309663, -0.079155, 0.2987, -0.131638, 0.038757, -0.052297, -0.086289, 0.013368, 0.08413, 0.331541, 0.432026, 0.018964, 0.193906, -0.008413, 0.032761, 0.334986, 0.182607, 0.00144, 0.014171, -0.000383, 0.146005, -0.003917, 0.149865, 0.257153, 0.060975, -0.103746, -0.019371, -0.318327, -0.301376, -0.144942, -0.01574, 0.189479, 0.024937, 0.080755, -0.0211, -0.016699, 0.002591, 0.009481, 0.061228, -0.003565, -0.008788, -0.004215, 0.068489, 0.213249, -0.03441, -0.028599, -0.050419, -0.000388, -0.002423, -3.5e-05, 0.00046, 0.002038, -0.029327, -0.095691, 0.009306, 0.029444, -0.001371, -0.04385, -0.123757, -0.016934, 0.040876, -0.004028, -0.203307, -0.357544, 0.115226, 0.035363, -0.100333, -0.03996, -0.070451, 0.038462, -0.004668, 0.051966, -0.157622, -0.274415, 0.079198, -0.093324, -0.033303, 0.1971, 0.348258, -0.071234, 0.098403, -0.093043, 0.078749, 0.1373, 0.009266, 0.072737, 0.036465, 0.208155, 0.364527, 0.088853, 0.080154, -0.10581], [-0.027453, -0.12185, -0.07276, -5.8e-05, 0.136988, 0.056163, -4.7e-05, 0.002593, 0.001063, 0.12092, 0.000103, 4.2e-05, -0.033475, -0.032994, -0.0, 0.0, 0.0, 0.0, 0.0, 0.0, 0.0, -0.0, 0.0, 1.0, 0.0, 0.0, 0.0, 0.0, -4.8e-05, -0.002293, -0.010742, 0.004603, 0.002043, 0.001742, 0.045247, 6.1e-05, 5.2e-05, -0.006178, -0.01101, -0.009383, -0.00021, -0.001309, -0.000163, -0.007467, -0.031922, -0.000921, 0.01421, -0.002906, -0.006689, 0.059257, -0.012117, 0.017021, 0.003614, -0.000739, -0.024657, 0.010524, 0.025316, 0.106196, 0.061814, -0.004668, 0.064431, 0.188237, 0.110432, 0.045057, 0.131638, -0.210104, -0.039919, -0.116625, -0.159464, 0.123651, -0.029266, -0.123232, -0.071852, -0.03119, -0.101226, 0.104771, -0.024604, 0.001391, -0.00144, 0.116134, -0.040831, 0.042261, 0.001248, 0.036241, -0.014202, -0.021267, -0.020387, 0.011293, 0.0089, 0.20544, 0.04051, -0.131057, 0.054264, 0.343762, 0.001308, 0.014038, -0.000695, -0.000954, -0.000524, -5.7e-05, -0.005194, 1.1e-05, 1.9e-05, 1.3e-05, -0.000982, -0.009338, 0.000743, 0.000294, 0.000653, -9.4e-05, -0.00772, -4e-06, 4.4e-05, -1e-06, -0.001488, -0.016349, 0.000559, 0.001193, -0.000523, -0.002369, -0.016627, -0.001379, 0.00198, -0.001015, 4.8e-05, 7.8e-05, 0.010884, -0.001694, 0.007609, 0.050757, 0.082769, -0.073847, 0.01229, 0.016247, -0.005841, -0.009155, 0.015942, -0.000524, -0.000524, -0.015875, -0.026065, 0.017564, -0.010234, 0.015688, -0.026951, -0.042437, -0.00845, -0.038105, 0.01225, -0.011899, -0.018997, -0.018106, -0.004888, 0.010061], [-1.1e-05, -5e-05, -3e-05, 0.159486, 7.2e-05, 3.9e-05, 0.192385, 2e-05, 1.9e-05, 0.000103, -0.286263, -0.155812, -3.6e-05, -6.6e-05, 0.0, 0.0, 0.0, -0.0, 0.0, 0.0, 0.0, 0.0, 0.0, 0.0, 1.0, 0.0, 0.0, 0.0, 0.000147, 0.007048, 0.033023, -0.004926, -0.009188, -0.009403, -0.00858, -0.041306, -0.057448, -0.01101, 0.012749, 0.01305, -0.00105, 0.024351, -2.3e-05, -0.001037, -0.004433, 0.00448, 0.00215, -0.000479, 0.058027, 0.010486, -0.002643, 0.003614, -0.018354, 0.004086, -0.004143, 0.001957, -0.01628, -0.068292, -0.039751, 0.072552, 0.114953, -0.081447, 0.009586, 0.152261, -0.038757, -0.039919, -0.149704, 0.099513, 0.123212, 0.172665, 0.004831, 0.020344, 0.011862, -0.122884, 0.016399, -0.029696, -0.144715, -0.000593, -0.014171, -0.040831, -0.118647, 0.22372, -0.023303, -0.0272, -0.031084, -0.046545, -0.011052, 0.033846, 0.03293, 0.051016, 0.01006, 0.032328, -0.356351, 0.049447, 0.003027, 0.032487, -0.002162, -0.001601, -0.001042, 6.9e-05, 0.006347, -7e-06, -2.5e-05, -1.8e-05, 0.001351, 0.012841, -0.000478, -0.000328, -0.001227, -2.5e-05, -0.00203, 5e-06, 1.2e-05, -0.0, 0.001642, 0.01804, -0.00015, -0.001423, 0.00067, -0.003697, -0.025949, -0.000792, 0.00347, -0.001944, 0.009664, 0.015635, -0.00745, 0.006292, 0.014278, -0.01089, -0.017758, 0.017844, 0.013433, -0.003171, -0.030615, -0.047985, 0.018864, -0.025705, -0.034673, -0.017293, -0.028394, 0.003659, -0.010379, 0.024899, 0.011106, 0.017487, -0.013802, 0.017503, -0.006294, 0.016444, 0.026254, 0.006726, 0.004703, -0.024756], [-5e-06, -2.1e-05, -1.2e-05, 0.065386, 3.9e-05, -6e-06, 0.078874, 1.9e-05, -1.9e-05, 4.2e-05, -0.155812, 0.029903, -5.8e-05, 1.7e-05, 0.0, 0.0, 0.0, 0.0, 0.0, 0.0, 0.0, 0.0, 0.0, 0.0, 0.0, 1.0, 0.0, 0.0, 0.000125, 0.006007, 0.028145, -0.004199, -0.009403, -0.006169, -0.007313, -0.057448, -0.022863, -0.009383, 0.01305, 0.008559, 0.008898, 0.019182, 5e-06, 0.000212, 0.000906, -0.000916, -0.000479, -9.3e-05, -0.011865, -0.002643, -0.001897, -0.000739, 0.004086, 0.000794, 0.001195, 0.000414, -0.047563, -0.199518, -0.116134, 0.211965, -0.081447, -0.095121, 0.028006, -0.038757, 0.052297, -0.116625, 0.099513, 0.106967, -0.063932, -0.042229, -0.005001, -0.021056, -0.012277, 0.127187, -0.029696, 0.018443, 0.149782, -0.014171, 0.000383, 0.042261, 0.22372, -0.13405, -0.020588, 0.029692, -0.024497, -0.036682, -0.00871, 0.03293, 0.018014, 0.323187, 0.063728, 0.204796, 0.049447, -0.050911, 0.001663, 0.017852, -0.001188, -0.001042, -0.000278, 4.8e-05, 0.004394, -5e-06, -1.8e-05, -1.1e-05, 0.002998, 0.028501, -0.001062, -0.001227, -0.002498, 1e-06, 4.2e-05, -0.0, -0.0, -0.0, -0.00072, -0.007906, 6.6e-05, 0.00067, -0.000188, 0.001895, 0.013301, 0.000406, -0.001944, 0.000674, -0.04341, -0.070234, 0.033466, 0.014278, -0.054664, -0.014396, -0.023475, 0.023589, -0.003171, 0.011639, -0.030634, -0.048014, 0.018875, -0.034673, -0.025747, 0.02651, 0.043528, -0.005609, 0.024899, -0.032307, -0.00357, -0.005622, 0.004437, -0.006294, -5.2e-05, -0.033845, -0.054037, -0.013843, -0.024756, 0.043629], [0.033865, 0.15031, 0.089755, 3.9e-05, -0.123085, -0.181236, 2e-05, 0.05217, -0.13636, -0.033475, -3.6e-05, -5.8e-05, -0.083676, 0.26264, -0.0, -0.0, -0.0, -0.0, -0.0, 0.0, 0.0, 0.0, 0.0, 0.0, 0.0, 0.0, 1.0, 0.0, 2.9e-05, 0.001399, 0.006556, -0.001509, 0.000487, -0.004148, -0.009221, 0.024491, -0.043682, -