{"coordinates": [[[7.9, 10.37, 9.976], [12.02019999999999, 10.37, 10.022], [9.399, 10.37, 9.993], [10.6, 10.373, 10.007], [7.26, 9.24, 10.018], [12.73, 9.247, 9.981], [7.46899999999999, 11.334, 9.928], [12.531, 11.334, 10.069], [6.184, 9.28, 10.004], [7.742, 8.272, 10.066], [13.81, 9.282, 9.994], [12.257, 8.272, 9.934]]], "HF": [-232.14480922136], "elements": [["C", "C", "C", "C", "C", "C", "H", "H", "H", "H", "H", "H"]], "S": [[[1.0, -0.2157, 0.19014, -0.0, -0.0, -0.0, 0.0, 0.0, -0.0, -0.0, 0.0, 0.0, -0.0, 0.0, 0.0, 0.0, 3.2e-05, -0.0, -0.0, -0.0, -3e-06, -0.00025, -0.0, -0.0, 0.0, -0.0, 0.0, -0.0, 0.00045, 0.017185, 0.063789, -0.00042, -0.035918, 0.000152, -0.001509, -0.129029, 0.000545, -0.044808, 0.001816, -8e-06, 0.077628, -0.000656, 1e-06, 3.3e-05, 0.004685, -1e-06, -7.5e-05, 0.0, -0.000226, -0.019564, 4.4e-05, -0.000113, 5e-06, -0.0, 0.000196, -1e-06, 0.000656, 0.024531, 0.072199, -0.001543, 0.026372, 0.04195, -0.004257, 0.07275, 0.115724, -0.058585, -0.00337, -0.005361, -0.044073, 0.091621, 0.0, 0.0, 1e-06, -0.0, -0.0, 0.0, -0.0, -7e-06, 2e-06, -0.0, 0.0, -0.0, 0.0, -0.0, 0.057879, 0.096586, 0.004731, 0.050369, -0.094212, 0.0, 2.1e-05, -0.0, -0.0, -0.0, 0.00078, 0.024848, -7e-06, 0.000435, 0.000266, 0.000711, 0.024068, -2e-05, 5.2e-05, 0.000459, 0.0, 0.0, 0.0, 0.0, 0.0, 0.0, 1.3e-05, 0.0, -0.0, 0.0], [-0.2157, 1.0, 0.718332, -0.0, 0.0, -0.0, -0.0, -0.0, 0.0, 0.0, 0.0, 0.0, -0.0, 0.0, 0.0, 0.0, 0.000669, -0.0, -1e-06, -0.0, -4.4e-05, -0.003924, 0.0, -2e-06, 0.0, -0.0, 3e-06, -0.0, 0.017185, 0.16024, 0.309334, -0.002711, -0.231838, 0.00098, -0.005721, -0.489199, 0.002068, -0.140125, 0.005678, -2.4e-05, 0.242761, -0.002052, 3.3e-05, 0.00199, 0.03946, -5e-05, -0.004313, 1e-05, -0.001462, -0.126443, 0.000285, -0.005653, 0.000226, -1e-06, 0.009794, -4.4e-05, 0.024531, 0.193326, 0.340555, -0.008371, 0.143069, 0.227583, -0.015712, 0.268543, 0.427177, -0.147368, -0.008477, -0.013484, -0.110863, 0.230467, 0.0, 0.0, 2.5e-05, -0.0, -0.0, 0.0, -0.0, -0.0002, 4.8e-05, -0.0, 0.0, -0.0, 0.0, -0.0, 0.317217, 0.433246, 0.015924, 0.169523, -0.317084, 0.0, 0.000353, -0.0, -0.0, -0.0, 0.019859, 0.141983, -0.000326, 0.02123, 0.012961, 0.018603, 0.138291, -0.000981, 0.00259, 0.022937, 0.0, 3e-06, 0.0, 0.0, 0.0, 0.0, 0.00024, 0.0, -0.0, 0.0], [0.19014, 0.718332, 1.0, -0.0, -0.0, -0.0, 0.0, 0.0, 0.0, 0.0, 0.0, 0.0, -0.0, 0.0, 3.2e-05, 0.000669, 0.00954, -1.3e-05, -0.001146, -0.0, -0.000371, -0.032719, 0.0, -0.001054, 4.1e-05, 0.0, 0.001826, 0.0, 0.063789, 0.309334, 0.563099, -0.002786, -0.238264, 0.001007, -0.007155, -0.611808, 0.002586, -0.072404, 0.002934, -1.2e-05, 0.125438, -0.00106, 0.004685, 0.03946, 0.141278, -0.000578, -0.049995, 0.000113, -0.003394, -0.293479, 0.000661, -0.028929, 0.001159, -3e-06, 0.050119, -0.000226, 0.072199, 0.340555, 0.601051, -0.00774, 0.13228, 0.21042, -0.019106, 0.326556, 0.519458, -0.070832, -0.004074, -0.006481, -0.053286, 0.110774, 1e-06, 2.5e-05, 0.001118, -0.0, -4.8e-05, 1.1e-05, -5e-06, -0.00476, 0.001133, -5.5e-05, 0.0, -0.0, 8.6e-05, -4.3e-05, 0.461395, 0.737778, 0.01082, 0.11519, -0.215457, 7.8e-05, 0.00472, -1e-06, -7.2e-05, -1.5e-05, 0.114351, 0.330864, -0.001364, 0.088701, 0.054153, 0.110671, 0.324677, -0.004296, 0.011337, 0.10042, 0.0, 0.000164, -0.0, -0.0, 0.0, 4.9e-05, 0.003599, 0.0, -4.1e-05, 2e-05], [-0.0, -0.0, -0.0, 1.0, 0.0, 0.0, 0.530759, 0.0, 0.0, -0.0, 0.0, -0.0, 0.0, 0.0, 0.0, 0.0, 1.3e-05, 0.0, -0.0, 0.0, 0.00048, -7.6e-05, 0.0, -0.0, -0.0, -0.0, 0.0, 0.0, 0.00042, 0.002711, 0.002786, 0.094761, -0.004723, 2e-05, 0.221989, -0.004519, 1.9e-05, -0.006579, -0.237307, 0.001003, 0.005843, -4.9e-05, 1e-06, 5e-05, 0.000578, 0.000725, -0.000113, 0.0, 0.027468, -0.001874, 4e-06, -0.000198, -0.003388, 8e-06, 0.000265, -1e-06, 0.001543, 0.008371, 0.00774, 0.120464, 0.007637, 0.012149, 0.244745, 0.006263, 0.009963, -0.019789, 0.150634, 0.239616, -0.007203, 0.014974, 0.0, 0.0, 0.0, 0.0, -0.0, 0.0, 2e-05, -0.0, 0.0, -0.0, -0.0, 0.0, 0.0, -0.0, -0.017557, -0.009251, 0.223819, -0.01328, 0.024839, 0.0, 1.1e-05, 0.0, -0.0, -0.0, 0.000467, 0.001646, 0.005424, 0.000603, 0.000368, 0.001424, 0.005227, 0.004897, 0.000239, 0.00212, 0.0, 0.0, 0.0, 0.0, 0.0, -0.0, -4e-06, 0.0, 0.0, -0.0], [-0.0, 0.0, -0.0, 0.0, 1.0, 0.0, 0.0, 0.530759, 0.0, -0.0, -0.0, 0.0, 0.0, -0.0, 0.0, 1e-06, 0.001146, -0.0, -2e-06, 0.0, -7.6e-05, -0.006213, 0.0, -4e-06, 0.0, 0.0, 7e-06, 0.0, 0.035918, 0.231838, 0.238264, -0.004723, -0.309015, 0.001707, -0.004519, -0.164348, 0.001633, -0.151338, 0.00891, -4.9e-05, 0.262244, -0.003221, 7.5e-05, 0.004313, 0.049995, -0.000113, -0.009055, 2.2e-05, -0.001874, -0.134618, 0.000365, -0.01126, 0.00049, -1e-06, 0.019508, -9.5e-05, -0.026372, -0.143069, -0.13228, 0.007637, -0.009622, -0.20764, 0.006263, 0.138069, -0.170274, 0.076361, 0.000568, 0.014974, 0.274294, -0.015433, 0.0, 0.0, 4.8e-05, -0.0, -0.0, 0.0, -0.0, -0.000355, 8.9e-05, -0.0, 0.0, -0.0, 0.0, -0.0, -0.186906, -0.098486, -0.01328, 0.083694, 0.264431, 0.0, 0.000561, -0.0, -0.0, -0.0, -0.030388, -0.107064, 0.000603, -0.033806, -0.023957, -0.003757, -0.013796, 0.000239, 0.004356, -0.005596, 0.0, 6e-06, 0.0, 0.0, 0.0, 0.0, 0.000356, 0.0, -0.0, 0.0], [-0.0, -0.0, -0.0, 0.0, 0.0, 1.0, 0.0, 0.0, 0.530759, 0.0, 0.0, -0.0, 0.0, 0.0, -0.0, -0.0, -0.0, -0.0, -0.0, 0.0, 0.0, 0.0, 0.000481, 0.0, -0.0, -0.0, -0.0, -0.0, -0.000152, -0.00098, -0.001007, 2e-05, 0.001707, 0.094809, 1.9e-05, 0.001633, 0.222035, 0.00064, -4.9e-05, -0.002777, -0.003116, -0.237426, -0.0, -1e-05, -0.000113, 0.0, 2.2e-05, 0.000727, 4e-06, 0.000365, 0.027488, 2.5e-05, -1e-06, -3.9e-05, -5.9e-05, -0.003393, -0.04195, -0.227583, -0.21042, 0.012149, -0.20764, -0.209386, 0.009963, -0.170274, -0.025747, 0.121468, 0.014974, 0.014974, -0.04466, -0.255921, -0.0, -0.0, -1.1e-05, 0.0, 0.0, -0.0, 0.0, 8.9e-05, -2e-06, 0.0, -0.0, 0.0, -0.0, 0.0, 0.349598, 0.184213, 0.024839, 0.264431, -0.269538, 0.0, 0.000118, -0.0, -0.0, -0.0, -0.018552, -0.065364, 0.000368, -0.023957, -0.009192, -0.03328, -0.122201, 0.00212, -0.005596, -0.044578, 0.0, -1e-06, 0.0, 0.0, 0.0, -0.0, -0.000175, -0.0, 0.0, -0.0], [0.0, -0.0, 0.0, 0.530759, 0.0, 0.0, 1.0, 0.0, 0.0, 0.0, 0.0, 0.0, -0.0, 0.0, 3e-06, 4.4e-05, 0.000371, 0.00048, -7.6e-05, 0.0, 0.011997, -0.001204, 0.0, -8.6e-05, -0.001467, 0.0, 0.000115, 0.0, 0.001509, 0.005721, 0.007155, 0.221989, -0.004519, 1.9e-05, 0.57925, -0.007395, 3.1e-05, -0.004334, -0.224763, 0.00095, 0.002249, -1.9e-05, 0.000226, 0.001462, 0.003394, 0.027468, -0.001874, 4e-06, 0.155571, -0.006695, 1.5e-05, -0.001735, -0.052838, 0.000119, 0.001783, -8e-06, 0.004257, 0.015712, 0.019106, 0.244745, 0.006263, 0.009963, 0.615811, 0.009876, 0.015711, -0.011555, 0.123916, 0.197116, -0.002385, 0.004958, 0.0, 0.0, 5e-06, 2e-05, -0.0, 0.0, 0.001565, -1.9e-05, 5e-06, -1e-06, -7.1e-05, 1.7e-05, 1e-06, -0.0, -0.024946, -0.023494, 0.292498, -0.006445, 0.012054, 1.1e-05, 0.000323, 3e-05, -1.2e-05, -2e-06, 0.003722, 0.006166, 0.068319, 0.003036, 0.001854, 0.011773, 0.019762, 0.065582, 0.001269, 0.011239, 0.0, 2e-06, 0.0, -0.0, 0.0, -3e-06, -0.000114, 1.9e-05, 3e-06, -1e-06], [0.0, -0.0, 0.0, 0.0, 0.530759, 0.0, 0.0, 1.0, 0.0, -0.0, 0.0, 0.0, 0.0, 0.0, 0.00025, 0.003924, 0.032719, -7.6e-05, -0.006213, 0.0, -0.001204, -0.094197, 0.0, -0.005031, 0.000214, 0.0, 0.008717, 0.0, 0.129029, 0.489199, 0.611808, -0.004519, -0.164348, 0.001633, -0.007395, -0.053053, 0.002673, 0.018773, 0.00187, -1.9e-05, -0.032469, -0.000676, 0.019564, 0.126443, 0.293479, -0.001874, -0.134618, 0.000365, -0.006695, -0.423332, 0.001304, -0.05846, 0.002954, -8e-06, 0.101295, -0.000575, -0.07275, -0.268543, -0.326556, 0.006263, 0.138069, -0.170274, 0.009876, 0.447587, -0.268516, -0.017458, -0.004144, 0.004958, 0.164865, 0.112659, 7e-06, 0.0002, 0.00476, -0.0, -0.000355, 8.9e-05, -1.9e-05, -0.017568, 0.004555, -0.000373, 1e-06, -0.0, 0.000569, -0.000306, -0.265576, -0.250115, -0.006445, 0.224496, 0.128326, 0.00054, 0.015931, -1.2e-05, -0.000536, -0.000119, -0.242109, -0.401088, 0.003036, -0.129136, -0.120578, -0.031072, -0.052158, 0.001269, 0.062714, -0.029662, 3e-06, 0.000763, -0.0, -2e-06, 0.0, 0.000325, 0.011487, 3e-06, -0.000287, 0.000151], [-0.0, 0.0, 0.0, 0.0, 0.0, 0.530759, 0.0, 0.0, 1.0, 0.0, 0.0, 0.0, 0.0, 0.0, -0.0, 0.0, 0.0, 0.0, 0.0, 0.000481, 0.0, 0.0, 0.012011, 0.0, 0.0, -1.7e-05, 0.0, -0.00147, -0.000545, -0.002068, -0.002586, 1.9e-05, 0.001633, 0.222035, 3.1e-05, 0.002673, 0.579325, -7.9e-05, -1.9e-05, -0.002629, -0.001763, -0.224809, -4.4e-05, -0.000285, -0.000661, 4e-06, 0.000365, 0.027488, 1.5e-05, 0.001304, 0.155646, 0.000132, -8e-06, -0.000611, -0.000466, -0.052877, -0.115724, -0.427177, -0.519458, 0.009963, -0.170274, -0.025747, 0.015711, -0.268516, 0.189256, -0.027771, 0.004958, 0.000627, -0.132558, -0.01071, -2e-06, -4.8e-05, -0.001133, 0.0, 8.9e-05, -2e-06, 5e-06, 0.004555, 0.00048, 8.9e-05, -0.0, 0.0, -0.000169, 6e-06, 0.496746, 0.467827, 0.012054, 0.128326, 0.053075, 0.000113, 0.003346, -2e-06, -0.000119, 6e-06, -0.147811, -0.244871, 0.001854, -0.120578, -0.005249, -0.275221, -0.461987, 0.011239, -0.029662, -0.196664, -1e-06, -0.000143, 0.0, 0.0, -0.0, -0.00016, -0.005657, -1e-06, 0.000151, -5.6e-05], [-0.0, 0.0, 0.0, -0.0, -0.0, 0.0, 0.0, -0.0, 0.0, 1.0, 0.0, 0.0, 0.0, 0.0, -0.0, -2e-06, -0.001054, 0.0, 4e-06, 0.0, 8.6e-05, 0.005031, 0.0, 8e-06, -0.0, 0.0, -1.4e-05, 0.0, -0.044808, -0.140125, -0.072404, 0.006579, 0.151338, -0.00064, 0.004334, -0.018773, 7.9e-05, 0.136065, -0.010998, 4.6e-05, 0.003427, -2.9e-05, -0.000113, -0.005653, -0.028929, 0.000198, 0.01126, -2.5e-05, 0.001735, 0.05846, -0.000132, 0.013722, -0.000821, 2e-06, -0.021741, 9.8e-05, -0.058585, -0.147368, -0.070832, 0.019789, -0.076361, -0.121468, 0.011555, 0.017458, 0.027771, 0.146548, 0.015954, 0.025379, -0.019032, 0.039564, -0.0, -0.0, -5.5e-05, 0.0, 0.0, -0.0, 1e-06, 0.000373, -8.9e-05, 0.0, -0.0, 0.0, -0.0, 0.0, -0.201427, -0.038913, -0.038296, -0.037996, 0.071069, -0.0, -0.000488, 0.0, 0.0, 0.0, -0.03447, -0.046195, 0.001224, -0.04522, -0.027607, -0.032571, -0.045506, 0.0037, -0.005584, -0.04946, 0.0, -6e-06, 0.0, 0.0, 0.0, -0.0, -0.000347, -0.0, 0.0, -0.0], [0.0, 0.0, 0.0, 0.0, -0.0, 0.0, 0.0, 0.0, 0.0, 0.0, 1.0, 0.0, 0.0, 0.0, 0.0, 0.0, 4.1e-05, 0.0, -0.0, -0.0, 0.001467, -0.000214, 0.0, -0.0, -3e-06, 0.0, 1e-06, 0.0, 0.001816, 0.005678, 0.002934, 0.237307, -0.00891, 4.9e-05, 0.224763, -0.00187, 1.9e-05, -0.010998, -0.408498, 0.00231, 0.00626, -8e-05, 5e-06, 0.000226, 0.001159, 0.003388, -0.00049, 1e-06, 0.052838, -0.002954, 8e-06, -0.000821, -0.01468, 3.6e-05, 0.001055, -5e-06, -0.00337, -0.008477, -0.004074, -0.150634, -0.000568, -0.014974, -0.123916, 0.004144, -0.004958, 0.015954, 0.001227, -0.272343, 0.017688, 0.000114, 0.0, 0.0, 0.0, 0.0, -0.0, 0.0, 7.1e-05, -1e-06, 0.0, -0.0, -0.0, 0.0, 0.0, -0.0, 0.014627, 0.002826, -0.212347, -0.008342, -0.021899, 0.0, 3.3e-05, 0.0, -0.0, -0.0, -0.001338, -0.001793, -0.01982, -0.001895, -0.001343, -0.00054, -0.000754, -0.002371, 0.000799, -0.001025, 0.0, 0.0, 0.0, 0.0, 0.0, -0.0, -1e-05, 0.0, 0.0, -0.0], [0.0, 0.0, 0.0, -0.0, 0.0, -0.0, 0.0, 0.0, 0.0, 0.0, 0.0, 1.0, 0.0, 0.0, 0.0, 0.0, 0.0, -0.0, 0.0, 0.0, 0.0, 0.0, 1.7e-05, 0.0, 0.0, 0.0, 0.0, -0.0, -8e-06, -2.4e-05, -1.2e-05, -0.001003, 4.9e-05, 0.002777, -0.00095, 1.9e-05, 0.002629, 4.6e-05, 0.00231, 0.138109, -8.1e-05, -0.006395, -0.0, -1e-06, -3e-06, -8e-06, 1e-06, 3.9e-05, -0.000119, 8e-06, 0.000611, 2e-06, 3.6e-05, 0.001176, -3e-06, -0.000184, -0.005361, -0.013484, -0.006481, -0.239616, -0.014974, -0.014974, -0.197116, -0.004958, -0.000627, 0.025379, -0.272343, -0.260787, -0.003841, -0.015202, -0.0, -0.0, -0.0, -0.0, 0.0, -0.0, -1.7e-05, 0.0, -0.0, 0.0, 0.0, -0.0, -0.0, 0.0, -0.027359, -0.005285, 0.397185, -0.021899, 0.020912, 0.0, 7e-06, 0.0, -0.0, -0.0, -0.000817, -0.001095, -0.0121, -0.001343, -0.000515, -0.004783, -0.006682, -0.020998, -0.001025, -0.008161, 0.0, -0.0, 0.0, 0.0, 0.0, 0.0, 5e-06, -0.0, -0.0, 0.0], [-0.0, -0.0, -0.0, 0.0, 0.0, 0.0, -0.0, 0.0, 0.0, 0.0, 0.0, 0.0, 1.0, 0.0, 0.0, 3e-06, 0.001826, -0.0, -7e-06, -0.0, -0.000115, -0.008717, 0.0, -1.4e-05, 1e-06, 0.0, 2.5e-05, 0.0, 0.077628, 0.242761, 0.125438, -0.005843, -0.262244, 0.003116, -0.002249, 0.032469, 0.001763, 0.003427, 0.00626, -8.1e-05, 0.132366, -0.004574, 0.000196, 0.009794, 0.050119, -0.000265, -0.019508, 5.9e-05, -0.001783, -0.101295, 0.000466, -0.021741, 0.001055, -3e-06, 0.038847, -0.000241, -0.044073, -0.110863, -0.053286, 0.007203, -0.274294, 0.04466, 0.002385, -0.164865, 0.132558, -0.019032, 0.017688, -0.003841, -0.333596, -0.207618, 0.0, 0.0, 8.6e-05, -0.0, -0.0, 0.0, -1e-06, -0.000569, 0.000169, -0.0, 0.0, -0.0, 0.0, -0.0, -0.194537, -0.037582, -0.014627, -0.369162, -0.107985, 0.0, 0.000774, -0.0, -0.0, -0.0, 0.027291, 0.036574, -0.00069, 0.025024, 0.039519, -0.055193, -0.077113, 0.00448, -0.014239, -0.083351, 0.0, 1e-05, 0.0, 0.0, 0.0, 0.0, 0.000366, 0.0, -0.0, 0.0], [0.0, 0.0, 0.0, 0.0, -0.0, 0.0, 0.0, 0.0, 0.0, 0.0, 0.0, 0.0, 0.0, 1.0, 0.0, 0.0, 0.0, 0.0, 0.0, 0.0, 0.0, 0.0, 0.00147, 0.0, 0.0, -0.0, 0.0, -3e-06, -0.000656, -0.002052, -0.00106, 4.9e-05, 0.003221, 0.237426, 1.9e-05, 0.000676, 0.224809, -2.9e-05, -8e-05, -0.006395, -0.004574, -0.40869, -1e-06, -4.4e-05, -0.000226, 1e-06, 9.5e-05, 0.003393, 8e-06, 0.000575, 0.052877, 9.8e-05, -5e-06, -0.000184, -0.000241, -0.014705, 0.091621, 0.230467, 0.110774, -0.014974, 0.015433, 0.255921, -0.004958, -0.112659, 0.01071, 0.039564, 0.000114, -0.015202, -0.207618, -0.001861, -0.0, -0.0, -4.3e-05, 0.0, 0.0, -0.0, 0.0, 0.000306, -6e-06, 0.0, -0.0, 0.0, -0.0, 0.0, -0.291263, -0.056267, -0.021899, 0.166105, 0.222625, 0.0, 0.00034, -0.0, -0.0, -0.0, 0.053124, 0.071195, -0.001343, 0.075237, 0.03348, 0.012624, 0.017637, -0.001025, -0.018681, 0.02154, 0.0, -4e-06, 0.0, 0.0, 0.0, -0.0, -0.000476, -0.0, 0.0, -0.0], [0.0, 0.0, 3.2e-05, 0.0, 0.0, -0.0, 3e-06, 0.00025, -0.0, -0.0, 0.0, 0.0, 0.0, 0.0, 1.0, -0.2157, 0.19014, -0.0, -0.0, -0.0, 0.0, -0.0, -0.0, -0.0, 0.0, 0.0, -0.0, 0.0, 1e-06, 3.3e-05, 0.004682, 1e-06, 7.5e-05, 0.0, 0.000218, 0.019551, 4.5e-05, -0.000113, 4e-06, 0.0, 0.000196, 1e-06, 0.00045, 0.017163, 0.063761, 0.000392, 0.035877, 0.000149, 0.001408, 0.129002, 0.000536, -0.044766, 0.001693, 7e-06, 0.077553, 0.000645, 0.0, 0.0, 1e-06, 0.0, 0.0, 0.0, 0.0, 7e-06, 2e-06, -0.0, 0.0, 0.0, 0.0, 0.0, 0.000656, 0.024546, 0.072215, 0.001522, -0.026374, 0.041981, 0.004196, -0.072723, 0.115758, -0.058617, -0.003322, 0.005287, -0.044148, -0.091639, 0.0, 2.1e-05, 0.0, 0.0, -0.0, 0.057866, 0.09658, -0.004592, -0.050361, -0.094189, 0.0, 0.0, 0.0, 0.0, 0.0, 0.0, 1.3e-05, -0.0, 0.0, 0.0, 0.000781, 0.024854, 7e-06, -0.000436, 0.000266, 0.000711, 0.024071, 1.9e-05, -5.2e-05, 0.000459], [0.0, 0.0, 0.000669, 0.0, 1e-06, -0.0, 4.4e-05, 0.003924, 0.0, -2e-06, 0.0, 0.0, 3e-06, 0.0, -0.2157, 1.0, 0.718332, 0.0, 0.0, -0.0, -0.0, 0.0, 0.0, 0.0, 0.0, 0.0, -0.0, 0.0, 3.3e-05, 0.001987, 0.039435, 4.8e-05, 0.004307, 1e-05, 0.001408, 0.126379, 0.000289, -0.005646, 0.000218, 0.0, 0.009782, 4.5e-05, 0.017163, 0.160132, 0.309228, 0.00253, 0.231714, 0.000963, 0.00534, 0.489142, 0.002033, -0.1401, 0.005299, 2.2e-05, 0.242709, 0.002017, 0.0, 0.0, 2.5e-05, 0.0, 0.0, 0.0, 0.0, 0.0002, 4.8e-05, -0.0, 0.0, 0.0, 0.0, 0.0, 0.024546, 0.193387, 0.340611, 0.008253, -0.14304, 0.227684, 0.015488, -0.268434, 0.427281, -0.14739, -0.008352, 0.013295, -0.111008, -0.230424, 0.0, 0.000353, 0.0, 0.0, -0.0, 0.317174, 0.433222, -0.015457, -0.169533, -0.317074, 0.0, 3e-06, 0.0, 0.0, 0.0, 0.0, 0.00024, -0.0, 0.0, 0.0, 0.019869, 0.142009, 0.000331, -0.021237, 0.012973, 0.018607, 0.138303, 0.00096, -0.002583, 0.022944], [3.2e-05, 0.000669, 0.00954, 1.3e-05, 0.001146, -0.0, 0.000371, 0.032719, 0.0, -0.001054, 4.1e-05, 0.0, 0.001826, 0.0, 0.19014, 0.718332, 1.0, 0.0, 0.0, -0.0, 0.0, 0.0, 0.0, 0.0, 0.0, 0.0, -0.0, 0.0, 0.004682, 0.039435, 0.141218, 0.000557, 0.049967, 0.000114, 0.003269, 0.29339, 0.000672, -0.028917, 0.001116, 3e-06, 0.050098, 0.000229, 0.063761, 0.309228, 0.562968, 0.002601, 0.238227, 0.00099, 0.006679, 0.611799, 0.002542, -0.072411, 0.002739, 1.1e-05, 0.125445, 0.001043, 1e-06, 2.5e-05, 0.001117, 0.0, 4.8e-05, 1.1e-05, 4e-06, 0.004756, 0.001132, -5.5e-05, 0.0, 0.0, 8.6e-05, 4.3e-05, 0.072215, 0.340611, 0.601118, 0.007629, -0.132229, 0.210476, 0.018833, -0.326407, 0.51956, -0.070835, -0.004014, 0.006389, -0.05335, -0.110741, 7.8e-05, 0.004721, 1e-06, 7.2e-05, -1.5e-05, 0.461363, 0.737749, -0.010504, -0.115204, -0.215464, 0.0, 0.000164, 0.0, 0.0, 0.0, 4.9e-05, 0.003594, -0.0, 4.1e-05, 2e-05, 0.114378, 0.330908, 0.001384, -0.088703, 0.054187, 0.110684, 0.324699, 0.004201, -0.011305, 0.100437], [-0.0, -0.0, -1.3e-05, 0.0, -0.0, -0.0, 0.00048, -7.6e-05, 0.0, 0.0, 0.0, -0.0, -0.0, 0.0, -0.0, 0.0, 0.0, 1.0, 0.0, 0.0, 0.530759, 0.0, 0.0, 0.0, -0.0, -0.0, -0.0, 0.0, -1e-06, -4.8e-05, -0.000557, 0.000724, -0.000109, -0.0, 0.027451, -0.001805, -4e-06, 0.000191, 0.003383, 8e-06, -0.000255, -1e-06, -0.000392, -0.00253, -0.002601, 0.094687, -0.004407, -1.8e-05, 0.221917, -0.004219, -1.8e-05, 0.006139, 0.237173, 0.000986, -0.005454, -4.5e-05, -0.0, -0.0, -0.0, 0.0, -0.0, -0.0, 1.9e-05, -0.0, -0.0, 0.0, 0.0, 0.0, -0.0, -0.0, -0.001522, -0.008253, -0.007629, 0.120527, 0.007526, -0.01198, 0.244796, 0.00617, -0.009821, 0.01951, -0.150627, 0.239762, 0.007109, 0.014757, -0.0, -1.2e-05, 0.0, -0.0, 0.0, 0.017042, 0.008981, 0.223847, -0.012892, -0.024112, 0.0, -0.0, 0.0, 0.0, 0.0, 0.0, 4e-06, 0.0, 0.0, 0.0, -0.000474, -0.00167, 0.005427, 0.000612, -0.000374, -0.001392, -0.005112, 0.004902, 0.000233, -0.002074], [-0.0, -1e-06, -0.001146, -0.0, -2e-06, -0.0, -7.6e-05, -0.006213, 0.0, 4e-06, -0.0, 0.0, -7e-06, 0.0, -0.0, 0.0, 0.0, 0.0, 1.0, 0.0, 0.0, 0.530759, 0.0, 0.0, 0.0, 0.0, -0.0, -0.0, -7.5e-05, -0.004307, -0.049967, -0.000109, -0.009044, -2.2e-05, -0.001805, -0.134568, -0.000371, 0.011248, -0.000472, -1e-06, -0.019487, -9.7e-05, -0.035877, -0.231714, -0.238227, -0.004407, -0.308906, -0.001677, -0.004219, -0.164453, -0.001606, 0.151365, -0.008317, -4.5e-05, -0.262274, -0.003166, -0.0, -0.0, -4.8e-05, -0.0, -0.0, -0.0, -0.0, -0.000355, -8.9e-05, 0.0, -0.0, -0.0, -0.0, -0.0, 0.026374, 0.14304, 0.132229, 0.007526, -0.009481, 0.207632, 0.00617, 0.138212, 0.170223, -0.076329, -0.000549, 0.014757, -0.274381, -0.015157, -0.0, -0.000561, -0.0, -0.0, 0.0, 0.186911, 0.098499, -0.012892, 0.083623, -0.264457, 0.0, -6e-06, 0.0, 0.0, 0.0, -0.0, -0.000355, 0.0, -0.0, -0.0, 0.030396, 0.107061, 0.000612, -0.033809, 0.023974, 0.003747, 0.013757, 0.000233, 0.004361, 0.005581], [-0.0, -0.0, -0.0, 0.0, 0.0, 0.0, 0.0, 0.0, 0.000481, 0.0, -0.0, 0.0, -0.0, 0.0, -0.0, -0.0, -0.0, 0.0, 0.0, 1.0, 0.0, 0.0, 0.530759, 0.0, 0.0, 0.0, 0.0, -0.0, -0.0, -1e-05, -0.000114, -0.0, -2.2e-05, 0.000726, -4e-06, -0.000371, 0.027471, 2.6e-05, -1e-06, 3.8e-05, -6e-05, 0.003389, -0.000149, -0.000963, -0.00099, -1.8e-05, -0.001677, 0.094728, -1.8e-05, -0.001606, 0.221957, 0.000629, -4.5e-05, 0.00259, -0.003062, 0.237275, -0.0, -0.0, -1.1e-05, -0.0, -0.0, -0.0, -0.0, -8.9e-05, -2e-06, 0.0, -0.0, -0.0, -0.0, -0.0, -0.041981, -0.227684, -0.210476, -0.01198, 0.207632, -0.209538, -0.009821, 0.170223, -0.0258, 0.121497, 0.014757, -0.014768, -0.044479, 0.25596, 0.0, 0.000118, 0.0, 0.0, -0.0, 0.349577, 0.184221, -0.024112, -0.264457, -0.269585, 0.0, -1e-06, 0.0, 0.0, 0.0, -0.0, -0.000175, 0.0, -0.0, -0.0, -0.018568, -0.065401, -0.000374, 0.023974, -0.009209, -0.033289, -0.122218, -0.002074, 0.005581, -0.044596], [-3e-06, -4.4e-05, -0.000371, 0.00048, -7.6e-05, 0.0, 0.011997, -0.001204, 0.0, 8.6e-05, 0.001467, 0.0, -0.000115, 0.0, 0.0, -0.0, 0.0, 0.530759, 0.0, 0.0, 1.0, 0.0, 0.0, 0.0, 0.0, 0.0, -0.0, 0.0, -0.000218, -0.001408, -0.003269, 0.027451, -0.001805, -4e-06, 0.155513, -0.00645, -1.5e-05, 0.001671, 0.052813, 0.000121, -0.001717, -8e-06, -0.001408, -0.00534, -0.006679, 0.221917, -0.004219, -1.8e-05, 0.579133, -0.006905, -2.9e-05, 0.004046, 0.224739, 0.000934, -0.0021, -1.7e-05, -0.0, -0.0, -4e-06, 1.9e-05, -0.0, -0.0, 0.001563, -1.7e-05, -4e-06, 0.0, 7.1e-05, 1.7e-05, -1e-06, -0.0, -0.004196, -0.015488, -0.018833, 0.244796, 0.00617, -0.009821, 0.615893, 0.00973, -0.015487, 0.01139, -0.123873, 0.197174, 0.002354, 0.004885, -1.1e-05, -0.000328, 3e-05, -1.2e-05, 2e-06, 0.024217, 0.022808, 0.292512, -0.006257, -0.011703, -0.0, -2e-06, 0.0, -0.0, -0.0, 3e-06, 0.000119, 1.9e-05, 3e-06, 2e-06, -0.003777, -0.006257, 0.068334, 0.003081, -0.001882, -0.011513, -0.019325, 0.065611, 0.001237, -0.010991], [-0.00025, -0.003924, -0.032719, -7.6e-05, -0.006213, 0.0, -0.001204, -0.094197, 0.0, 0.005031, -0.000214, 0.0, -0.008717, 0.0, -0.0, 0.0, 0.0, 0.0, 0.530759, 0.0, 0.0, 1.0, 0.0, 0.0, 0.0, 0.0, 0.0, 0.0, -0.019551, -0.126379, -0.29339, -0.001805, -0.134568, -0.000371, -0.00645, -0.423292, -0.001325, 0.058451, -0.002846, -8e-06, -0.101277, -0.000585, -0.129002, -0.489142, -0.611799, -0.004219, -0.164453, -0.001606, -0.006905, -0.053309, -0.002628, -0.018719, -0.001747, -1.7e-05, 0.032383, -0.000665, -7e-06, -0.0002, -0.004756, -0.0, -0.000355, -8.9e-05, -1.7e-05, -0.017554, -0.004551, 0.000373, -1e-06, -0.0, -0.000569, -0.000306, 0.072723, 0.268434, 0.326407, 0.00617, 0.138212, 0.170223, 0.00973, 0.447824, 0.268417, 0.017459, 0.004088, 0.004885, -0.164842, 0.112783, -0.00054, -0.015934, -1.2e-05, -0.000536, 0.000119, 0.26561, 0.250154, -0.006257, 0.224453, -0.128356, -3e-06, -0.000762, -0.0, -2e-06, -0.0, -0.000324, -0.011473, 3e-06, -0.000287, -0.00015, 0.242108, 0.40105, 0.003081, -0.129079, 0.120624, 0.030984, 0.052008, 0.001237, 0.062741, 0.029579], [-0.0, 0.0, 0.0, 0.0, 0.0, 0.000481, 0.0, 0.0, 0.012011, 0.0, 0.0, 1.7e-05, 0.0, 0.00147, -0.0, 0.0, 0.0, 0.0, 0.0, 0.530759, 0.0, 0.0, 1.0, 0.0, 0.0, 0.0, 0.0, 0.0, -4.5e-05, -0.000289, -0.000672, -4e-06, -0.000371, 0.027471, -1.5e-05, -0.001325, 0.155582, 0.000134, -8e-06, 0.000589, -0.000474, 0.05285, -0.000536, -0.002033, -0.002542, -1.8e-05, -0.001606, 0.221957, -2.9e-05, -0.002628, 0.579197, -7.8e-05, -1.7e-05, 0.002454, -0.001734, 0.224779, -2e-06, -4.8e-05, -0.001132, -0.0, -8.9e-05, -2e-06, -4e-06, -0.004551, 0.00048, 8.9e-05, -0.0, -0.0, -0.000169, -6e-06, -0.115758, -0.427281, -0.51956, -0.009821, 0.170223, -0.0258, -0.015487, 0.268417, 0.1892, -0.02779, 0.004885, -0.000619, -0.132526, 0.010729, 0.000113, 0.003346, 2e-06, 0.000119, 6e-06, 0.496765, 0.467858, -0.011703, -0.128356, 0.053021, -1e-06, -0.000143, -0.0, -0.0, -0.0, -0.00016, -0.005649, 2e-06, -0.00015, -5.5e-05, -0.147898, -0.244992, -0.001882, 0.120624, -0.005304, -0.275264, -0.462039, -0.010991, 0.029579, -0.196713], [-0.0, -2e-06, -0.001054, -0.0, -4e-06, 0.0, -8.6e-05, -0.005031, 0.0, 8e-06, -0.0, 0.0, -1.4e-05, 0.0, -0.0, 0.0, 0.0, 0.0, 0.0, 0.0, 0.0, 0.0, 0.0, 1.0, 0.0, 0.0, 0.0, 0.0, -0.000113, -0.005646, -0.028917, -0.000191, -0.011248, -2.6e-05, -0.001671, -0.058451, -0.000134, 0.01371, -0.00079, -2e-06, -0.021721, -9.9e-05, -0.044766, -0.1401, -0.072411, -0.006139, -0.151365, -0.000629, -0.004046, 0.018719, 7.8e-05, 0.136057, -0.010266, -4.3e-05, 0.003283, 2.7e-05, -0.0, -0.0, -5.5e-05, -0.0, -0.0, -0.0, -0.0, -0.000373, -8.9e-05, 0.0, -0.0, -0.0, -0.0, -0.0, -0.058617, -0.14739, -0.070835, -0.01951, 0.076329, -0.121497, -0.01139, -0.017459, 0.02779, 0.146617, 0.01572, -0.025022, -0.019077, -0.039598, -0.0, -0.000488, -0.0, -0.0, 0.0, -0.201489, -0.038929, 0.03718, 0.038073, 0.071207, 0.0, -6e-06, 0.0, 0.0, 0.0, -0.0, -0.000346, 0.0, -0.0, -0.0, -0.034482, -0.046198, -0.001242, 0.045229, -0.027629, -0.032584, -0.045518, -0.00362, 0.005571, -0.049488], [0.0, 0.0, 4.1e-05, -0.0, 0.0, -0.0, -0.001467, 0.000214, 0.0, -0.0, -3e-06, 0.0, 1e-06, 0.0, 0.0, 0.0, 0.0, -0.0, 0.0, 0.0, 0.0, 0.0, 0.0, 0.0, 1.0, 0.0, 0.0, 0.0, 4e-06, 0.000218, 0.001116, -0.003383, 0.000472, 1e-06, -0.052813, 0.002846, 8e-06, -0.00079, -0.014663, -3.6e-05, 0.001015, 5e-06, 0.001693, 0.005299, 0.002739, -0.237173, 0.008317, 4.5e-05, -0.224739, 0.001747, 1.7e-05, -0.010266, -0.40843, -0.002271, 0.005847, 7.3e-05, 0.0, 0.0, 0.0, -0.0, 0.0, 0.0, -7.1e-05, 1e-06, 0.0, -0.0, -0.0, -0.0, 0.0, 0.0, -0.003322, -0.008352, -0.004014, 0.150627, 0.000549, -0.014757, 0.123873, -0.004088, -0.004885, 0.01572, 0.00142, 0.272345, 0.017437, -0.00013, 0.0, 3.3e-05, -0.0, 0.0, -0.0, 0.014201, 0.002744, 0.212414, 0.008093, -0.021263, 0.0, 0.0, 0.0, 0.0, 0.0, -0.0, -1e-05, -0.0, -0.0, -0.0, -0.001358, -0.001819, 0.019826, 0.001922, -0.001364, -0.000527, -0.000736, 0.002366, -0.000782, -0.000999], [-0.0, -0.0, 0.0, -0.0, 0.0, -0.0, 0.0, 0.0, -1.7e-05, 0.0, 0.0, 0.0, 0.0, -0.0, 0.0, 0.0, 0.0, -0.0, 0.0, 0.0, 0.0, 0.0, 0.0, 0.0, 0.0, 1.0, 0.0, 0.0, 0.0, 0.0, 3e-06, -8e-06, 1e-06, -3.8e-05, -0.000121, 8e-06, -0.000589, -2e-06, -3.6e-05, 0.001174, 3e-06, -0.000177, 7e-06, 2.2e-05, 1.1e-05, -0.000986, 4.5e-05, -0.00259, -0.000934, 1.7e-05, -0.002454, -4.3e-05, -0.002271, 0.138008, 7.4e-05, -0.005968, 0.0, 0.0, 0.0, -0.0, 0.0, 0.0, -1.7e-05, 0.0, 0.0, -0.0, -0.0, -0.0, 0.0, 0.0, 0.005287, 0.013295, 0.006389, -0.239762, -0.014757, 0.014768, -0.197174, -0.004885, 0.000619, -0.025022, 0.272345, -0.260989, 0.003775, -0.014984, -0.0, -7e-06, 0.0, -0.0, 0.0, 0.02656, 0.005131, 0.397273, -0.021263, -0.020307, 0.0, 0.0, 0.0, 0.0, 0.0, -0.0, -5e-06, -0.0, -0.0, -0.0, 0.000829, 0.001111, -0.012112, -0.001364, 0.000523, 0.004678, 0.006535, -0.021022, -0.000999, 0.007984], [0.0, 3e-06, 0.001826, 0.0, 7e-06, -0.0, 0.000115, 0.008717, 0.0, -1.4e-05, 1e-06, 0.0, 2.5e-05, 0.0, -0.0, -0.0, -0.0, -0.0, -0.0, 0.0, -0.0, 0.0, 0.0, 0.0, 0.0, 0.0, 1.0, 0.0, 0.000196, 0.009782, 0.050098, 0.000255, 0.019487, 6e-05, 0.001717, 0.101277, 0.000474, -0.021721, 0.001015, 3e-06, 0.038811, 0.000245, 0.077553, 0.242709, 0.125445, 0.005454, 0.262274, 0.003062, 0.0021, -0.032383, 0.001734, 0.003283, 0.005847, 7.4e-05, 0.132487, 0.004497, 0.0, 0.0, 8.6e-05, 0.0, 0.0, 0.0, 1e-06, 0.000569, 0.000169, -0.0, 0.0, 0.0, 0.0, 0.0, -0.044148, -0.111008, -0.05335, -0.007109, 0.274381, 0.044479, -0.002354, 0.164842, 0.132526, -0.019077, 0.017437, 0.003775, -0.333403, 0.207813, 0.0, 0.000774, 0.0, 0.0, -0.0, -0.194531, -0.037585, 0.0142, 0.369189, -0.107938, 0.0, 1e-05, 0.0, 0.0, 0.0, 0.0, 0.000366, -0.0, 0.0, 0.0, 0.027273, 0.03654, 0.0007, -0.024982, 0.039526, -0.055216, -0.077134, -0.004383, 0.014204, -0.083398], [-0.0, -0.0, 0.0, 0.0, 0.0, -0.0, 0.0, 0.0, -0.00147, 0.0, 0.0, -0.0, 0.0, -3e-06, 0.0, 0.0, 0.0, 0.0, -0.0, -0.0, 0.0, 0.0, 0.0, 0.0, 0.0, 0.0, 0.0, 1.0, 1e-06, 4.5e-05, 0.000229, 1e-06, 9.7e-05, -0.003389, 8e-06, 0.000585, -0.05285, -9.9e-05, 5e-06, -0.000177, 0.000245, -0.014687, 0.000645, 0.002017, 0.001043, 4.5e-05, 0.003166, -0.237275, 1.7e-05, 0.000665, -0.224779, 2.7e-05, 7.3e-05, -0.005968, 0.004497, -0.408595, 0.0, 0.0, 4.3e-05, 0.0, 0.0, 0.0, 0.0, 0.000306, 6e-06, -0.0, 0.0, 0.0, 0.0, 0.0, -0.091639, -0.230424, -0.110741, -0.014757, 0.015157, -0.25596, -0.004885, -0.112783, -0.010729, -0.039598, -0.00013, -0.014984, 0.207813, -0.002155, -0.0, -0.00034, -0.0, -0.0, 0.0, 0.291301, 0.056281, -0.021263, 0.166001, -0.22272, 0.0, 4e-06, 0.0, 0.0, 0.0, 0.0, 0.000475, -0.0, 0.0, 0.0, -0.053157, -0.071219, -0.001364, 0.07527, -0.033531, -0.01259, -0.017587, -0.000999, -0.018704, -0.021486], [0.00045, 0.017185, 0.063789, 0.00042, 0.035918, -0.000152, 0.001509, 0.129029, -0.000545, -0.044808, 0.001816, -8e-06, 0.077628, -0.000656, 1e-06, 3.3e-05, 0.004682, -1e-06, -7.5e-05, -0.0, -0.000218, -0.019551, -4.5e-05, -0.000113, 4e-06, 0.0, 0.000196, 1e-06, 1.0, -0.2157, 0.19014, 0.0, -0.0, 0.0, 0.0, 0.0, 0.0, -0.0, 0.0, 0.0, -0.0, -0.0, 0.00119, 0.042133, 0.086982, -0.000911, -0.079897, -7e-06, -0.001675, -0.146817, -1.2e-05, -0.085695, 0.003387, 0.0, 0.148467, 2.5e-05, 2e-06, 0.000104, 0.008277, -2e-06, 0.00021, 0.000111, -0.000322, 0.027441, 0.01449, -0.000361, -1.1e-05, -6e-06, 0.000353, 0.000516, 0.0, 0.0, 0.000254, 0.0, -0.0, 0.0, 5e-06, -0.001511, 0.00051, -1e-06, -0.0, 0.0, 1e-06, -1e-06, 0.000589, 0.022561, 1.1e-05, 0.000339, -0.000169, 1e-06, 0.001799, -0.0, -1e-06, -0.0, 1e-06, 0.001301, -0.0, 0.0, 0.0, 3.7e-05, 0.007937, -1e-06, 1.4e-05, 1.8e-05, 0.0, 3e-05, -0.0, -0.0, 0.0, 0.0, 0.00084, 0.0, -0.0, 0.0], [0.017185, 0.16024, 0.309334, 0.002711, 0.231838, -0.00098, 0.005721, 0.489199, -0.002068, -0.140125, 0.005678, -2.4e-05, 0.242761, -0.002052, 3.3e-05, 0.001987, 0.039435, -4.8e-05, -0.004307, -1e-05, -0.001408, -0.126379, -0.000289, -0.005646, 0.000218, 0.0, 0.009782, 4.5e-05, -0.2157, 1.0, 0.718332, -0.0, 0.0, -0.0, -0.0, -0.0, -0.0, 0.0, 0.0, -0.0, -0.0, 0.0, 0.042133, 0.253675, 0.393434, -0.00375, -0.328676, -2.7e-05, -0.005937, -0.520439, -4.3e-05, -0.15124, 0.005978, 0.0, 0.262024, 4.4e-05, 0.000104, 0.005324, 0.062107, -0.000113, 0.009656, 0.005099, -0.001861, 0.1586, 0.083748, -0.013114, -0.000417, -0.00022, 0.012812, 0.018762, 0.0, 1.2e-05, 0.003715, 0.0, -2.9e-05, 1e-05, 5.9e-05, -0.016738, 0.005653, -5.3e-05, -1e-06, 0.0, 7.4e-05, -5.6e-05, 0.016296, 0.131099, 0.000595, 0.017785, -0.008861, 8.9e-05, 0.015931, -1e-06, -4e-05, -1.2e-05, 4.6e-05, 0.012129, -0.0, 1.7e-05, 6e-06, 0.001907, 0.05512, -4.5e-05, 0.001011, 0.001281, 0.0, 0.000493, -0.0, -0.0, 0.0, 1.8e-05, 0.008385, 0.0, -5e-06, 4e-06], [0.063789, 0.309334, 0.563099, 0.002786, 0.238264, -0.001007, 0.007155, 0.611808, -0.002586, -0.072404, 0.002934, -1.2e-05, 0.125438, -0.00106, 0.004682, 0.039435, 0.141218, -0.000557, -0.049967, -0.000114, -0.003269, -0.29339, -0.000672, -0.028917, 0.001116, 3e-06, 0.050098, 0.000229, 0.19014, 0.718332, 1.0, 0.0, 0.0, 0.0, 0.0, 0.0, 0.0, 0.0, 0.0, 0.0, -0.0, 0.0, 0.086982, 0.393434, 0.662969, -0.002976, -0.260832, -2.2e-05, -0.006923, -0.60687, -5.1e-05, -0.066746, 0.002638, 0.0, 0.115637, 1.9e-05, 0.008277, 0.062107, 0.191219, -0.000767, 0.065355, 0.03451, -0.003761, 0.320487, 0.169232, -0.0391, -0.001243, -0.000656, 0.038199, 0.055939, 0.000254, 0.003715, 0.029503, 1.9e-05, -0.005488, 0.001853, 0.000287, -0.081074, 0.027382, -0.004596, -5.1e-05, 1.7e-05, 0.006331, -0.004827, 0.103574, 0.312494, 0.002865, 0.085611, -0.042653, 0.007776, 0.069584, -0.000196, -0.008091, -0.002485, 0.00558, 0.057347, -2e-05, 0.005759, 0.001953, 0.035524, 0.168257, -0.00101, 0.022771, 0.028858, 0.000117, 0.005969, -0.0, -0.000109, 2.7e-05, 0.003563, 0.044144, 6.4e-05, -0.00312, 0.002293], [-0.00042, -0.002711, -0.002786, 0.094761, -0.004723, 2e-05, 0.221989, -0.004519, 1.9e-05, 0.006579, 0.237307, -0.001003, -0.005843, 4.9e-05, 1e-06, 4.8e-05, 0.000557, 0.000724, -0.000109, -0.0, 0.027451, -0.001805, -4e-06, -0.000191, -0.003383, -8e-06, 0.000255, 1e-06, 0.0, -0.0, 0.0, 1.0, 0.0, 0.0, 0.530759, 0.0, 0.0, -0.0, 0.0, 0.0, 0.0, 0.0, 0.000911, 0.00375, 0.002976, 0.175106, -0.006273, -1e-06, 0.284348, -0.004044, -0.0, -0.008566, -0.367501, -3.1e-05, 0.00645, 1e-06, 2e-06, 0.000113, 0.000767, 0.002061, 0.000216, 0.000114, 0.043363, 0.001987, 0.001049, -0.000411, 0.007842, 0.004141, 0.000298, 0.000436, -0.0, -0.0, -1.9e-05, 3e-06, 0.0, -0.0, 0.002609, 8.8e-05, -3e-05, 1e-06, -2e-05, 7e-06, -1e-06, 1e-06, -0.000888, -0.003544, 0.004154, -0.001171, 0.000583, 5e-06, 0.000465, 5e-06, -3e-06, -1e-06, 0.0, 5.1e-05, 2e-06, 0.0, 0.0, 0.000109, 0.001633, 0.000253, 6.9e-05, 8.8e-05, 0.0, 0.0, 0.0, -0.0, 0.0, -1e-06, -0.000186, 1e-06, 0.0, -0.0], [-0.035918, -0.231838, -0.238264, -0.004723, -0.309015, 0.001707, -0.004519, -0.164348, 0.001633, 0.151338, -0.00891, 4.9e-05, -0.262244, 0.003221, 7.5e-05, 0.004307, 0.049967, -0.000109, -0.009044, -2.2e-05, -0.001805, -0.134568, -0.000371, -0.011248, 0.000472, 1e-06, 0.019487, 9.7e-05, -0.0, 0.0, 0.0, 0.0, 1.0, 0.0, 0.0, 0.530759, 0.0, -0.0, -0.0, 0.0, 0.0, 0.0, 0.079897, 0.328676, 0.260832, -0.006273, -0.374726, -4.6e-05, -0.004044, -0.070088, -3e-05, -0.114094, 0.008706, 1e-06, 0.197764, 6.4e-05, -0.00021, -0.009656, -0.065355, 0.000216, -0.016387, -0.009742, 0.001987, -0.125924, -0.089404, 0.021422, 0.000733, 0.000436, -0.017505, -0.032987, 0.0, 2.9e-05, 0.005488, 0.0, -7e-05, 2.5e-05, 8.8e-05, -0.022153, 0.008363, -0.000127, -1e-06, 1e-06, 0.000171, -0.000139, -0.026533, -0.105915, -0.001171, -0.030789, 0.017429, 0.000201, 0.019225, -3e-06, -9.9e-05, -3.2e-05, -0.000104, -0.014892, 0.0, -4.4e-05, -1.6e-05, -0.002456, -0.036832, 6.9e-05, -0.001309, -0.001983, 0.0, 0.000765, -0.0, -0.0, 0.0, 3.7e-05, 0.009047, 0.0, -1.1e-05, 8e-06], [0.000152, 0.00098, 0.001007, 2e-05, 0.001707, 0.094809, 1.9e-05, 0.001633, 0.222035, -0.00064, 4.9e-05, 0.002777, 0.003116, 0.237426, 0.0, 1e-05, 0.000114, -0.0, -2.2e-05, 0.000726, -4e-06, -0.000371, 0.027471, -2.6e-05, 1e-06, -3.8e-05, 6e-05, -0.003389, 0.0, -0.0, 0.0, 0.0, 0.0, 1.0, 0.0, 0.0, 0.530759, 0.0, 0.0, -0.0, 0.0, 0.0, 7e-06, 2.7e-05, 2.2e-05, -1e-06, -4.6e-05, 0.175178, -0.0, -3e-05, 0.284394, -1e-05, 1e-06, -0.004194, 7.8e-05, -0.367649, -0.000111, -0.005099, -0.03451, 0.000114, -0.009742, -0.003081, 0.001049, -0.089404, -0.003823, 0.011312, 0.000436, 0.000138, -0.017535, -0.011756, -0.0, -1e-05, -0.001853, -0.0, 2.5e-05, -5e-06, -3e-05, 0.008363, -0.000215, 4.3e-05, 1e-06, -0.0, -7.1e-05, 2.9e-05, 0.013219, 0.052768, 0.000583, 0.017429, -0.00449, 6.2e-05, 0.005905, -1e-06, -3.2e-05, -5e-06, -3.5e-05, -0.005049, 0.0, -1.6e-05, -3e-06, -0.003112, -0.046678, 8.8e-05, -0.001983, -0.002257, -0.0, -0.000189, 0.0, 0.0, -0.0, -2.7e-05, -0.006649, -0.0, 8e-06, -5e-06], [-0.001509, -0.005721, -0.007155, 0.221989, -0.004519, 1.9e-05, 0.57925, -0.007395, 3.1e-05, 0.004334, 0.224763, -0.00095, -0.002249, 1.9e-05, 0.000218, 0.001408, 0.003269, 0.027451, -0.001805, -4e-06, 0.155513, -0.00645, -1.5e-05, -0.001671, -0.052813, -0.000121, 0.001717, 8e-06, 0.0, -0.0, 0.0, 0.530759, 0.0, 0.0, 1.0, 0.0, 0.0, 0.0, 0.0, 0.0, 0.0, 0.0, 0.001675, 0.005937, 0.006923, 0.284348, -0.004044, -0.0, 0.676526, -0.00603, -1e-06, -0.004174, -0.24254, -2e-05, 0.001695, 0.0, 0.000322, 0.001861, 0.003761, 0.043363, 0.001987, 0.001049, 0.207466, 0.005988, 0.003162, -0.002041, 0.067459, 0.035621, 0.001101, 0.001612, -5e-06, -5.9e-05, -0.000287, 0.002609, 8.8e-05, -3e-05, 0.035122, 0.000748, -0.000253, 9.7e-05, -0.006516, 0.002201, -9.6e-05, 7.3e-05, -0.007917, -0.013649, 0.061401, -0.00689, 0.003433, 0.000761, 0.003686, 0.004013, -0.000858, -0.000264, 8e-05, 0.000443, 0.002839, 9e-05, 3.1e-05, 0.003202, 0.008477, 0.019937, 0.002188, 0.002772, 0.0, 5e-06, 4.7e-05, -0.0, 0.0, -0.000278, -0.001836, 0.00176, 0.000266, -0.000196], [-0.129029, -0.489199, -0.611808, -0.004519, -0.164348, 0.001633, -0.007395, -0.053053, 0.002673, -0.018773, -0.00187, 1.9e-05, 0.032469, 0.000676, 0.019551, 0.126379, 0.29339, -0.001805, -0.134568, -0.000371, -0.00645, -0.423292, -0.001325, -0.058451, 0.002846, 8e-06, 0.101277, 0.000585, 0.0, -0.0, 0.0, 0.0, 0.530759, 0.0, 0.0, 1.0, 0.0, -0.0, 0.0, 0.0, 0.0, 0.0, 0.146817, 0.520439, 0.60687, -0.004044, -0.070088, -3e-05, -0.00603, 0.147997, -4.4e-05, 0.054312, 0.000622, 0.0, -0.094033, 5e-06, -0.027441, -0.1586, -0.320487, 0.001987, -0.125924, -0.089404, 0.005988, -0.302781, -0.269471, 0.057057, 0.002261, 0.001612, -0.026319, -0.101741, 0.001511, 0.016738, 0.081074, 8.8e-05, -0.022153, 0.008363, 0.000748, -0.17604, 0.071318, -0.015988, -0.000194, 7.3e-05, 0.020687, -0.018541, -0.236594, -0.407883, -0.00689, -0.144266, 0.102581, 0.031441, 0.152308, -0.000858, -0.031432, -0.010893, -0.023422, -0.129395, 9e-05, -0.023464, -0.008919, -0.072196, -0.191131, 0.002188, -0.029292, -0.062511, 0.00077, 0.019446, -0.0, -0.00077, 0.000202, 0.013502, 0.08906, 0.000266, -0.011162, 0.009502], [0.000545, 0.002068, 0.002586, 1.9e-05, 0.001633, 0.222035, 3.1e-05, 0.002673, 0.579325, 7.9e-05, 1.9e-05, 0.002629, 0.001763, 0.224809, 4.5e-05, 0.000289, 0.000672, -4e-06, -0.000371, 0.027471, -1.5e-05, -0.001325, 0.155582, -0.000134, 8e-06, -0.000589, 0.000474, -0.05285, 0.0, -0.0, 0.0, 0.0, 0.0, 0.530759, 0.0, 0.0, 1.0, 0.0, 0.0, 0.0, 0.0, 0.0, 1.2e-05, 4.3e-05, 5.1e-05, -0.0, -3e-05, 0.284394, -1e-06, -4.4e-05, 0.676595, 5e-06, 0.0, -0.002767, 3.3e-05, -0.242579, -0.01449, -0.083748, -0.169232, 0.001049, -0.089404, -0.003823, 0.003162, -0.269471, 0.065244, 0.030129, 0.001612, 5.9e-05, -0.085178, -0.005049, -0.00051, -0.005653, -0.027382, -3e-05, 0.008363, -0.000215, -0.000253, 0.071318, 0.011038, 0.0054, 7.3e-05, -2e-06, -0.011389, 0.000489, 0.117874, 0.203213, 0.003433, 0.102581, 0.010525, 0.009657, 0.04678, -0.000264, -0.010893, 0.000688, -0.007942, -0.043874, 3.1e-05, -0.008919, -0.000185, -0.091494, -0.242221, 0.002772, -0.062511, -0.059186, -0.00019, -0.004802, 0.0, 0.000202, -3e-06, -0.009924, -0.065457, -0.000196, 0.009502, -0.005218], [-0.044808, -0.140125, -0.072404, -0.006579, -0.151338, 0.00064, -0.004334, 0.018773, -7.9e-05, 0.136065, -0.010998, 4.6e-05, 0.003427, -2.9e-05, -0.000113, -0.005646, -0.028917, 0.000191, 0.011248, 2.6e-05, 0.001671, 0.058451, 0.000134, 0.01371, -0.00079, -2e-06, -0.021721, -9.9e-05, -0.0, 0.0, 0.0, -0.0, -0.0, 0.0, 0.0, -0.0, 0.0, 1.0, 0.0, 0.0, 0.0, 0.0, -0.085695, -0.15124, -0.066746, 0.008566, 0.114094, 1e-05, 0.004174, -0.054312, -5e-06, 0.175523, -0.010933, -1e-06, 0.115856, 1.9e-05, -0.000361, -0.013114, -0.0391, 0.000411, -0.021422, -0.011312, 0.002041, -0.057057, -0.030129, 0.026824, 0.001352, 0.000714, -0.022948, -0.033606, -1e-06, -5.3e-05, -0.004596, -1e-06, 0.000127, -4.3e-05, -9.7e-05, 0.015988, -0.0054, 0.000224, 3e-06, -1e-06, -0.000301, 0.00023, -0.02939, -0.044664, -0.00229, -0.039897, 0.019877, -0.000315, -0.011786, 6e-06, 0.000189, 5.8e-05, -0.00017, -0.009579, 0.0, -8.7e-05, -3e-05, -0.00488, -0.028117, 0.000219, -0.003461, -0.004387, -0.0, -0.000655, 0.0, 0.0, -0.0, -7.3e-05, -0.007163, -1e-06, 2.6e-05, -1.9e-05], [0.001816, 0.005678, 0.002934, -0.237307, 0.00891, -4.9e-05, -0.224763, 0.00187, -1.9e-05, -0.010998, -0.408498, 0.00231, 0.00626, -8e-05, 4e-06, 0.000218, 0.001116, 0.003383, -0.000472, -1e-06, 0.052813, -0.002846, -8e-06, -0.00079, -0.014663, -3.6e-05, 0.001015, 5e-06, 0.0, 0.0, 0.0, 0.0, -0.0, 0.0, 0.0, 0.0, 0.0, 0.0, 1.0, 0.0, 0.0, 0.0, 0.003387, 0.005978, 0.002638, 0.367501, -0.008706, -1e-06, 0.24254, -0.000622, -0.0, -0.010933, -0.44436, -5.7e-05, 0.003263, 1e-06, -1.1e-05, -0.000417, -0.001243, -0.007842, -0.000733, -0.000436, -0.067459, -0.002261, -0.001612, 0.001352, -0.026424, -0.015716, -0.000774, -0.001461, -0.0, -1e-06, -5.1e-05, 2e-05, 1e-06, -1e-06, 0.006516, 0.000194, -7.3e-05, 3e-06, -0.000111, 3.9e-05, -4e-06, 3e-06, 0.002734, 0.004155, -0.01633, 0.004046, -0.00229, 2.4e-05, 0.000904, 2.9e-05, -1.5e-05, -5e-06, -2e-06, -0.000102, -1.3e-05, -1e-06, -0.0, -0.000288, -0.00166, -0.000847, -0.000196, -0.000296, 0.0, 1e-06, 0.0, -0.0, 0.0, -3e-06, -0.000332, 3e-06, 1e-06, -1e-06], [-8e-06, -2.4e-05, -1.2e-05, 0.001003, -4.9e-05, -0.002777, 0.00095, -1.9e-05, -0.002629, 4.6e-05, 0.00231, 0.138109, -8.1e-05, -0.006395, 0.0, 0.0, 3e-06, 8e-06, -1e-06, 3.8e-05, 0.000121, -8e-06, 0.000589, -2e-06, -3.6e-05, 0.001174, 3e-06, -0.000177, 0.0, -0.0, 0.0, 0.0, 0.0, -0.0, 0.0, 0.0, 0.0, 0.0, 0.0, 1.0, 0.0, 0.0, 0.0, 0.0, 0.0, 3.1e-05, -1e-06, 0.004194, 2e-05, -0.0, 0.002767, -1e-06, -5.7e-05, 0.242485, 2e-06, -0.007838, -6e-06, -0.00022, -0.000656, -0.004141, -0.000436, -0.000138, -0.035621, -0.001612, -5.9e-05, 0.000714, -0.015716, -0.00496, -0.000778, -0.00052, 0.0, 0.0, 1.7e-05, -7e-06, -1e-06, 0.0, -0.002201, -7.3e-05, 2e-06, -1e-06, 3.9e-05, -8e-06, 1e-06, -1e-06, -0.001362, -0.00207, 0.008136, -0.00229, 0.00059, 7e-06, 0.000278, 9e-06, -5e-06, -1e-06, -1e-06, -3.5e-05, -4e-06, -0.0, -0.0, -0.000365, -0.002104, -0.001074, -0.000296, -0.000337, -0.0, -0.0, -0.0, 0.0, -0.0, 2e-06, 0.000244, -3e-06, -1e-06, 1e-06], [0.077628, 0.242761, 0.125438, 0.005843, 0.262244, -0.003116, 0.002249, -0.032469, -0.001763, 0.003427, 0.00626, -8.1e-05, 0.132366, -0.004574, 0.000196, 0.009782, 0.050098, -0.000255, -0.019487, -6e-05, -0.001717, -0.101277, -0.000474, -0.021721, 0.001015, 3e-06, 0.038811, 0.000245, -0.0, -0.0, -0.0, 0.0, 0.0, 0.0, 0.0, 0.0, 0.0, 0.0, 0.0, 0.0, 1.0, 0.0, 0.148467, 0.262024, 0.115637, -0.00645, -0.197764, -7.8e-05, -0.001695, 0.094033, -3.3e-05, 0.115856, 0.003263, 2e-06, 0.042032, 8.1e-05, 0.000353, 0.012812, 0.038199, -0.000298, 0.017505, 0.017535, -0.001101, 0.026319, 0.085178, -0.022948, -0.000774, -0.000778, -0.000224, 0.050582, 1e-06, 7.4e-05, 0.006331, 1e-06, -0.000171, 7.1e-05, 9.6e-05, -0.020687, 0.011389, -0.000301, -4e-06, 1e-06, 0.000373, -0.000379, 0.030714, 0.046677, 0.00