{"coordinates": [[[8.821, 8.72, 10.085], [8.096, 10.059, 9.867], [11.003, 9.944, 10.001], [10.3, 8.787, 10.006], [8.96, 11.275, 10.019], [10.298, 11.2, 10.083], [12.498, 10.004, 9.936], [8.454, 7.995, 9.34], [8.552, 8.32, 11.071], [7.254, 10.125, 10.567], [7.661, 10.076, 8.86], [10.852, 7.84, 9.967], [8.473, 12.24, 10.064], [10.881, 12.11, 10.18], [12.904, 10.501, 10.824], [12.823, 10.5, 9.049], [12.94, 9.006, 9.882]]], "HF": [-272.73523192384], "elements": [["C", "C", "C", "C", "C", "C", "C", "H", "H", "H", "H", "H", "H", "H", "H", "H", "H"]], "S": [[[1.0, -0.2157, 0.19014, -0.0, 0.0, -0.0, 0.0, 0.0, 0.0, -0.0, 0.0, 0.0, -0.0, 0.0, 0.000257, 0.010045, 0.052786, 0.003098, 0.010301, -0.019025, 0.016535, 0.054983, -0.101546, -0.027301, 0.006724, -0.012418, -0.026951, -0.041291, 1e-06, 6.3e-05, 0.006463, 5e-06, -0.000124, -7e-05, 0.000854, -0.022173, -0.012437, -0.000214, -2.2e-05, -1.2e-05, 0.000194, 0.000317, 0.000305, 0.011843, 0.055961, 0.00134, -0.025424, -0.001128, 0.006336, -0.120218, -0.005334, -0.033004, -0.006048, -0.000268, 0.057258, 0.005091, 1e-06, 4.6e-05, 0.005553, 3e-06, -6e-06, -0.000105, 0.000578, -0.001238, -0.022444, -0.000158, -1e-06, -1.4e-05, -0.000272, 3e-05, 0.0, 7e-06, 0.002101, 0.0, -9e-06, -1.5e-05, 8e-06, -0.005111, -0.008604, -2.6e-05, -0.0, -0.0, -2.2e-05, 4e-05, 0.0, 0.0, 5.8e-05, 0.0, -0.0, -0.0, 1.6e-05, -0.000401, -0.00014, -0.0, -0.0, -0.0, 0.0, 0.0, 0.055806, 0.095558, 0.068691, 0.034219, 0.067609, 0.055689, 0.095499, -0.091649, 0.025009, 0.037169, 0.000587, 0.022531, -8.4e-05, 0.000274, -0.000246, 0.00057, 0.022308, 0.000207, 0.000196, -0.000229, 0.000433, 0.020257, 1.5e-05, -0.000252, 0.000109, 0.0, 0.000856, 0.0, 0.0, -0.0, 0.0, 0.000223, -0.0, -0.0, -0.0, 0.0, 3.4e-05, -0.0, -0.0, -0.0, 0.0, 3.3e-05, 0.0, -0.0, -0.0, 0.0, 0.000129, 0.0, -0.0, -0.0], [-0.2157, 1.0, 0.718332, 0.0, -0.0, 0.0, -0.0, -0.0, -0.0, 0.0, 0.0, 0.0, -0.0, 0.0, 0.010045, 0.119279, 0.266969, 0.025768, 0.085686, -0.158252, 0.065288, 0.217098, -0.400953, -0.116632, 0.028724, -0.053049, -0.115138, -0.1764, 6.3e-05, 0.003473, 0.051006, 0.000245, -0.006369, -0.003572, 0.00518, -0.134574, -0.075486, -0.009107, -0.000926, -0.000519, 0.008242, 0.013491, 0.011843, 0.130772, 0.279389, 0.010322, -0.195849, -0.008689, 0.024708, -0.468788, -0.020798, -0.128367, -0.023521, -0.001044, 0.2227, 0.0198, 4.6e-05, 0.002671, 0.045192, 0.000147, -0.000314, -0.00569, 0.003615, -0.00774, -0.140334, -0.007281, -3.6e-05, -0.000649, -0.012551, 0.001389, 7e-06, 0.000492, 0.020732, 1e-06, -0.000581, -0.000977, 6.3e-05, -0.038523, -0.064847, -0.001645, -2e-06, -4e-06, -0.001362, 0.002501, 0.0, 1e-06, 0.001092, 0.0, -2e-06, -1e-06, 0.000232, -0.005711, -0.001994, -4e-06, -1e-06, -0.0, 6e-06, 5e-06, 0.31042, 0.429475, 0.239073, 0.119098, 0.235308, 0.310032, 0.429258, -0.319594, 0.087209, 0.129614, 0.016252, 0.130955, -0.004427, 0.014379, -0.012898, 0.015923, 0.129881, 0.010963, 0.010375, -0.012127, 0.013067, 0.119928, 0.000822, -0.014157, 0.006134, 1.9e-05, 0.008523, 0.0, 1e-06, -6e-06, 1e-06, 0.00273, -0.0, -0.0, -0.0, 0.0, 0.000547, -0.0, -0.0, -0.0, 0.0, 0.000531, 0.0, -0.0, -0.0, 0.0, 0.001708, 0.0, -0.0, -0.0], [0.19014, 0.718332, 1.0, 0.0, 0.0, 0.0, 0.0, 0.0, 0.0, 0.0, 0.0, 0.0, -0.0, 0.0, 0.052786, 0.266969, 0.509632, 0.031263, 0.103957, -0.191996, 0.085253, 0.283484, -0.52356, -0.068445, 0.016856, -0.031132, -0.067568, -0.103519, 0.006463, 0.051006, 0.167654, 0.002096, -0.054454, -0.030545, 0.011116, -0.288759, -0.161973, -0.034318, -0.003489, -0.001957, 0.031058, 0.050839, 0.055961, 0.279389, 0.525564, 0.011893, -0.225649, -0.010011, 0.031835, -0.604023, -0.026798, -0.072301, -0.013248, -0.000588, 0.125433, 0.011152, 0.005553, 0.045192, 0.154648, 0.001447, -0.003098, -0.056165, 0.008048, -0.017234, -0.312467, -0.031694, -0.000156, -0.002823, -0.054635, 0.006045, 0.002101, 0.020732, 0.092071, 2.3e-05, -0.014414, -0.024263, 0.000177, -0.109026, -0.183528, -0.018163, -2.7e-05, -4.5e-05, -0.015047, 0.027627, 5.8e-05, 0.001092, 0.013163, 7e-05, -0.001722, -0.000601, 0.001655, -0.040758, -0.01423, -0.00161, -0.000202, -7.1e-05, 0.002189, 0.00174, 0.45634, 0.733138, 0.164052, 0.081725, 0.161468, 0.45605, 0.732871, -0.219431, 0.059877, 0.088992, 0.103434, 0.312248, -0.021352, 0.069353, -0.06221, 0.102382, 0.310411, 0.053655, 0.050778, -0.059352, 0.092746, 0.293192, 0.004638, -0.079837, 0.034593, 0.003635, 0.044659, 2.4e-05, 0.000388, -0.003932, 0.000916, 0.019961, -2.4e-05, -0.000501, -0.000826, 0.000132, 0.006425, -2.1e-05, -0.000116, -5.1e-05, 0.000128, 0.006292, 2.8e-05, -0.000109, -5e-05, 0.00052, 0.014334, 2.6e-05, -0.000536, -3.7e-05], [-0.0, 0.0, 0.0, 1.0, 0.0, 0.0, 0.530759, 0.0, 0.0, -0.0, -0.0, 0.0, 0.0, 0.0, -0.003098, -0.025768, -0.031263, 0.059149, -0.021643, 0.039971, 0.183064, -0.02604, 0.048093, 0.062888, 0.076007, -0.140375, 0.033189, 0.050847, -5e-06, -0.000245, -0.002096, 0.001292, 0.000472, 0.000265, 0.035365, 0.005604, 0.003144, 0.000924, -0.005032, -0.002822, -0.000631, -0.001033, -0.00134, -0.010322, -0.011893, 0.072543, 0.018225, 0.000809, 0.198929, 0.020447, 0.000907, 0.025625, -0.192378, -0.008535, -0.023878, -0.002123, -3e-06, -0.000147, -0.001447, 0.000983, 1.8e-05, 0.000327, 0.031385, 0.000251, 0.004549, 0.000567, -0.000247, -0.004481, 0.000745, -8.2e-05, -0.0, -1e-06, -2.3e-05, 0.000167, 1e-06, 2e-06, 0.014426, 4.4e-05, 7.4e-05, 4e-06, -0.000438, -0.000737, 3e-06, -5e-06, -0.0, -0.0, -7e-05, 0.0, 0.0, 0.0, 0.000764, 0.000365, 0.000127, 1e-06, -1e-06, -0.0, -1e-06, -1e-06, -0.26238, -0.140641, -0.066147, -0.141682, -0.279927, 0.350661, 0.188147, -0.290717, 0.138781, 0.206263, 0.006609, 0.026425, 0.002004, 0.007064, -0.006336, -0.016436, -0.066571, -0.009602, -0.012938, 0.015122, -0.001286, -0.005898, 0.003044, 0.001684, -0.00073, -0.0, -6.9e-05, 1e-06, -0.0, 0.0, 0.0, 0.0001, 0.0, -0.0, -0.0, 0.0, 0.000142, -0.0, -0.0, -0.0, -0.0, -0.000194, -0.0, 0.0, 0.0, -0.0, -0.000125, 0.0, 0.0, 0.0], [0.0, -0.0, 0.0, 0.0, 1.0, 0.0, 0.0, 0.530759, 0.0, 0.0, -0.0, 0.0, -0.0, 0.0, -0.010301, -0.085686, -0.103957, -0.021643, -0.006308, 0.132913, -0.02604, 0.104305, 0.159922, 0.063129, -0.002184, 0.050847, 0.194646, 0.013413, 0.000124, 0.006369, 0.054454, 0.000472, -0.01095, -0.006877, 0.005604, -0.110007, -0.081664, -0.015172, -0.001645, -0.001033, 0.011294, 0.023977, 0.025424, 0.195849, 0.225649, 0.018225, -0.272277, -0.015341, 0.020447, -0.187939, -0.017212, -0.148619, -0.037578, -0.002123, 0.258151, 0.031632, 6e-06, 0.000314, 0.003098, 1.8e-05, 0.000953, -0.000701, 0.000251, 0.030965, -0.009741, -0.000782, 0.000112, -8.2e-05, -0.001845, -0.004343, 9e-06, 0.000581, 0.014414, 1e-06, -0.000546, -0.0012, 4.4e-05, -0.012587, -0.045472, -0.001822, -2e-06, -5e-06, -0.002157, 0.002419, 0.0, 2e-06, 0.001722, 0.0, -5e-06, -2e-06, 0.000365, -0.008208, -0.003138, -1.1e-05, -1e-06, -1e-06, 1.5e-05, 1.2e-05, -0.130709, -0.070063, -0.141682, 0.147679, -0.13945, -0.095687, -0.051341, 0.138781, 0.180004, -0.056284, -0.021465, -0.085829, 0.007064, -0.018765, 0.02058, -0.015555, -0.063002, -0.012938, -0.008176, 0.014311, 0.022143, 0.10153, 0.001684, -0.025841, 0.012558, -5e-06, -0.00112, -0.0, 0.0, 2e-06, 2e-06, 0.002058, -0.0, -0.0, -0.0, 0.0, 0.000787, -0.0, -0.0, -0.0, 0.0, 0.000748, 0.0, -0.0, -0.0, 1e-06, 0.002547, 0.0, -0.0, -0.0], [-0.0, 0.0, 0.0, 0.0, 0.0, 1.0, 0.0, 0.0, 0.530759, 0.0, 0.0, -0.0, 0.0, -0.0, 0.019025, 0.158252, 0.191996, 0.039971, 0.132913, -0.179816, 0.048093, 0.159922, -0.10446, -0.116592, 0.050847, -0.068561, -0.048155, -0.227982, 7e-05, 0.003572, 0.030545, 0.000265, -0.006877, -0.002547, 0.003144, -0.081664, -0.010227, -0.00851, -0.001033, -0.000383, 0.012059, 0.009952, 0.001128, 0.008689, 0.010011, 0.000809, -0.015341, 0.072823, 0.000907, -0.017212, 0.199243, -0.006594, -0.002123, 0.010178, 0.028747, -0.193113, 0.000105, 0.00569, 0.056165, 0.000327, -0.000701, -0.011714, 0.004549, -0.009741, -0.145113, -0.014171, -8.2e-05, -0.001378, -0.024408, 0.002951, 1.5e-05, 0.000977, 0.024263, 2e-06, -0.0012, -0.001852, 7.4e-05, -0.045472, -0.062118, -0.003067, -5e-06, -8e-06, -0.002156, 0.004875, 0.0, 1e-06, 0.000601, 0.0, -2e-06, -0.0, 0.000127, -0.003138, -0.000317, -4e-06, -1e-06, -0.0, 6e-06, 3e-06, -0.258248, -0.138426, -0.279927, -0.13945, -0.057258, -0.142214, -0.076305, 0.206263, -0.056284, 0.134222, 0.019254, 0.07699, -0.006336, 0.02058, -0.014282, 0.018181, 0.07364, 0.015122, 0.014311, -0.012659, -0.009594, -0.043992, -0.00073, 0.012558, -0.0023, 4.7e-05, 0.011344, 0.0, 2e-06, -1.7e-05, 3e-06, 0.003393, -0.0, -0.0, -0.0, 0.0, 0.000343, -0.0, -0.0, -0.0, 0.0, 0.000344, 0.0, -0.0, -0.0, 0.0, 0.000176, 0.0, -0.0, 0.0], [0.0, -0.0, 0.0, 0.530759, 0.0, 0.0, 1.0, 0.0, 0.0, 0.0, 0.0, 0.0, 0.0, 0.0, -0.016535, -0.065288, -0.085253, 0.183064, -0.02604, 0.048093, 0.513357, -0.045109, 0.083311, 0.050575, 0.094955, -0.17537, 0.016008, 0.024525, -0.000854, -0.00518, -0.011116, 0.035365, 0.005604, 0.003144, 0.182449, 0.018186, 0.010201, 0.005875, -0.056487, -0.031685, -0.003031, -0.004962, -0.006336, -0.024708, -0.031835, 0.198929, 0.020447, 0.000907, 0.540734, 0.034805, 0.001544, 0.019232, -0.213067, -0.009453, -0.010749, -0.000956, -0.000578, -0.003615, -0.008048, 0.031385, 0.000251, 0.004549, 0.169219, 0.000852, 0.015445, 0.004189, -0.003241, -0.058769, 0.004197, -0.000464, -8e-06, -6.3e-05, -0.000177, 0.014426, 4.4e-05, 7.4e-05, 0.103608, 0.000199, 0.000335, 8.2e-05, -0.015754, -0.02652, 4.3e-05, -8e-05, -1.6e-05, -0.000232, -0.001655, 0.000764, 0.000365, 0.000127, 0.016113, 0.004851, 0.001694, 0.000427, -0.00212, -0.00074, -0.000442, -0.000352, -0.378715, -0.358271, 0.14887, -0.07019, -0.138677, 0.506596, 0.479373, 0.037316, 0.068835, 0.102306, 0.059019, 0.101803, 0.048716, 0.041665, -0.037374, -0.148495, -0.257198, -0.021057, -0.077552, 0.090647, -0.012997, -0.023424, 0.054211, 0.011795, -0.005111, -0.000103, -0.000675, 0.001803, -1.2e-05, 0.000122, 0.000128, 0.001441, 0.000414, -7.8e-05, -0.000128, 0.000145, 0.003497, 2.7e-05, -0.000144, -6.3e-05, -0.000197, -0.004804, 2e-06, 0.000191, 8.8e-05, -0.00015, -0.002107, 0.000221, 0.000172, 1.2e-05], [0.0, -0.0, 0.0, 0.0, 0.530759, 0.0, 0.0, 1.0, 0.0, 0.0, 0.0, 0.0, 0.0, 0.0, -0.054983, -0.217098, -0.283484, -0.02604, 0.104305, 0.159922, -0.045109, 0.376924, 0.277028, -0.003208, 0.016478, 0.024525, 0.152177, -0.101195, 0.022173, 0.134574, 0.288759, 0.005604, -0.110007, -0.081664, 0.018186, -0.28928, -0.264999, -0.0542, -0.006658, -0.004962, 0.021917, 0.097019, 0.120218, 0.468788, 0.604023, 0.020447, -0.187939, -0.017212, 0.034805, -0.117795, -0.029298, 0.006114, -0.010251, -0.000956, -0.01026, 0.008629, 0.001238, 0.00774, 0.017234, 0.000251, 0.030965, -0.009741, 0.000852, 0.167793, -0.033074, -0.003336, 0.001494, -0.000464, -0.012241, -0.057992, 0.005111, 0.038523, 0.109026, 4.4e-05, -0.012587, -0.045472, 0.000199, -0.018936, -0.206284, -0.02323, -2.2e-05, -8e-05, -0.042535, 0.022651, 0.000401, 0.005711, 0.040758, 0.000365, -0.008208, -0.003138, 0.004851, -0.103189, -0.041722, -0.006768, -0.00092, -0.000352, 0.008737, 0.007912, -0.188663, -0.178479, -0.07019, 0.2548, -0.069084, -0.138237, -0.130809, 0.068835, 0.270791, -0.027917, -0.191695, -0.330658, 0.041665, -0.073784, 0.121391, -0.140533, -0.243408, -0.077552, -0.012505, 0.085786, 0.223728, 0.403218, 0.011795, -0.148132, 0.08797, -0.001676, -0.010969, -1.2e-05, 0.001608, 0.001982, 0.002624, 0.029545, -7.8e-05, -0.001173, -0.002623, 0.000804, 0.019324, -0.000144, -0.000745, -0.000348, 0.000761, 0.018556, 0.000191, -0.000687, -0.000339, 0.003043, 0.04279, 0.000172, -0.003267, -0.000242], [0.0, -0.0, 0.0, 0.0, 0.0, 0.530759, 0.0, 0.0, 1.0, 0.0, 0.0, 0.0, 0.0, 0.0, 0.101546, 0.400953, 0.52356, 0.048093, 0.159922, -0.10446, 0.083311, 0.277028, 0.015286, 0.005925, 0.024525, -0.015537, 0.084438, -0.051665, 0.012437, 0.075486, 0.161973, 0.003144, -0.081664, -0.010227, 0.010201, -0.264999, 0.034504, -0.030402, -0.004962, -0.000596, 0.076046, 0.015474, 0.005334, 0.020798, 0.026798, 0.000907, -0.017212, 0.199243, 0.001544, -0.029298, 0.541268, 0.000271, -0.000956, 0.011247, 0.018551, -0.213398, 0.022444, 0.140334, 0.312467, 0.004549, -0.009741, -0.145113, 0.015445, -0.033074, -0.430034, -0.060475, -0.000464, -0.006901, -0.103968, 0.014777, 0.008604, 0.064847, 0.183528, 7.4e-05, -0.045472, -0.062118, 0.000335, -0.206284, -0.243636, -0.039105, -8e-05, -0.000109, -0.018561, 0.067017, 0.00014, 0.001994, 0.01423, 0.000127, -0.003138, -0.000317, 0.001694, -0.041722, 0.001743, -0.002363, -0.000352, -3.5e-05, 0.00456, 0.000865, -0.37275, -0.352628, -0.138677, -0.069084, 0.153273, -0.205454, -0.194414, 0.102306, -0.027917, 0.248084, 0.171953, 0.296604, -0.037374, 0.121391, -0.047345, 0.164262, 0.284507, 0.090647, 0.085786, -0.039383, -0.096939, -0.174711, -0.005111, 0.08797, 0.01678, 0.016969, 0.111052, 0.000122, 0.001982, -0.018265, 0.004326, 0.048718, -0.000128, -0.002623, -0.003907, 0.000351, 0.008426, -6.3e-05, -0.000348, -9.8e-05, 0.00035, 0.008528, 8.8e-05, -0.000339, -0.000105, 0.000211, 0.002962, 1.2e-05, -0.000242, 0.000212], [-0.0, 0.0, 0.0, -0.0, 0.0, 0.0, 0.0, 0.0, 0.0, 1.0, 0.0, 0.0, 0.0, 0.0, -0.027301, -0.116632, -0.068445, -0.062888, -0.063129, 0.116592, -0.050575, 0.003208, -0.005925, 0.092736, -0.055889, 0.103221, 0.012874, 0.019723, -0.000214, -0.009107, -0.034318, -0.000924, 0.015172, 0.00851, -0.005875, 0.0542, 0.030402, 0.020019, 0.00315, 0.001767, -0.016248, -0.026596, -0.033004, -0.128367, -0.072301, -0.025625, 0.148619, 0.006594, -0.019232, -0.006114, -0.000271, 0.122127, 0.046793, 0.002076, -0.027488, -0.002444, -0.000158, -0.007281, -0.031694, -0.000567, 0.000782, 0.014171, -0.004189, 0.003336, 0.060475, 0.016793, 0.000125, 0.002275, 0.026223, -0.002901, -2.6e-05, -0.001645, -0.018163, -4e-06, 0.001822, 0.003067, -8.2e-05, 0.02323, 0.039105, 0.004859, 1e-05, 1.7e-05, 0.003802, -0.006981, -0.0, -4e-06, -0.00161, -1e-06, 1.1e-05, 4e-06, -0.000427, 0.006768, 0.002363, 2.1e-05, 3e-06, 1e-06, -2.9e-05, -2.3e-05, 0.071205, 0.013998, -0.263242, 0.126832, 0.250588, 0.286445, 0.05637, 0.019924, 0.183388, 0.27256, -0.025003, -0.038063, 0.01523, -0.026388, 0.02367, -0.001106, -0.001706, -0.012894, 0.004436, -0.005185, -0.024464, -0.042744, -0.003246, 0.033372, -0.01446, -7.6e-05, -0.007262, -0.0, -3e-06, 3.4e-05, -5e-06, -0.002855, 0.0, 1e-06, 1e-06, -0.0, -0.000661, 0.0, 0.0, 0.0, -0.0, -0.00059, -0.0, 0.0, 0.0, -2e-06, -0.00191, -0.0, 0.0, 0.0], [0.0, 0.0, 0.0, -0.0, -0.0, 0.0, 0.0, 0.0, 0.0, 0.0, 1.0, 0.0, 0.0, 0.0, 0.006724, 0.028724, 0.016856, -0.076007, 0.002184, -0.050847, -0.094955, -0.016478, -0.024525, -0.055889, -0.002851, 0.169344, -0.068253, -0.001802, -2.2e-05, -0.000926, -0.003489, 0.005032, 0.001645, 0.001033, 0.056487, 0.006658, 0.004962, 0.00315, -0.017497, -0.01099, -0.001686, -0.003583, -0.006048, -0.023521, -0.013248, 0.192378, 0.037578, 0.002123, 0.213067, 0.010251, 0.000956, 0.046793, -0.367271, -0.021069, -0.030459, -0.003837, -1e-06, -3.6e-05, -0.000156, 0.000247, -0.000112, 8.2e-05, 0.003241, -0.001494, 0.000464, 0.000125, 0.001533, -0.001127, 0.000216, 0.00051, -0.0, -2e-06, -2.7e-05, 0.000438, 2e-06, 5e-06, 0.015754, 2.2e-05, 8e-05, 1e-05, -0.000886, -0.001944, 9e-06, -1e-05, -0.0, -1e-06, -0.000202, 1e-06, 1e-06, 1e-06, 0.00212, 0.00092, 0.000352, 3e-06, -8e-06, -3e-06, -4e-06, -3e-06, 0.156916, 0.030848, 0.031732, -0.208971, 0.177826, -0.153752, -0.030257, 0.127906, 0.334866, -0.096087, -0.016511, -0.025135, -0.006397, -0.018403, 0.020188, 0.030404, 0.046888, 0.022647, 0.020373, -0.035677, -0.004169, -0.007284, 0.01259, 0.00621, -0.003018, 0.0, 1.5e-05, -0.0, -0.0, -0.0, 0.0, 0.00013, 0.0, -0.0, -0.0, 0.0, 0.000368, -0.0, -0.0, -0.0, -0.0, -0.000491, -0.0, 0.0, 0.0, -0.0, -0.000326, 0.0, 0.0, 0.0], [0.0, 0.0, 0.0, 0.0, 0.0, -0.0, 0.0, 0.0, 0.0, 0.0, 0.0, 1.0, 0.0, 0.0, -0.012418, -0.053049, -0.031132, 0.140375, -0.050847, 0.068561, 0.17537, -0.024525, 0.015537, 0.103221, 0.169344, -0.223916, 0.013714, 0.076654, -1.2e-05, -0.000519, -0.001957, 0.002822, 0.001033, 0.000383, 0.031685, 0.004962, 0.000596, 0.001767, -0.01099, -0.00407, -0.001804, -0.001486, -0.000268, -0.001044, -0.000588, 0.008535, 0.002123, -0.010178, 0.009453, 0.000956, -0.011247, 0.002076, -0.021069, 0.106684, -0.0036, 0.02512, -1.4e-05, -0.000649, -0.002823, 0.004481, 8.2e-05, 0.001378, 0.058769, 0.000464, 0.006901, 0.002275, -0.001127, -0.018845, 0.002862, -0.000346, -0.0, -4e-06, -4.5e-05, 0.000737, 5e-06, 8e-06, 0.02652, 8e-05, 0.000109, 1.7e-05, -0.001944, -0.003003, 9e-06, -2.1e-05, -0.0, -0.0, -7.1e-05, 0.0, 1e-06, 0.0, 0.00074, 0.000352, 3.5e-05, 1e-06, -3e-06, -1e-06, -2e-06, -1e-06, 0.310025, 0.060949, 0.062694, 0.177826, 0.052363, -0.228513, -0.044969, 0.1901, -0.096087, 0.256708, 0.014811, 0.022547, 0.005738, 0.020188, -0.014006, -0.035537, -0.054805, -0.026471, -0.035677, 0.031551, 0.001806, 0.003156, -0.005455, -0.003018, 0.000553, -2e-06, -0.000151, 4e-06, -0.0, 1e-06, 0.0, 0.000214, 0.0, -0.0, -0.0, 0.0, 0.000161, -0.0, -0.0, -0.0, -0.0, -0.000226, -0.0, 0.0, 0.0, -0.0, -2.3e-05, 0.0, 0.0, -0.0], [-0.0, -0.0, -0.0, 0.0, -0.0, 0.0, 0.0, 0.0, 0.0, 0.0, 0.0, 0.0, 1.0, 0.0, -0.026951, -0.115138, -0.067568, -0.033189, -0.194646, 0.048155, -0.016008, -0.152177, -0.084438, 0.012874, -0.068253, 0.013714, -0.196422, 0.232381, 0.000194, 0.008242, 0.031058, 0.000631, -0.011294, -0.012059, 0.003031, -0.021917, -0.076046, -0.016248, -0.001686, -0.001804, -0.002175, 0.035715, 0.057258, 0.2227, 0.125433, 0.023878, -0.258151, -0.028747, 0.010749, 0.01026, -0.018551, -0.027488, -0.030459, -0.0036, 0.155528, 0.04697, -0.000272, -0.012551, -0.054635, -0.000745, 0.001845, 0.024408, -0.004197, 0.012241, 0.103968, 0.026223, 0.000216, 0.002862, 0.046589, -0.007265, -2.2e-05, -0.001362, -0.015047, -3e-06, 0.002157, 0.002156, -4.3e-05, 0.042535, 0.018561, 0.003802, 9e-06, 9e-06, 5e-06, -0.007643, 0.0, 6e-06, 0.002189, 1e-06, -1.5e-05, -6e-06, 0.000442, -0.008737, -0.00456, -2.9e-05, -4e-06, -2e-06, 3.5e-05, 3.6e-05, -0.113486, -0.02231, -0.130667, -0.214033, 0.165658, -0.02536, -0.004991, 0.039079, -0.119682, 0.146179, 0.005239, 0.007975, -0.002199, -0.006185, -0.018359, -0.005269, -0.008125, -0.005589, -0.014895, -0.005046, 0.029143, 0.05092, 0.002829, -0.035698, 0.026728, -0.000129, -0.012336, -0.0, -7e-06, 5.7e-05, -4e-06, -0.002289, 0.0, 1e-06, 1e-06, 0.0, 0.000824, -0.0, -0.0, -0.0, 0.0, 0.000748, 0.0, -0.0, -0.0, 3e-06, 0.003293, 0.0, -1e-06, -0.0], [0.0, 0.0, 0.0, 0.0, 0.0, -0.0, 0.0, 0.0, 0.0, 0.0, 0.0, 0.0, 0.0, 1.0, -0.041291, -0.1764, -0.103519, -0.050847, -0.013413, 0.227982, -0.024525, 0.101195, 0.051665, 0.019723, -0.001802, 0.076654, 0.232381, 0.007925, 0.000317, 0.013491, 0.050839, 0.001033, -0.023977, -0.009952, 0.004962, -0.097019, -0.015474, -0.026596, -0.003583, -0.001486, 0.035715, 0.034467, 0.005091, 0.0198, 0.011152, 0.002123, -0.031632, 0.193113, 0.000956, -0.008629, 0.213398, -0.002444, -0.003837, 0.02512, 0.04697, -0.3686, 3e-05, 0.001389, 0.006045, 8.2e-05, 0.004343, -0.002951, 0.000464, 0.057992, -0.014777, -0.002901, 0.00051, -0.000346, -0.007265, -0.018266, 4e-05, 0.002501, 0.027627, 5e-06, -0.002419, -0.004875, 8e-05, -0.022651, -0.067017, -0.006981, -1e-05, -2.1e-05, -0.007643, 0.009875, 0.0, 5e-06, 0.00174, 1e-06, -1.2e-05, -3e-06, 0.000352, -0.007912, -0.000865, -2.3e-05, -3e-06, -1e-06, 3.6e-05, 1.9e-05, 0.154444, 0.030363, 0.177826, -0.205679, 0.026085, 0.062356, 0.012271, -0.096087, -0.135808, -0.070049, -0.048105, -0.073232, 0.020188, -0.053619, 0.045493, -0.033632, -0.051866, -0.035677, -0.022536, 0.029859, -0.031093, -0.054325, -0.003018, 0.046318, -0.009514, -2.6e-05, -0.002461, -0.0, 3e-06, 1.2e-05, 8e-06, 0.004391, -0.0, -1e-06, -2e-06, 0.0, 0.000887, -0.0, -0.0, -0.0, 0.0, 0.000872, 0.0, -0.0, -0.0, 0.0, 0.000458, 0.0, -0.0, 0.0], [0.000257, 0.010045, 0.052786, -0.003098, -0.010301, 0.019025, -0.016535, -0.054983, 0.101546, -0.027301, 0.006724, -0.012418, -0.026951, -0.041291, 1.0, -0.2157, 0.19014, -0.0, 0.0, -0.0, 0.0, 0.0, -0.0, -0.0, -0.0, -0.0, -0.0, 0.0, 0.0, 7e-06, 0.00198, -1e-06, -1.5e-05, 1e-06, -0.000438, -0.009497, 0.000375, -2.3e-05, 4e-06, -0.0, 4.1e-05, -3e-06, 1e-06, 4.5e-05, 0.005455, -5e-06, -8.8e-05, 5e-05, -0.001201, -0.019208, 0.010989, -0.000151, 2.5e-05, -1.4e-05, 0.000134, -0.000227, 0.000308, 0.01196, 0.056156, -0.002609, -0.014841, -0.020841, -0.012248, -0.069672, -0.097837, -0.032513, 0.006803, 0.009554, -0.018808, 0.054348, 1e-06, 6.6e-05, 0.006639, -1.3e-05, -0.000133, -6.9e-05, -0.002248, -0.022965, -0.011975, -0.000222, 6e-05, 3.1e-05, 0.000224, 0.00032, 0.0, 0.0, 7e-06, -0.0, -0.0, 0.0, -1e-06, -6e-05, 1e-06, -0.0, 0.0, -0.0, 0.0, -0.0, 0.000589, 0.022563, 9.1e-05, -6.3e-05, 0.000363, 0.000573, 0.02234, -0.000205, -7.8e-05, 0.000296, 0.055813, 0.095562, -0.065318, 0.078481, -0.006166, 0.055698, 0.095504, 0.09367, 0.040423, -0.001544, 0.0, 0.000858, -0.0, -0.0, 0.0, 0.000414, 0.019935, -2.3e-05, -4.5e-05, -0.000258, 0.0, 0.001026, -0.0, -0.0, -0.0, 0.0, 7e-06, -0.0, -0.0, -0.0, 0.0, 1.1e-05, 0.0, -0.0, -0.0, 0.0, 6e-06, -0.0, -0.0, 0.0], [0.010045, 0.119279, 0.266969, -0.025768, -0.085686, 0.158252, -0.065288, -0.217098, 0.400953, -0.116632, 0.028724, -0.053049, -0.115138, -0.1764, -0.2157, 1.0, 0.718332, 0.0, 0.0, 0.0, -0.0, -0.0, 0.0, 0.0, 0.0, 0.0, -0.0, 0.0, 7e-06, 0.000444, 0.019761, -4.7e-05, -0.001027, 4.1e-05, -0.003337, -0.072388, 0.002859, -0.001488, 0.000238, -9e-06, 0.002581, -0.000204, 4.5e-05, 0.00259, 0.044555, -0.0003, -0.004799, 0.002746, -0.007533, -0.120516, 0.068951, -0.007042, 0.001156, -0.000661, 0.006218, -0.010577, 0.01196, 0.131486, 0.280145, -0.020005, -0.113801, -0.159806, -0.047724, -0.271481, -0.381228, -0.125744, 0.026313, 0.03695, -0.072739, 0.21019, 6.6e-05, 0.003638, 0.052112, -0.00066, -0.006744, -0.003517, -0.013572, -0.138646, -0.072297, -0.009295, 0.002516, 0.001312, 0.009357, 0.013402, 0.0, 0.0, 0.000177, -0.0, -0.0, 0.0, -1.9e-05, -0.001194, 1.5e-05, -0.0, 0.0, -0.0, 0.0, -0.0, 0.016299, 0.131108, 0.004778, -0.003299, 0.019016, 0.01597, 0.130034, -0.010811, -0.004094, 0.015613, 0.310444, 0.429488, -0.227308, 0.273114, -0.021458, 0.310061, 0.429274, 0.326595, 0.140942, -0.005382, 1.9e-05, 0.00854, -0.0, -5e-06, 4e-06, 0.012644, 0.118347, -0.001314, -0.00252, -0.014605, 2.8e-05, 0.009932, -1e-06, -8e-06, -6e-06, 0.0, 0.000142, -0.0, -0.0, -0.0, 0.0, 0.0002, 0.0, -0.0, -0.0, 0.0, 0.000124, -0.0, -0.0, 0.0], [0.052786, 0.266969, 0.509632, -0.031263, -0.103957, 0.191996, -0.085253, -0.283484, 0.52356, -0.068445, 0.016856, -0.031132, -0.067568, -0.103519, 0.19014, 0.718332, 1.0, -0.0, -0.0, 0.0, 0.0, -0.0, 0.0, 0.0, 0.0, 0.0, -0.0, 0.0, 0.00198, 0.019761, 0.089183, -0.001244, -0.026978, 0.001065, -0.009585, -0.207938, 0.008212, -0.017407, 0.002787, -0.00011, 0.030184, -0.002388, 0.005455, 0.044555, 0.153192, -0.003011, -0.048172, 0.027561, -0.016846, -0.269509, 0.154194, -0.031176, 0.005116, -0.002927, 0.027528, -0.046827, 0.056156, 0.280145, 0.526526, -0.022979, -0.130717, -0.183559, -0.061443, -0.349521, -0.490815, -0.070654, 0.014785, 0.020762, -0.040871, 0.118104, 0.006639, 0.052112, 0.170072, -0.005503, -0.056212, -0.029312, -0.028932, -0.295555, -0.154118, -0.034142, 0.009242, 0.004819, 0.034369, 0.04923, 7e-06, 0.000177, 0.003984, -5e-06, -0.000321, 4e-06, -0.000238, -0.015222, 0.000189, -0.000323, 1.7e-05, -0.0, 0.00056, -1.4e-05, 0.103583, 0.312509, 0.022996, -0.015878, 0.091527, 0.102532, 0.310674, -0.052798, -0.019995, 0.076254, 0.456358, 0.733155, -0.155973, 0.187404, -0.014724, 0.456071, 0.732891, 0.224228, 0.096766, -0.003695, 0.003643, 0.044721, -0.000112, -0.003084, 0.002483, 0.091233, 0.29042, -0.00759, -0.01455, -0.084333, 0.004377, 0.049772, -0.000436, -0.003816, -0.00282, 2.6e-05, 0.002489, -5e-06, -2.3e-05, -2e-06, 3.9e-05, 0.003158, 6e-06, -3.5e-05, -4e-06, 2.2e-05, 0.002254, -0.0, -1.9e-05, 4e-06], [0.003098, 0.025768, 0.031263, 0.059149, -0.021643, 0.039971, 0.183064, -0.02604, 0.048093, -0.062888, -0.076007, 0.140375, -0.033189, -0.050847, -0.0, 0.0, -0.0, 1.0, 0.0, 0.0, 0.530759, 0.0, 0.0, 0.0, -0.0, 0.0, 0.0, 0.0, 1e-06, 4.7e-05, 0.001244, 0.000145, -0.000114, 5e-06, 0.013539, -0.004593, 0.000181, -0.000211, -0.000745, 2.9e-05, 0.000294, -2.3e-05, 5e-06, 0.0003, 0.003011, 0.000924, -0.000582, 0.000333, 0.030541, -0.008247, 0.004718, -0.001157, -0.003663, 0.002096, 0.000779, -0.001325, 0.002609, 0.020005, 0.022979, 0.070409, -0.020423, -0.028678, 0.196551, -0.022817, -0.032041, -0.049021, -0.107886, -0.1515, -0.01505, 0.043489, 1.3e-05, 0.00066, 0.005503, 0.001251, -0.001285, -0.00067, 0.034905, -0.014837, -0.007737, -0.002442, -0.004916, -0.002564, 0.001843, 0.002639, 0.0, 0.0, 5e-06, 0.0, -0.0, 0.0, 0.00013, -3.4e-05, 0.0, -0.0, -0.0, 0.0, 0.0, -0.0, -0.007128, -0.028449, 0.00167, 0.001743, -0.010046, 0.016197, 0.065484, -0.009162, -0.005017, 0.019131, 0.249472, 0.133714, -0.038808, 0.3089, -0.02427, -0.358349, -0.192258, -0.313187, -0.229192, 0.008752, 1e-06, 0.000323, 1e-06, -0.0, 0.0, 0.002071, 0.009692, 0.002749, -0.000499, -0.00289, 6e-06, 0.001201, 1e-06, -2e-06, -2e-06, 0.0, 4.7e-05, -0.0, -0.0, -0.0, -0.0, -5.6e-05, -0.0, 0.0, 0.0, 0.0, 1e-06, 0.0, 0.0, 0.0], [0.010301, 0.085686, 0.103957, -0.021643, -0.006308, 0.132913, -0.02604, 0.104305, 0.159922, -0.063129, 0.002184, -0.050847, -0.194646, -0.013413, 0.0, 0.0, -0.0, 0.0, 1.0, 0.0, 0.0, 0.530759, 0.0, 0.0, 0.0, 0.0, -0.0, 0.0, 1.5e-05, 0.001027, 0.026978, -0.000114, -0.002323, 9.8e-05, -0.004593, -0.0859, 0.003935, -0.003237, 0.000554, -2.3e-05, 0.005614, -0.000475, 8.8e-05, 0.004799, 0.048172, -0.000582, -0.008358, 0.005331, -0.008247, -0.100881, 0.075485, -0.011913, 0.002078, -0.001325, 0.008652, -0.019017, 0.014841, 0.113801, 0.130717, -0.020423, -0.042175, -0.163139, -0.022817, 0.070764, -0.182269, -0.082568, 0.011047, 0.043489, -0.198944, 0.088247, 0.000133, 0.006744, 0.056212, -0.001285, -0.01175, -0.006845, -0.014837, -0.115211, -0.079035, -0.015575, 0.004532, 0.002639, 0.013413, 0.024142, 0.0, 0.0, 0.000321, -0.0, -0.0, 0.0, -3.4e-05, -0.00202, 2.7e-05, -0.0, 0.0, -0.0, 0.0, -0.0, 0.004921, 0.019643, 0.001743, 0.002991, 0.006937, 0.006134, 0.0248, -0.005017, 0.002184, 0.007245, -0.299744, -0.160659, 0.3089, -0.152863, 0.029161, -0.154646, -0.082969, -0.229192, 0.118995, 0.003777, 3.7e-05, 0.008892, -0.0, -1e-05, 9e-06, 0.00397, 0.01858, -0.000499, 0.002053, -0.00554, 5.4e-05, 0.010499, -2e-06, -1.7e-05, -1.3e-05, 0.0, 0.000234, -0.0, -0.0, -0.0, 0.0, 0.000325, 0.0, -0.0, -0.0, 0.0, 0.000205, 0.0, 0.0, 0.0], [-0.019025, -0.158252, -0.191996, 0.039971, 0.132913, -0.179816, 0.048093, 0.159922, -0.10446, 0.116592, -0.050847, 0.068561, 0.048155, 0.227982, -0.0, 0.0, 0.0, 0.0, 0.0, 1.0, 0.0, 0.0, 0.530759, 0.0, 0.0, 0.0, 0.0, -0.0, -1e-06, -4.1e-05, -0.001065, 5e-06, 9.8e-05, 0.000146, 0.000181, 0.003935, 0.013595, 0.000128, -2.3e-05, -3.5e-05, -0.000283, -0.000752, -5e-05, -0.002746, -0.027561, 0.000333, 0.005331, -0.00209, 0.004718, 0.075485, -0.012131, 0.006816, -0.001325, 0.00052, -0.009308, 0.008319, 0.020841, 0.159806, 0.183559, -0.028678, -0.163139, -0.155088, -0.032041, -0.182269, -0.055389, -0.115946, 0.043489, 0.041147, 0.038922, 0.234068, 6.9e-05, 0.003517, 0.029312, -0.00067, -0.006845, -0.002193, -0.007737, -0.079035, -0.004856, -0.008122, 0.002639, 0.000847, 0.012638, 0.008649, -0.0, -0.0, -4e-06, 0.0, 0.0, 0.0, 0.0, 2.7e-05, 0.00013, 0.0, -0.0, -0.0, -0.0, -0.0, -0.028369, -0.113231, -0.010046, 0.006937, -0.035791, -0.023393, -0.094576, 0.019131, 0.007245, -0.023546, 0.023551, 0.012623, -0.02427, 0.029161, 0.215993, 0.005905, 0.003168, 0.008752, 0.003777, 0.217758, -3e-05, -0.007158, 0.0, 9e-06, -6e-06, 0.023008, 0.107688, -0.00289, -0.00554, -0.029098, 4e-05, 0.00776, -2e-06, -1.3e-05, -9e-06, 0.0, 2.2e-05, -0.0, -0.0, 0.0, 0.0, 3.4e-05, 0.0, -0.0, 0.0, -0.0, -4.4e-05, 0.0, 0.0, 0.0], [0.016535, 0.065288, 0.085253, 0.183064, -0.02604, 0.048093, 0.513357, -0.045109, 0.083311, -0.050575, -0.094955, 0.17537, -0.016008, -0.024525, 0.0, -0.0, 0.0, 0.530759, 0.0, 0.0, 1.0, 0.0, 0.0, 0.0, 0.0, 0.0, 0.0, 0.0, 0.000438, 0.003337, 0.009585, 0.013539, -0.004593, 0.000181, 0.09954, -0.021212, 0.000838, -0.004388, -0.029107, 0.001149, 0.004881, -0.000386, 0.001201, 0.007533, 0.016846, 0.030541, -0.008247, 0.004718, 0.16634, -0.028149, 0.016105, -0.008717, -0.049798, 0.028491, 0.00447, -0.007604, 0.012248, 0.047724, 0.061443, 0.196551, -0.022817, -0.032041, 0.536692, -0.038799, -0.054484, -0.036847, -0.121625, -0.170792, -0.006747, 0.019496, 0.002248, 0.013572, 0.028932, 0.034905, -0.014837, -0.007737, 0.180984, -0.04776, -0.024905, -0.015168, -0.056282, -0.029349, 0.008602, 0.012322, 1e-06, 1.9e-05, 0.000238, 0.00013, -3.4e-05, 0.0, 0.005224, -0.000858, 1.1e-05, -4e-05, -0.000434, 5e-06, 5.6e-05, -1e-06, -0.06355, -0.109556, 0.046783, 0.010256, -0.059122, 0.146097, 0.252895, -0.018235, -0.030001, 0.11441, 0.360063, 0.340621, 0.162423, 0.153019, -0.012023, -0.517668, -0.489841, 0.026194, -0.113668, 0.004341, 0.000483, 0.003156, 0.001792, -0.000447, 0.00036, 0.021313, 0.038667, 0.052088, -0.003584, -0.020773, 0.001835, 0.011162, 0.001996, -0.001746, -0.00129, 4e-05, 0.001792, 2e-06, -3.9e-05, -4e-06, -5e-05, -0.001933, 6e-06, 5.1e-05, 5e-06, 1e-06, 2.5e-05, 8e-06, -1e-06, 0.0], [0.054983, 0.217098, 0.283484, -0.02604, 0.104305, 0.159922, -0.045109, 0.376924, 0.277028, 0.003208, -0.016478, -0.024525, -0.152177, 0.101195, 0.0, -0.0, -0.0, 0.0, 0.530759, 0.0, 0.0, 1.0, 0.0, 0.0, 0.0, 0.0, 0.0, 0.0, 0.009497, 0.072388, 0.207938, -0.004593, -0.0859, 0.003935, -0.021212, -0.35965, 0.018172, -0.044004, 0.008415, -0.000386, 0.076337, -0.00721, 0.019208, 0.120516, 0.269509, -0.008247, -0.100881, 0.075485, -0.028149, -0.28224, 0.257652, -0.051761, 0.010126, -0.007604, 0.020884, -0.092683, 0.069672, 0.271481, 0.349521, -0.022817, 0.070764, -0.182269, -0.038799, 0.322799, -0.309936, 0.005281, -0.007926, 0.019496, -0.162446, -0.063313, 0.022965, 0.138646, 0.295555, -0.014837, -0.115211, -0.079035, -0.04776, -0.302241, -0.254417, -0.053466, 0.017894, 0.012322, 0.029281, 0.095319, 6e-05, 0.001194, 0.015222, -3.4e-05, -0.00202, 2.7e-05, -0.000858, -0.049751, 0.000684, -0.001819, 0.000105, -1e-06, 0.003151, -8.4e-05, 0.043879, 0.075643, 0.010256, 0.054556, 0.040821, 0.05533, 0.095776, -0.030001, 0.04962, 0.043329, -0.432621, -0.40926, 0.153019, 0.105924, 0.014445, -0.223399, -0.211391, -0.113668, 0.240536, 0.001873, 0.013304, 0.086988, -0.000447, -0.010503, 0.009911, 0.040859, 0.074127, -0.003584, 0.047087, -0.039824, 0.01605, 0.097605, -0.001746, -0.013072, -0.011284, 0.000199, 0.009003, -3.9e-05, -0.000188, -1.8e-05, 0.00029, 0.011171, 5.1e-05, -0.00028, -3.1e-05, 0.000171, 0.008239, -1e-06, -0.00016, 3.7e-05], [-0.101546, -0.400953, -0.52356, 0.048093, 0.159922, -0.10446, 0.083311, 0.277028, 0.015286, -0.005925, -0.024525, 0.015537, -0.084438, 0.051665, -0.0, 0.0, 0.0, 0.0, 0.0, 0.530759, 0.0, 0.0, 1.0, 0.0, 0.0, 0.0, 0.0, 0.0, -0.000375, -0.002859, -0.008212, 0.000181, 0.003935, 0.013595, 0.000838, 0.018172, 0.0998, 0.001738, -0.000386, -0.001347, -0.005349, -0.029227, -0.010989, -0.068951, -0.154194, 0.004718, 0.075485, -0.012131, 0.016105, 0.257652, 0.020689, 0.029614, -0.007604, 0.001186, -0.069881, 0.01897, 0.097837, 0.381228, 0.490815, -0.032041, -0.182269, -0.055389, -0.054484, -0.309936, 0.108284, 0.007416, 0.019496, 0.005568, 0.120324, 0.031674, 0.011975, 0.072297, 0.154118, -0.007737, -0.079035, -0.004856, -0.024905, -0.254417, 0.052992, -0.02788, 0.012322, 0.000689, 0.076378, 0.007042, -1e-06, -1.5e-05, -0.000189, 0.0, 2.7e-05, 0.00013, 1.1e-05, 0.000684, 0.005228, 2.3e-05, -1e-06, -7e-06, -5e-05, -0.000435, -0.25294, -0.436047, -0.059122, 0.040821, -0.173675, -0.211002, -0.365246, 0.11441, 0.043329, -0.104256, 0.033991, 0.032155, -0.012023, 0.014445, 0.288643, 0.008531, 0.008072, 0.004341, 0.001873, 0.289517, -0.010711, -0.070033, 0.00036, 0.009911, -0.006172, 0.236818, 0.42964, -0.020773, -0.039824, -0.176859, 0.011862, 0.072138, -0.00129, -0.011284, -0.006144, 1.8e-05, 0.000827, -4e-06, -1.8e-05, 8e-06, 3.1e-05, 0.001183, 5e-06, -3.1e-05, 1.1e-05, -3.7e-05, -0.001789, 0.0, 3.7e-05, 0.0], [-0.027301, -0.116632, -0.068445, 0.062888, 0.063129, -0.116592, 0.050575, -0.003208, 0.005925, 0.092736, -0.055889, 0.103221, 0.012874, 0.019723, -0.0, 0.0, 0.0, 0.0, 0.0, 0.0, 0.0, 0.0, 0.0, 1.0, 0.0, 0.0, 0.0, 0.0, -2.3e-05, -0.001488, -0.017407, 0.000211, 0.003237, -0.000128, 0.004388, 0.044004, -0.001738, 0.004403, -0.000989, 3.9e-05, -0.007245, 0.000573, -0.000151, -0.007042, -0.031176, 0.001157, 0.011913, -0.006816, 0.008717, 0.051761, -0.029614, 0.016098, -0.004043, 0.002313, -0.012944, 0.022018, -0.032513, -0.125744, -0.070654, 0.049021, 0.082568, 0.115946, 0.036847, -0.005281, -0.007416, 0.110806, -0.051482, -0.072294, 0.006444, -0.018621, -0.000222, -0.009295, -0.034142, 0.002442, 0.015575, 0.008122, 0.015168, 0.053466, 0.02788, 0.019442, -0.008374, -0.004367, -0.017735, -0.025403, -0.0, -0.0, -0.000323, 0.0, 0.0, -0.0, 4e-05, 0.001819, -2.3e-05, 1e-06, -0.0, 0.0, -1e-06, 0.0, -0.024368, -0.037028, -0.016118, 0.005833, -0.033623, -0.002059, -0.003169, 0.013707, -0.001376, 0.005246, 0.044997, 0.008846, 0.278989, 0.256378, -0.020143, 0.308015, 0.06061, 0.013551, 0.311024, -0.011877, -7.6e-05, -0.007256, 1e-06, 2.6e-05, -2.1e-05, -0.023463, -0.041853, 0.005153, 0.005878, 0.034071, -0.000105, -0.00799, 6e-06, 4.1e-05, 3e-05, -0.0, -0.000192, 0.0, 0.0, 0.0, -0.0, -0.000269, -0.0, 0.0, 0.0, -0.0, -0.000191, 0.0, 0.0, -0.0], [0.006724, 0.028724, 0.016856, 0.076007, -0.002184, 0.050847, 0.094955, 0.016478, 0.024525, -0.055889, -0.002851, 0.169344, -0.068253, -0.001802, -0.0, 0.0, 0.0, -0.0, 0.0, 0.0, 0.0, 0.0, 0.0, 0.0, 1.0, 0.0, 0.0, 0.0, 4e-06, 0.000238, 0.002787, 0.000745, -0.000554, 2.3e-05, 0.029107, -0.008415, 0.000386, -0.000989, -0.003631, 0.000153, 0.001345, -0.000114, 2.5e-05, 0.001156, 0.005116, 0.003663, -0.002078, 0.001325, 0.049798, -0.010126, 0.007604, -0.004043, -0.013049, 0.008323, 0.002142, -0.004711, 0.006803, 0.026313, 0.014785, 0.107886, -0.011047, -0.043489, 0.121625, 0.007926, -0.019496, -0.051482, -0.049428, -0.216371, -0.048681, 0.018821, 6e-05, 0.002516, 0.009242, 0.004916, -0.004532, -0.002639, 0.056282, -0.017894, -0.012322, -0.008374, -0.017295, -0.010076, 0.005138, 0.009257, 0.0, 0.0, 1.7e-05, 0.0, -0.0, 0.0, 0.000434, -0.000105, 1e-06, -0.0, -0.0, 0.0, 0.0, -0.0, -0.004071, -0.006185, 0.001219, -0.003159, -0.007316, 0.01178, 0.018133, -0.008495, 0.005358, 0.017744, -0.342106, -0.067251, 0.032934, -0.165682, 0.035352, 0.253909, 0.049963, 0.223605, -0.235747, -0.006589, 6e-06, 0.000554, 3e-06, -2e-06, 2e-06, 0.001245, 0.002221, 0.00211, 0.000822, -0.002218, 2.7e-05, 0.002082, 4e-06, -1.1e-05, -9e-06, 0.0, 0.000143, -0.0, -0.0, -0.0, -0.0, -0.000169, -0.0, 0.0, 0.0, 0.0, 2e-06, 0.0, -0.0, 0.0], [-0.012418, -0.053049, -0.031132, -0.140375, 0.050847, -0.068561, -0.17537, 0.024525, -0.015537, 0.103221, 0.169344, -0.223916, 0.013714, 0.076654, -0.0, 0.0, 0.0, 0.0, 0.0, 0.0, 0.0, 0.0, 0.0, 0.0, 0.0, 1.0, 0.0, 0.0, -0.0, -9e-06, -0.00011, -2.9e-05, 2.3e-05, 3.5e-05, -0.001149, 0.000386, 0.001347, 3.9e-05, 0.000153, 0.000227, -6.8e-05, -0.00018, -1.4e-05, -0.000661, -0.002927, -0.002096, 0.001325, -0.00052, -0.028491, 0.007604, -0.001186, 0.002313, 0.008323, -0.003264, -0.002307, 0.00206, 0.009554, 0.03695, 0.020762, 0.1515, -0.043489, -0.041147, 0.170792, -0.019496, -0.005568, -0.072294, -0.216371, -0.199184, 0.011338, 0.05401, 3.1e-05, 0.001312, 0.004819, 0.002564, -0.002639, -0.000847, 0.029349, -0.012322, -0.000689, -0.004367, -0.010076, -0.003226, 0.00485, 0.003311, -0.0, -0.0, -0.0, -0.0, 0.0, 0.0, -5e-06, 1e-06, 7e-06, 0.0, 0.0, 0.0, -0.0, -0.0, 0.023465, 0.035656, -0.007029, -0.007316, 0.037747, -0.044923, -0.069151, 0.032396, 0.017744, -0.057659, 0.026879, 0.005284, -0.002588, 0.035352, 0.281492, -0.009696, -0.001908, -0.008539, -0.006589, -0.408029, -5e-06, -0.000446, -3e-06, 2e-06, -1e-06, 0.007217, 0.012873, 0.012229, -0.002218, -0.011652, 2e-05, 0.001539, 3e-06, -9e-06, -6e-06, 0.0, 1.3e-05, -0.0, -0.0, 0.0, -0.0, -1.8e-05, -0.0, 0.0, -0.0, -0.0, -0.0, -0.0, 0.0, -0.0], [-0.026951, -0.115138, -0.067568, 0.033189, 0.194646, -0.048155, 0.016008, 0.152177, 0.084438, 0.012874, -0.068253, 0.013714, -0.196422, 0.232381, -0.0, -0.0, -0.0, 0.0, -0.0, 0.0, 0.0, 0.0, 0.0, 0.0, 0.0, 0.0, 1.0, 0.0, 4.1e-05, 0.002581, 0.030184, -0.000294, -0.005614, 0.000283, -0.004881, -0.076337, 0.005349, -0.007245, 0.001345, -6.8e-05, 0.012797, -0.001311, 0.000134, 0.006218, 0.027528, -0.000779, -0.008652, 0.009308, -0.00447, -0.020884, 0.069881, -0.012944, 0.002142, -0.002307, -0.0019, -0.028262, -0.018808, -0.072739, -0.040871, 0.01505, 0.198944, -0.038922, 0.006747, 0.162446, -0.120324, 0.006444, -0.048681, 0.011338, -0.313979, -0.162188, 0.000224, 0.009357, 0.034369, -0.001843, -0.013413, -0.012638, -0.008602, -0.029281, -0.076378, -0.017735, 0.005138, 0.00485, 0.002036, 0.038461, 0.0, 0.0, 0.00056, -0.0, -0.0, 0.0, -5.6e-05, -0.003151, 5e-05, -1e-06, 0.0, -0.0, 2e-06, -0.0, -0.045291, -0.068822, -0.020453, 0.017179, -0.063781, -0.03021, -0.046502, 0.031508, 0.015724, -0.031048, 0.204254, 0.040152, -0.223587, -0.072911, -0.047942, 0.054707, 0.010765, 0.086141, -0.139019, -0.008148, 2.8e-05, 0.002687, -0.0, -7e-06, 1.1e-05, -0.038901, -0.069392, 0.006237, 0.014267, 0.055917, 5.4e-05, 0.004131, -3e-06, -1.7e-05, -2.1e-05, 0.0, 0.000356, -0.0, -0.0, -0.0, 0.0, 0.000484, 0.0, -0.0, -0.0, 0.0, 0.000301, -0.0, -0.0, 0.0], [-0.041291, -0.1764, -0.103519, 0.050847, 0.013413, -0.227982, 0.024525, -0.101195, -0.051665, 0.019723, -0.001802, 0.076654, 0.232381, 0.007925, 0.0, 0.0, 0.0, 0.0, 0.0, -0.0, 0.0, 0.0, 0.0, 0.0, 0.0, 0.0, 0.0, 1.0, -3e-06, -0.000204, -0.002388, 2.3e-05, 0.000475, 0.000752, 0.000386, 0.00721, 0.029227, 0.000573, -0.000114, -0.00018, -0.001311, -0.003666, -0.000227, -0.010577, -0.046827, 0.001325, 0.019017, -0.008319, 0.007604, 0.092683, -0.01897, 0.022018, -0.004711, 0.00206, -0.028262, 0.029561, 0.054348, 0.21019, 0.118104, -0.043489, -0.088247, -0.234068, -0.019496, 0.063313, -0.031674, -0.018621, 0.018821, 0.05401, -0.162188, 0.098558, 0.00032, 0.013402, 0.04923, -0.002639, -0.024142, -0.008649, -0.012322, -0.095319, -0.007042, -0.025403, 0.009257, 0.003311, 0.038461, 0.030276, -0.0, -0.0, -1.4e-05, 0.0, 0.0, 0.0, 1e-06, 8.4e-05, 0.000435, 0.0, -0.0, -0.0, -0.0, -0.0, -0.016201, -0.024619, -0.007316, -0.012573, -0.026063, -0.017013, -0.026188, 0.017744, -0.007738, -0.021836, -0.032295, -0.006349, 0.035352, -0.015641, -0.338216, -0.004184, -0.000823, -0.006589, 0.003885, -0.176085, -0.000129, -0.012298, 2e-06, 4.5e-05, -3.5e-05, 0.013835, 0.02468, -0.002218, 0.009134, -0.022338, 0.000177, 0.013457, -9e-06, -7e-05, -4.9e-05, 0.0, 6.6e-05, -0.0, -0.0, 0.0, 0.0, 0.000104, 0.0, -0.0, 0.0, -0.0, -0.000137, 0.0, 0.0, -0.0], [1e-06, 6.3e-05, 0.006463, -5e-06, 0.000124, 7e-05, -0.000854, 0.022173, 0.012437, -0.000214, -2.2e-05, -1.2e-05, 0.000194, 0.000317, 0.0, 7e-06, 0.00198, 1e-06, 1.5e-05, -1e-06, 0.000438, 0.009497, -0.000375, -2.3e-05, 4e-06, -0.0, 4.1e-05, -3e-06, 1.0, -0.2157, 0.19014, 0.0, 0.0, -0.0, 0.0, 0.0, 0.0, -0.0, 0.0, -0.0, -0.0, 0.0, 0.000634, 0.02377, 0.071415, -0.000179, 0.024496, 0.041502, -0.000506, 0.069179, 0.117206, -0.057398, -0.000376, -0.000637, -0.048045, 0.087039, 2e-06, 9e-05, 0.007711, -2e-06, 0.000171, -0.000112, -0.000219, 0.024566, -0.016014, -0.00031, -7e-06, 4e-06, 0.000217, -0.000492, 0.000393, 0.015104, 0.060968, -0.001797, 0.015518, -0.027827, -0.007103, 0.061328, -0.109972, -0.040106, -0.003842, 0.006889, -0.036743, -0.059477, 0.000311, 0.01208, 0.056355, 0.001132, -0.025914, -0.00104, 0.005273, -0.120753, -0.004845, -0.033632, -0.005098, -0.000205, 0.058287, 0.004684, 1e-06, 0.001812, 0.0, 0.0, 0.0, 3e-06, 0.002667, -1e-06, 1e-06, 1e-06, 0.0, 0.000396, -0.0, 0.0, -0.0, 0.0, 0.000873, 0.0, 0.0, -0.0, 0.000755, 0.024575, 8e-06, 3.5e-05, 0.000492, 1e-06, 0.001213, -0.0, 0.0, -0.0, 0.000513, 0.021495, -2.8e-05, 1.8e-05, -0.000326, 0.00063, 0.02309, -0.000156, -0.00036, -0.000105, 0.000633, 0.023125, 0.000181, -0.000347, -0.000117, 0.00058, 0.022436, 2.1e-05, -0.000335, 0.000162], [6.3e-05, 0.003473, 0.051006, -0.000245, 0.006369, 0.003572, -0.00518, 0.134574, 0.075486, -0.009107, -0.000926, -0.000519, 0.00