{"coordinates": [[[8.964, 10.0, 9.67], [9.678, 11.263, 10.172], [9.678, 8.736, 10.172], [11.157, 11.261, 9.793], [11.157, 8.738, 9.793], [11.862, 10.0, 10.283], [7.5005, 10.0, 10.11], [8.988, 10.0, 8.57], [9.58, 11.339, 11.263], [9.199, 12.155, 9.75], [9.19, 7.844, 9.75], [9.585, 8.66, 11.263], [11.64, 12.145, 10.217], [11.255, 11.334, 8.703], [11.255, 8.665, 8.703], [11.647, 7.854, 10.218], [12.901, 9.999, 9.936], [11.89, 10.0, 11.379], [6.981, 10.88, 9.727], [6.98119999999999, 9.115, 9.727], [7.4, 10.0, 11.202]]], "HF": [-275.18407702083], "elements": [["C", "C", "C", "C", "C", "C", "C", "H", "H", "H", "H", "H", "H", "H", "H", "H", "H", "H", "H", "H", "H"]], "S": [[[1.0, -0.2157, 0.19014, -0.0, -0.0, -0.0, 0.0, 0.0, 0.0, -0.0, 0.0, 0.0, -0.0, 0.0, 0.000261, 0.010198, 0.053072, -0.007199, -0.010316, -0.018253, -0.037998, -0.054451, -0.096345, -0.020112, 0.015402, 0.027252, -0.023513, 0.039051, 0.000261, 0.010206, 0.053086, -0.007203, -0.010323, 0.018266, -0.038, -0.054457, 0.096362, -0.020127, 0.015409, -0.027267, -0.023531, -0.039075, 1e-06, 5.3e-05, 0.005962, -6e-06, -0.000105, -6e-05, -0.001126, -0.020633, -0.011866, -0.000181, 2.6e-05, 1.5e-05, 0.000159, 0.000272, 1e-06, 5.3e-05, 0.005963, -6e-06, -0.000105, 6e-05, -0.001127, -0.020634, 0.011868, -0.000181, 2.6e-05, -1.5e-05, 0.000159, -0.000273, 0.0, 5e-06, 0.0017, -2e-06, -1.2e-05, 0.0, -0.001719, -0.008178, 0.0, -1.6e-05, 1.3e-05, -0.0, 3e-05, -0.0, 0.00027, 0.010542, 0.053701, -0.006535, 0.021912, 0.0, -0.033664, 0.112873, 0.0, -0.022831, -0.028692, -0.0, 0.048101, 0.0, 0.055516, 0.095412, 0.101599, -0.002239, 0.0, 0.000555, 0.022093, -0.000261, -0.000102, -0.00022, 0.000555, 0.022097, -1.3e-05, -3.9e-05, -0.000354, 0.000555, 0.022102, -1.3e-05, -3.9e-05, 0.000354, 0.000555, 0.022098, -0.000261, -0.000102, 0.00022, 0.0, 0.001025, -0.0, -0.0, -0.0, 1.7e-05, 0.005673, 3e-06, -8e-06, -5e-06, 1.7e-05, 0.005671, 3e-06, -8e-06, 5e-06, 0.0, 0.001025, -0.0, -0.0, 0.0, 0.0, 0.000245, -0.0, -0.0, 0.0, 1e-06, 0.001329, -0.0, -0.0, 0.0, 0.000547, 0.021982, -9e-06, 0.00032, -0.000143, 0.000546, 0.021978, -9e-06, 0.00032, 0.000143, 0.000526, 0.021683, -0.000236, 0.00024, 0.0], [-0.2157, 1.0, 0.718332, 0.0, 0.0, 0.0, -0.0, -0.0, -0.0, 0.0, 0.0, 0.0, -0.0, 0.0, 0.010198, 0.1203, 0.268092, -0.059461, -0.085207, -0.150764, -0.149863, -0.214751, -0.379979, -0.085188, 0.065236, 0.115428, -0.099593, 0.165406, 0.010206, 0.120351, 0.268148, -0.059476, -0.085234, 0.150822, -0.149862, -0.214764, 0.380024, -0.085213, 0.06524, -0.115443, -0.099624, -0.165438, 5.3e-05, 0.003021, 0.047834, -0.000303, -0.005547, -0.00319, -0.006943, -0.127224, -0.073167, -0.008057, 0.00115, 0.000661, 0.00705, 0.012116, 5.3e-05, 0.003022, 0.047837, -0.000303, -0.005547, 0.003191, -0.006949, -0.127226, 0.073178, -0.008058, 0.001151, -0.000662, 0.007049, -0.012118, 5e-06, 0.00034, 0.017475, -0.000164, -0.000779, 0.0, -0.013484, -0.064148, -0.0, -0.001028, 0.000821, -0.0, 0.001954, -0.0, 0.010542, 0.122559, 0.270564, -0.053153, 0.17822, 0.0, -0.132434, 0.444044, -0.0, -0.094899, -0.119262, -0.0, 0.19994, 0.0, 0.309457, 0.428937, 0.355303, -0.007831, 0.0, 0.01561, 0.128845, -0.013869, -0.005424, -0.011685, 0.015616, 0.128867, -0.00067, -0.002049, -0.018815, 0.015623, 0.128888, -0.00067, -0.002049, 0.018824, 0.015618, 0.12887, -0.013877, -0.005425, 0.011692, 2.8e-05, 0.009923, -2e-06, -8e-06, -6e-06, 0.000955, 0.041665, 0.000247, -0.000582, -0.000339, 0.000954, 0.041656, 0.000246, -0.000582, 0.000339, 2.8e-05, 0.009924, -2e-06, -8e-06, 6e-06, 1e-06, 0.002953, -0.0, -0.0, 0.0, 4.8e-05, 0.012349, -1e-05, -1.7e-05, 0.0, 0.01545, 0.128311, -0.000463, 0.017079, -0.007622, 0.015444, 0.128292, -0.000462, 0.017073, 0.007617, 0.015022, 0.126865, -0.012702, 0.012921, 0.0], [0.19014, 0.718332, 1.0, 0.0, 0.0, 0.0, 0.0, 0.0, -0.0, 0.0, 0.0, 0.0, -0.0, 0.0, 0.053072, 0.268092, 0.511081, -0.071796, -0.102882, -0.182039, -0.195448, -0.280074, -0.495561, -0.0498, 0.038136, 0.067478, -0.058221, 0.096695, 0.053086, 0.268148, 0.511153, -0.071797, -0.102891, 0.182065, -0.195436, -0.280073, 0.49559, -0.049805, 0.038132, -0.067474, -0.058228, -0.096695, 0.005962, 0.047834, 0.160622, -0.002793, -0.05118, -0.029434, -0.015192, -0.278396, -0.160108, -0.032774, 0.004677, 0.00269, 0.028677, 0.049285, 0.005963, 0.047837, 0.160629, -0.002795, -0.051181, 0.029439, -0.015206, -0.278396, 0.160128, -0.032775, 0.004681, -0.002692, 0.028672, -0.049291, 0.0017, 0.017475, 0.082192, -0.004975, -0.023667, 0.0, -0.040237, -0.191427, -0.0, -0.013932, 0.011127, 0.0, 0.026469, 0.0, 0.053701, 0.270564, 0.514266, -0.063513, 0.212955, 0.0, -0.172253, 0.577556, -0.0, -0.055015, -0.069138, 0.0, 0.115908, 0.0, 0.45562, 0.732476, 0.244156, -0.005381, 0.0, 0.10137, 0.308637, -0.068852, -0.026926, -0.05801, 0.101391, 0.308674, -0.003327, -0.010169, -0.093377, 0.101412, 0.308712, -0.003324, -0.010167, 0.093394, 0.101395, 0.30868, -0.068866, -0.026924, 0.058025, 0.004372, 0.049739, -0.000744, -0.003672, -0.002935, 0.02519, 0.137836, 0.009142, -0.02158, -0.012571, 0.025183, 0.137815, 0.009139, -0.021574, 0.01257, 0.004372, 0.049743, -0.000745, -0.003673, 0.002936, 0.001007, 0.021098, -7.1e-05, -0.001063, 0.0, 0.005703, 0.058082, -0.00313, -0.00537, 0.0, 0.100849, 0.307721, -0.002313, 0.085415, -0.03812, 0.10083, 0.307687, -0.002313, 0.085406, 0.038104, 0.099442, 0.305235, -0.064818, 0.065933, 0.0], [-0.0, 0.0, 0.0, 1.0, 0.0, 0.0, 0.530759, 0.0, 0.0, -0.0, 0.0, -0.0, 0.0, 0.0, 0.007199, 0.059461, 0.071796, 0.031957, -0.049276, -0.087189, 0.150609, -0.05891, -0.104234, -0.123879, -0.040811, -0.07221, -0.065786, 0.109259, 0.007203, 0.059476, 0.071797, 0.031987, -0.049286, 0.087211, 0.150657, -0.058902, 0.104227, -0.123912, -0.040843, 0.072271, -0.065801, -0.10927, 6e-06, 0.000303, 0.002793, 0.001098, -0.000583, -0.000335, 0.032944, -0.007525, -0.004327, -0.001153, -0.004299, -0.002472, 0.000765, 0.001315, 6e-06, 0.000303, 0.002795, 0.001099, -0.000583, 0.000336, 0.032946, -0.007531, 0.004332, -0.001154, -0.004299, 0.002473, 0.000766, -0.001316, 2e-06, 0.000164, 0.004975, 3.1e-05, -0.00039, 0.0, 0.008293, -0.018404, -0.0, -0.00067, -0.000159, 0.0, 0.001006, 0.0, 0.006535, 0.053153, 0.063513, 0.040855, 0.090582, 0.0, 0.161685, 0.106778, -0.0, -0.115772, 0.106529, -0.0, 0.116291, -0.0, -0.389694, -0.209396, -0.41192, 0.013868, 0.0, 0.020881, 0.085639, -0.018449, -0.008765, -0.018884, 0.001009, 0.004139, 0.003914, -0.00016, -0.001469, 0.001008, 0.004134, 0.003916, -0.00016, 0.001468, 0.02089, 0.085651, -0.018458, -0.008767, 0.018894, 1.1e-05, 0.002048, 0.0, -3e-06, -3e-06, -0.000706, -0.016126, -0.000114, 0.000515, 0.0003, -0.000706, -0.016121, -0.000114, 0.000515, -0.0003, 1.1e-05, 0.002049, 0.0, -3e-06, 3e-06, 0.0, 0.000284, 0.0, -0.0, 0.0, 5.8e-05, 0.008049, -1.2e-05, -2.3e-05, -0.0, 0.000698, 0.002881, 0.003886, 0.000932, -0.000416, 0.000698, 0.00288, 0.003884, 0.000932, 0.000416, 0.019281, 0.081008, -0.015927, 0.020035, -0.0], [-0.0, 0.0, 0.0, 0.0, 1.0, 0.0, 0.0, 0.530759, 0.0, 0.0, -0.0, 0.0, 0.0, -0.0, 0.010316, 0.085207, 0.102882, -0.049276, -0.004268, -0.12494, -0.05891, 0.107302, -0.149366, -0.032195, 0.003199, 0.109259, -0.178173, 0.00811, 0.010323, 0.085234, 0.102891, -0.049286, -0.004251, 0.124979, -0.058902, 0.107348, 0.149365, -0.032198, 0.003183, -0.10927, -0.178231, -0.008072, 0.000105, 0.005547, 0.05118, -0.000583, -0.00955, -0.006142, -0.007525, -0.104534, -0.079301, -0.013467, 0.002045, 0.001315, 0.009595, 0.021549, 0.000105, 0.005547, 0.051181, -0.000583, -0.009551, 0.006144, -0.007531, -0.104529, 0.079309, -0.013468, 0.002047, -0.001316, 0.009593, -0.021552, 1.2e-05, 0.000779, 0.023667, -0.00039, -0.001744, 0.0, -0.018404, -0.075394, -0.0, -0.002182, 0.001889, 0.0, 0.004203, 0.0, -0.021912, -0.17822, -0.212955, 0.090582, -0.235847, 0.0, 0.106778, -0.164491, 0.0, 0.083518, 0.180122, -0.0, -0.214023, 0.0, 0.008589, 0.004615, 0.013868, 0.216996, -0.0, 0.008166, 0.03349, -0.008765, 0.000536, -0.007385, 0.003085, 0.012647, -0.00016, 0.003477, -0.00449, 0.003085, 0.012644, -0.00016, 0.00348, 0.00449, 0.008167, 0.033486, -0.008767, 0.000539, 0.007387, 5.2e-05, 0.010106, -3e-06, -1.6e-05, -1.3e-05, 0.001667, 0.038066, 0.000515, -0.001112, -0.000708, 0.001666, 0.038057, 0.000515, -0.001111, 0.000708, 5.2e-05, 0.010107, -3e-06, -1.6e-05, 1.3e-05, 4e-06, 0.004262, -0.0, -1e-06, 0.0, 9.9e-05, 0.013808, -2.3e-05, -3.8e-05, -0.0, -0.02577, -0.106376, 0.000932, -0.030504, 0.015359, -0.025763, -0.10637, 0.000932, -0.030496, -0.01535, -0.019613, -0.082402, 0.020035, -0.01661, 0.0], [-0.0, 0.0, 0.0, 0.0, 0.0, 1.0, 0.0, 0.0, 0.530759, 0.0, 0.0, -0.0, 0.0, 0.0, 0.018253, 0.150764, 0.182039, -0.087189, -0.12494, -0.154724, -0.104234, -0.149366, -0.072569, -0.056965, 0.109259, 0.134771, -0.018346, 0.193125, -0.018266, -0.150822, -0.182065, 0.087211, 0.124979, -0.154773, 0.104227, 0.149365, -0.072543, 0.056974, -0.10927, 0.134785, 0.018339, 0.193156, 6e-05, 0.00319, 0.029434, -0.000335, -0.006142, -0.002402, -0.004327, -0.079301, -0.012252, -0.007745, 0.001315, 0.000515, 0.010606, 0.009432, -6e-05, -0.003191, -0.029439, 0.000336, 0.006144, -0.002403, 0.004332, 0.079309, -0.01226, 0.007747, -0.001316, 0.000515, -0.010607, 0.009436, 0.0, 0.0, 0.0, 0.0, 0.0, 0.000113, 0.0, 0.0, 0.012162, 0.0, -0.0, -0.000122, -0.0, -0.000582, 0.0, 0.0, 0.0, 0.0, 0.0, 0.067871, 0.0, -0.0, 0.193531, 0.0, 0.0, -0.05246, -0.0, 0.175895, 0.0, 0.0, -0.0, 0.0, 0.217302, 0.017593, 0.072153, -0.018884, -0.007385, -0.011946, 0.028325, 0.116138, -0.001469, -0.00449, -0.037262, -0.028336, -0.116153, 0.001468, 0.00449, -0.037279, -0.017602, -0.072168, 0.018894, 0.007387, -0.011954, 4.2e-05, 0.008078, -3e-06, -1.3e-05, -1e-05, 0.000971, 0.022174, 0.0003, -0.000708, -0.000308, -0.000971, -0.022174, -0.0003, 0.000708, -0.000308, -4.2e-05, -0.00808, 3e-06, 1.3e-05, -1e-05, -0.0, -0.0, 0.0, 0.0, 0.0, 0.0, 0.0, 0.0, 0.0, 2e-06, 0.011501, 0.047475, -0.000416, 0.015359, -0.002944, -0.011494, -0.047457, 0.000416, -0.01535, -0.002939, 0.0, 0.0, 0.0, -0.0, 0.00377], [0.0, -0.0, 0.0, 0.530759, 0.0, 0.0, 1.0, 0.0, 0.0, 0.0, 0.0, 0.0, 0.0, 0.0, 0.037998, 0.149863, 0.195448, 0.150609, -0.05891, -0.104234, 0.457249, -0.101883, -0.18027, -0.105858, -0.077249, -0.136684, -0.031529, 0.052364, 0.038, 0.149862, 0.195436, 0.150657, -0.058902, 0.104227, 0.457339, -0.101862, 0.180244, -0.105856, -0.077263, 0.136716, -0.031526, -0.052353, 0.001126, 0.006943, 0.015192, 0.032944, -0.007525, -0.004327, 0.174475, -0.025011, -0.014384, -0.007947, -0.052939, -0.030446, 0.003999, 0.006872, 0.001127, 0.006949, 0.015206, 0.032946, -0.007531, 0.004332, 0.17448, -0.025032, 0.014398, -0.007954, -0.052939, 0.030449, 0.004001, -0.006879, 0.001719, 0.013484, 0.040237, 0.008293, -0.018404, -0.0, 0.074319, -0.088938, 0.0, -0.016624, -0.017869, 0.0, 0.019553, 0.0, 0.033664, 0.132434, 0.172253, 0.161685, 0.106778, -0.0, 0.476593, 0.184019, 0.0, -0.095838, 0.169749, 0.0, 0.054965, 0.0, -0.56374, -0.533651, -0.023351, 0.006891, 0.0, 0.190793, 0.331782, -0.076214, -0.05337, -0.114982, 0.00922, 0.016033, 0.059953, -0.000974, -0.008943, 0.00921, 0.016014, 0.059967, -0.000972, 0.008933, 0.190826, 0.331806, -0.076216, -0.053363, 0.115004, 0.00313, 0.019045, 0.001612, -0.002869, -0.002293, -0.030327, -0.092093, 0.002172, 0.027801, 0.016195, -0.030316, -0.09207, 0.002174, 0.02779, -0.016192, 0.003132, 0.019057, 0.001611, -0.002871, 0.002295, 0.000367, 0.003978, 0.000434, -0.000429, 0.0, 0.012693, 0.069518, -0.004673, -0.013001, 0.0, 0.006414, 0.011176, 0.059779, 0.005721, -0.002553, 0.006413, 0.011175, 0.059767, 0.005721, 0.002552, 0.180049, 0.315526, -0.064562, 0.125748, 0.0], [0.0, -0.0, 0.0, 0.0, 0.530759, 0.0, 0.0, 1.0, 0.0, -0.0, 0.0, 0.0, 0.0, 0.0, 0.054451, 0.214751, 0.280074, -0.05891, 0.107302, -0.149366, -0.101883, 0.382351, -0.258325, 0.017877, -0.038725, 0.052364, -0.143082, -0.098188, 0.054457, 0.214764, 0.280073, -0.058902, 0.107348, 0.149365, -0.101862, 0.382443, 0.258303, 0.017883, -0.038734, -0.052353, -0.143088, 0.098222, 0.020633, 0.127224, 0.278396, -0.007525, -0.104534, -0.079301, -0.025011, -0.282487, -0.263587, -0.052802, 0.009025, 0.006872, 0.019683, 0.095113, 0.020634, 0.127226, 0.278396, -0.007531, -0.104529, 0.079309, -0.025032, -0.282458, 0.263608, -0.052801, 0.009032, -0.006879, 0.019668, -0.095115, 0.008178, 0.064148, 0.191427, -0.018404, -0.075394, -0.0, -0.088938, -0.330108, 0.0, -0.033899, 0.033622, 0.0, 0.066934, 0.0, -0.112873, -0.444044, -0.577556, 0.106778, -0.164491, 0.0, 0.184019, -0.085531, 0.0, -0.029459, 0.049526, 0.0, 0.018238, 0.0, 0.012425, 0.011762, 0.006891, 0.289139, 0.0, 0.074613, 0.129749, -0.05337, 0.039387, -0.044966, 0.028177, 0.048995, -0.000974, 0.057295, -0.027329, 0.028171, 0.04898, -0.000972, 0.057311, 0.027322, 0.074606, 0.129725, -0.053363, 0.039411, 0.044963, 0.015447, 0.093984, -0.002869, -0.011964, -0.011316, 0.071588, 0.217388, 0.027801, -0.051675, -0.038228, 0.07157, 0.217356, 0.02779, -0.051661, 0.038226, 0.015448, 0.093984, -0.002871, -0.011964, 0.011318, 0.005494, 0.059607, -0.000429, -0.005963, 0.0, 0.021774, 0.119252, -0.013001, -0.019396, 0.0, -0.236844, -0.412716, 0.005721, -0.15133, 0.094286, -0.236824, -0.412714, 0.005721, -0.151343, -0.094255, -0.183148, -0.320957, 0.125748, -0.068854, 0.0], [0.0, -0.0, -0.0, 0.0, 0.0, 0.530759, 0.0, 0.0, 1.0, 0.0, 0.0, 0.0, 0.0, 0.0, 0.096345, 0.379979, 0.495561, -0.104234, -0.149366, -0.072569, -0.18027, -0.258325, 0.071269, 0.031632, 0.052364, 0.024333, 0.093283, 0.034869, -0.096362, -0.380024, -0.49559, 0.104227, 0.149365, -0.072543, 0.180244, 0.258303, 0.071351, -0.031644, -0.052353, 0.024319, -0.093303, 0.03485, 0.011866, 0.073167, 0.160108, -0.004327, -0.079301, -0.012252, -0.014384, -0.263587, 0.024248, -0.030367, 0.006872, 0.001028, 0.072961, 0.018834, -0.011868, -0.073178, -0.160128, 0.004332, 0.079309, -0.01226, 0.014398, 0.263608, 0.024225, 0.03037, -0.006879, 0.001029, -0.072963, 0.018846, 0.0, -0.0, -0.0, 0.0, 0.0, 0.012162, 0.0, 0.0, 0.093013, 0.0, 0.0, -0.005484, 0.0, -0.026089, 0.0, -0.0, -0.0, 0.0, -0.0, 0.193531, 0.0, 0.0, 0.531476, 0.0, 0.0, -0.060405, 0.0, 0.202535, -0.0, 0.0, 0.0, 0.0, 0.289291, 0.160749, 0.279536, -0.114982, -0.044966, -0.036617, 0.258748, 0.449915, -0.008943, -0.027329, -0.190682, -0.258788, -0.449947, 0.008933, 0.027322, -0.190701, -0.160786, -0.279574, 0.115004, 0.044963, -0.036627, 0.012348, 0.075125, -0.002293, -0.011316, -0.006853, 0.041702, 0.126633, 0.016195, -0.038228, -0.008319, -0.041701, -0.126643, -0.016192, 0.038226, -0.008327, -0.01235, -0.075134, 0.002295, 0.011318, -0.006854, -0.0, -2e-06, 0.0, 0.0, 0.000462, -0.0, 0.0, 0.0, 0.0, 0.002906, 0.105702, 0.184192, -0.002553, 0.094286, 0.017855, -0.105659, -0.184131, 0.002552, -0.094255, 0.01787, -0.0, 0.0, 0.0, 0.0, 0.059058], [-0.0, 0.0, 0.0, -0.0, 0.0, 0.0, 0.0, -0.0, 0.0, 1.0, 0.0, 0.0, 0.0, 0.0, -0.020112, -0.085188, -0.0498, 0.123879, 0.032195, 0.056965, 0.105858, -0.017877, -0.031632, -0.01944, -0.1031, -0.182424, -0.025531, 0.042402, -0.020127, -0.085213, -0.049805, 0.123912, 0.032198, -0.056974, 0.105856, -0.017883, 0.031644, -0.019419, -0.103107, 0.182448, -0.025553, -0.042433, -0.000181, -0.008057, -0.032774, 0.001153, 0.013467, 0.007745, 0.007947, 0.052802, 0.030367, 0.01802, -0.003962, -0.002278, -0.014254, -0.024497, -0.000181, -0.008058, -0.032775, 0.001154, 0.013468, -0.007747, 0.007954, 0.052801, -0.03037, 0.018021, -0.003965, 0.002281, -0.014252, 0.024501, -1.6e-05, -0.001028, -0.013932, 0.00067, 0.002182, 0.0, 0.016624, 0.033899, 0.0, 0.002435, -0.003105, 0.0, -0.004785, 0.0, -0.022831, -0.094899, -0.055015, 0.115772, -0.083518, 0.0, 0.095838, 0.029459, 0.0, 0.009662, 0.200031, 0.0, 0.033149, 0.0, 0.40256, 0.079339, 0.178237, -0.020874, 0.0, 0.017382, 0.027145, -0.008983, -0.012203, -0.026291, -0.028374, -0.0443, 0.002593, 0.004642, 0.04263, -0.028384, -0.044304, 0.002591, 0.004642, -0.042646, 0.017388, 0.027147, -0.008985, -0.012206, 0.026305, -0.0001, -0.007589, 9e-06, 3.7e-05, 3e-05, -0.001725, -0.015177, -0.000911, 0.001318, 0.000768, -0.001724, -0.015177, -0.000911, 0.001318, -0.000768, -0.0001, -0.007589, 9e-06, 3.7e-05, -3e-05, -6e-06, -0.003014, 0.0, 2e-06, -0.0, -4.2e-05, -0.002322, 2.1e-05, 1.5e-05, 0.0, -0.028186, -0.044305, 0.001794, -0.038898, 0.01736, -0.028178, -0.044303, 0.001793, -0.038887, -0.017349, 0.013098, 0.020957, -0.003524, 0.024252, 0.0], [0.0, 0.0, 0.0, 0.0, -0.0, 0.0, 0.0, 0.0, 0.0, 0.0, 1.0, 0.0, 0.0, 0.0, 0.015402, 0.065236, 0.038136, 0.040811, -0.003199, -0.109259, 0.077249, 0.038725, -0.052364, -0.1031, -9.3e-05, -0.089829, -0.143019, 0.000226, 0.015409, 0.06524, 0.038132, 0.040843, -0.003183, 0.10927, 0.077263, 0.038734, 0.052353, -0.103107, -7.9e-05, 0.089887, -0.143032, -0.000191, 2.6e-05, 0.00115, 0.004677, 0.004299, -0.002045, -0.001315, 0.052939, -0.009025, -0.006872, -0.003962, -0.015051, -0.009681, 0.002044, 0.004593, 2.6e-05, 0.001151, 0.004681, 0.004299, -0.002047, 0.001316, 0.052939, -0.009032, 0.006879, -0.003965, -0.015051, 0.009682, 0.002045, -0.004598, 1.3e-05, 0.000821, 0.011127, 0.000159, -0.001889, -0.0, 0.017869, -0.033622, 0.0, -0.003105, -0.000766, 0.0, 0.004575, 0.0, -0.028692, -0.119262, -0.069138, -0.106529, -0.180122, 0.0, -0.169749, -0.049526, 0.0, 0.200031, -0.202954, 0.0, -0.140168, 0.0, -0.015371, -0.003029, -0.016594, -0.44332, 0.0, 0.020706, 0.032336, -0.023331, 0.001744, -0.023885, 0.000378, 0.00059, 0.00187, 0.000544, -0.000702, 0.000377, 0.000589, 0.001871, 0.000543, 0.000701, 0.020709, 0.03233, -0.023335, 0.001752, 0.023891, 4.5e-05, 0.003422, 2e-06, -1.7e-05, -1.5e-05, -0.002581, -0.022718, -0.000532, 0.002185, 0.001391, -0.00258, -0.02271, -0.000531, 0.002184, -0.001391, 4.5e-05, 0.003424, 2e-06, -1.7e-05, 1.5e-05, 2e-06, 0.000703, 0.0, -0.0, 0.0, 0.000267, 0.01464, -6.7e-05, -0.00013, 0.0, -0.002208, -0.00347, -0.01569, -0.003333, 0.001678, -0.002207, -0.00347, -0.015684, -0.003332, -0.001677, -0.047812, -0.076503, 0.050379, -0.051653, 0.0], [0.0, 0.0, 0.0, -0.0, 0.0, -0.0, 0.0, 0.0, 0.0, 0.0, 0.0, 1.0, 0.0, 0.0, 0.027252, 0.115428, 0.067478, 0.07221, -0.109259, -0.134771, 0.136684, -0.052364, -0.024333, -0.182424, -0.089829, -0.108268, -0.008243, 0.147805, -0.027267, -0.115443, -0.067474, -0.072271, 0.10927, -0.134785, -0.136716, 0.052353, -0.024319, 0.182448, 0.089887, -0.108336, 0.008231, 0.147792, 1.5e-05, 0.000661, 0.00269, 0.002472, -0.001315, -0.000515, 0.030446, -0.006872, -0.001028, -0.002278, -0.009681, -0.003786, 0.002262, 0.002009, -1.5e-05, -0.000662, -0.002692, -0.002473, 0.001316, -0.000515, -0.030449, 0.006879, -0.001029, 0.002281, 0.009682, -0.003787, -0.002265, 0.002011, 0.0, 0.0, 0.0, 0.0, 0.0, 0.000122, 0.0, 0.0, 0.005484, 0.0, 0.0, 4.9e-05, 0.0, -0.000631, 0.0, 0.0, 0.0, -0.0, -0.0, 0.05246, 0.0, 0.0, 0.060405, 0.0, 0.0, 0.063244, 0.0, 0.126904, -0.0, 0.0, 0.0, 0.0, -0.443901, 0.04461, 0.069666, -0.050266, -0.023885, -0.038628, 0.00347, 0.005418, 0.017176, -0.000702, -0.005823, -0.003467, -0.005412, -0.017185, 0.000701, -0.005818, -0.04463, -0.069676, 0.05029, 0.023891, -0.03865, 3.6e-05, 0.002735, 2e-06, -1.5e-05, -1e-05, -0.001504, -0.013233, -0.00031, 0.001391, 0.000607, 0.001503, 0.013232, 0.000309, -0.001391, 0.000607, -3.6e-05, -0.002737, -2e-06, 1.5e-05, -1e-05, -0.0, -0.0, -0.0, 0.0, 0.0, 0.0, 0.0, 0.0, 0.0, 7e-06, 0.000985, 0.001549, 0.007002, 0.001678, -0.000321, -0.000985, -0.001548, -0.006997, -0.001677, -0.000321, 0.0, 0.0, 0.0, 0.0, 0.011731], [-0.0, -0.0, -0.0, 0.0, 0.0, 0.0, 0.0, 0.0, 0.0, 0.0, 0.0, 0.0, 1.0, 0.0, -0.023513, -0.099593, -0.058221, 0.065786, 0.178173, 0.018346, 0.031529, 0.143082, -0.093283, -0.025531, -0.143019, -0.008243, -0.197819, -0.187219, -0.023531, -0.099624, -0.058228, 0.065801, 0.178231, -0.018339, 0.031526, 0.143088, 0.093303, -0.025553, -0.143032, 0.008231, -0.197861, 0.18725, 0.000159, 0.00705, 0.028677, -0.000765, -0.009595, -0.010606, -0.003999, -0.019683, -0.072961, -0.014254, 0.002044, 0.002262, -0.002888, 0.031499, 0.000159, 0.007049, 0.028672, -0.000766, -0.009593, 0.010607, -0.004001, -0.019668, 0.072963, -0.014252, 0.002045, -0.002265, -0.002896, -0.031498, 3e-05, 0.001954, 0.026469, -0.001006, -0.004203, -0.0, -0.019553, -0.066934, 0.0, -0.004785, 0.004575, 0.0, 0.009564, 0.0, 0.048101, 0.19994, 0.115908, -0.116291, 0.214023, -0.0, -0.054965, -0.018238, 0.0, 0.033149, -0.140168, 0.0, 0.12333, 0.0, 0.000169, 3.3e-05, 0.000291, 0.009777, 0.0, -0.014744, -0.023025, 0.020186, 0.012911, 0.006198, -0.048115, -0.07512, 0.003183, 0.011623, 0.071922, -0.048132, -0.075127, 0.003181, 0.011624, -0.071951, -0.014754, -0.023034, 0.020201, 0.012917, -0.006204, 4e-05, 0.003049, -3e-06, -1.1e-05, -1.7e-05, 0.002013, 0.017714, 0.000789, -0.001382, -0.001365, 0.002011, 0.017706, 0.000788, -0.001381, 0.001364, 4e-05, 0.003047, -3e-06, -1.1e-05, 1.7e-05, 1.1e-05, 0.005268, -0.0, -3e-06, 0.0, 0.000229, 0.012557, -6.8e-05, -0.000105, 0.0, 0.032642, 0.05131, -0.001506, 0.039814, -0.031865, 0.032641, 0.051321, -0.001506, 0.039819, 0.031851, 0.024318, 0.03891, -0.031692, 0.020305, 0.0], [0.0, 0.0, 0.0, 0.0, -0.0, 0.0, 0.0, 0.0, 0.0, 0.0, 0.0, 0.0, 0.0, 1.0, 0.039051, 0.165406, 0.096695, -0.109259, -0.00811, -0.193125, -0.052364, 0.098188, -0.034869, 0.042402, 0.000226, 0.147805, -0.187219, 0.00039, -0.039075, -0.165438, -0.096695, 0.10927, 0.008072, -0.193156, 0.052353, -0.098222, -0.03485, -0.042433, -0.000191, 0.147792, 0.18725, 0.000331, 0.000272, 0.012116, 0.049285, -0.001315, -0.021549, -0.009432, -0.006872, -0.095113, -0.018834, -0.024497, 0.004593, 0.002009, 0.031499, 0.03292, -0.000273, -0.012118, -0.049291, 0.001316, 0.021552, -0.009436, 0.006879, 0.095115, -0.018846, 0.024501, -0.004598, 0.002011, -0.031498, 0.032929, 0.0, 0.0, 0.0, 0.0, 0.0, 0.000582, 0.0, 0.0, 0.026089, 0.0, 0.0, -0.000631, 0.0, -0.002822, -0.0, -0.0, 0.0, -0.0, 0.0, -0.175895, 0.0, 0.0, -0.202535, 0.0, 0.0, 0.126904, 0.0, -0.324411, 0.0, 0.0, 0.0, 0.0, 0.009784, 0.017445, 0.027244, -0.023885, 0.001469, -0.015106, 0.010605, 0.016557, -0.000702, 0.015262, -0.017794, -0.010605, -0.016552, 0.000701, -0.015271, -0.017794, -0.017449, -0.027241, 0.023891, -0.001476, -0.015111, 0.000178, 0.013498, -1.5e-05, -6.7e-05, -5.2e-05, 0.00355, 0.031238, 0.001391, -0.003005, -0.001433, -0.003549, -0.031238, -0.001391, 0.003003, -0.001433, -0.000178, -0.0135, 1.5e-05, 6.7e-05, -5.2e-05, -0.0, -0.0, 0.0, 0.0, 0.0, 0.0, 0.0, 0.0, 0.0, 1.2e-05, -0.036383, -0.057189, 0.001678, -0.054931, 0.011868, 0.036364, 0.057173, -0.001677, 0.054904, 0.011851, -0.0, 0.0, 0.0, 0.0, -0.011932], [0.000261, 0.010198, 0.053072, 0.007199, 0.010316, 0.018253, 0.037998, 0.054451, 0.096345, -0.020112, 0.015402, 0.027252, -0.023513, 0.039051, 1.0, -0.2157, 0.19014, -0.0, -0.0, -0.0, -0.0, 0.0, 0.0, -0.0, 0.0, 0.0, -0.0, 0.0, 1e-06, 5.5e-05, 0.006059, 0.0, 0.0, 0.000125, 1e-06, 1e-06, 0.024141, -0.000188, 0.0, 0.0, -0.000326, 0.0, 0.000271, 0.010572, 0.053755, 0.005686, -0.02221, 3.3e-05, 0.029228, -0.114171, 0.00017, -0.02472, -0.025228, 3.8e-05, 0.049274, -0.000147, 0.0, 5e-06, 0.001755, 2e-06, -6e-06, 1.1e-05, 0.001102, -0.004304, 0.007347, -1.8e-05, -4e-06, 7e-06, -1.6e-05, -2.8e-05, 1e-06, 5.5e-05, 0.006091, -6e-06, -0.000109, 6.3e-05, -0.001063, -0.020964, 0.012133, -0.000189, 2.5e-05, -1.4e-05, 0.000164, -0.000286, 1e-06, 5.7e-05, 0.006198, 3e-06, 0.000113, 6.6e-05, 0.000603, 0.021263, 0.012336, -0.000197, 1.5e-05, 8e-06, 0.00017, 0.000297, 0.000614, 0.022889, 0.000294, 0.000127, 0.000233, 0.055628, 0.095469, -0.10127, 0.008595, -0.007007, 0.055813, 0.095562, 0.039329, 0.04473, -0.083163, 0.0, 0.001026, 0.0, 0.0, 0.0, 1.7e-05, 0.005666, -4e-06, 0.0, 9e-06, 0.000588, 0.022548, -8e-06, -0.000345, -0.000155, 0.000595, 0.022631, 0.000261, -0.00028, -1.3e-05, 1e-06, 0.001371, 0.0, -0.0, 0.0, 0.0, 0.000252, -0.0, -0.0, 0.0, 0.0, 0.00105, 0.0, -0.0, 0.0, 1.7e-05, 0.005731, -4e-06, -8e-06, 5e-06, 2.3e-05, 0.006575, 2e-06, 1.4e-05, 2e-06, 0.0, 0.001029, 0.0, 0.0, 0.0, 2e-05, 0.006081, -4e-06, 1e-05, 5e-06], [0.010198, 0.1203, 0.268092, 0.059461, 0.085207, 0.150764, 0.149863, 0.214751, 0.379979, -0.085188, 0.065236, 0.115428, -0.099593, 0.165406, -0.2157, 1.0, 0.718332, -0.0, -0.0, 0.0, -0.0, 0.0, -0.0, 0.0, 0.0, 0.0, -0.0, 0.0, 5.5e-05, 0.003106, 0.048449, 0.0, 0.0, 0.006576, 6e-06, 6e-06, 0.148385, -0.008306, 0.0, 1e-06, -0.014387, 1e-06, 0.010572, 0.122755, 0.270778, 0.046184, -0.180409, 0.000268, 0.114957, -0.449054, 0.000668, -0.102585, -0.104696, 0.000156, 0.204484, -0.000608, 5e-06, 0.000359, 0.017929, 0.000108, -0.000421, 0.000719, 0.008589, -0.033558, 0.057291, -0.001177, -0.000276, 0.000471, -0.001032, -0.00184, 5.5e-05, 0.003135, 0.048655, -0.000291, -0.005736, 0.003319, -0.006526, -0.128727, 0.074497, -0.008324, 0.001099, -0.000636, 0.007211, -0.012549, 5.7e-05, 0.003231, 0.049333, 0.000167, 0.005901, 0.003424, 0.003692, 0.130114, 0.07549, -0.008575, 0.000631, 0.000366, 0.00738, 0.012909, 0.016784, 0.132669, 0.015266, 0.006598, 0.012084, 0.309829, 0.429145, -0.353499, 0.030001, -0.024461, 0.310443, 0.429488, 0.136865, 0.155661, -0.289409, 2.8e-05, 0.009933, 1e-06, 1e-06, 1e-05, 0.000952, 0.041621, -0.000276, 2.4e-05, 0.000659, 0.016276, 0.131036, -0.000418, -0.018116, -0.008108, 0.016399, 0.131434, 0.013641, -0.014642, -0.000657, 5.1e-05, 0.012677, 9e-06, -1e-05, 1.6e-05, 2e-06, 0.003028, -0.0, -0.0, 0.0, 2.9e-05, 0.010123, 1e-06, -1e-05, 4e-06, 0.000975, 0.042019, -0.000315, -0.000577, 0.00033, 0.001294, 0.047119, 0.000166, 0.001007, 0.000141, 2.8e-05, 0.009955, 1e-06, 8e-06, 6e-06, 0.001102, 0.044151, -0.000314, 0.000691, 0.000385], [0.053072, 0.268092, 0.511081, 0.071796, 0.102882, 0.182039, 0.195448, 0.280074, 0.495561, -0.0498, 0.038136, 0.067478, -0.058221, 0.096695, 0.19014, 0.718332, 1.0, 0.0, 0.0, 0.0, 0.0, 0.0, -0.0, 0.0, 0.0, 0.0, -0.0, 0.0, 0.006059, 0.048449, 0.161997, 2e-06, 2e-06, 0.059762, 1.3e-05, 1.3e-05, 0.323437, -0.033278, 0.0, 5e-06, -0.057639, 5e-06, 0.053755, 0.270778, 0.514541, 0.055136, -0.215376, 0.00032, 0.149487, -0.583936, 0.000868, -0.059428, -0.06065, 9e-05, 0.118458, -0.000352, 0.001755, 0.017929, 0.083603, 0.003176, -0.012407, 0.021181, 0.025428, -0.09935, 0.169611, -0.015469, -0.003625, 0.006189, -0.013558, -0.024179, 0.006091, 0.048655, 0.162456, -0.002629, -0.051865, 0.030015, -0.014206, -0.280224, 0.162172, -0.03318, 0.004382, -0.002536, 0.028743, -0.050021, 0.006198, 0.049333, 0.163964, 0.001489, 0.05249, 0.030454, 0.008003, 0.282047, 0.163639, -0.033621, 0.002475, 0.001436, 0.028937, 0.050615, 0.105116, 0.31517, 0.071947, 0.031097, 0.056953, 0.455898, 0.732732, -0.242783, 0.020605, -0.0168, 0.456357, 0.733154, 0.093913, 0.106811, -0.198586, 0.004377, 0.049774, 0.000578, 0.000657, 0.004685, 0.025158, 0.137734, -0.010263, 0.000873, 0.024485, 0.103512, 0.312386, -0.002012, -0.087279, -0.039062, 0.103903, 0.313065, 0.065367, -0.070164, -0.003151, 0.005888, 0.059173, 0.002792, -0.002997, 0.00494, 0.001038, 0.021475, -1.3e-05, -0.00055, 0.000952, 0.004479, 0.050446, 0.000331, -0.00453, 0.001776, 0.025453, 0.138669, -0.011503, -0.021074, 0.012041, 0.029296, 0.15046, 0.004945, 0.029991, 0.004211, 0.004389, 0.049851, 0.000611, 0.003707, 0.002953, 0.027047, 0.143646, -0.010488, 0.023107, 0.012872], [-0.007199, -0.059461, -0.071796, 0.031957, -0.049276, -0.087189, 0.150609, -0.05891, -0.104234, 0.123879, 0.040811, 0.07221, 0.065786, -0.109259, -0.0, -0.0, 0.0, 1.0, 0.0, 0.0, 0.530759, 0.0, 0.0, -0.0, 0.0, -0.0, 0.0, 0.0, -0.0, -0.0, -2e-06, 0.001164, -0.0, -1e-06, 0.033786, -0.0, -7e-06, 1e-06, 0.0, 0.005249, 1e-06, -0.0, -0.005686, -0.046184, -0.055136, 0.047637, 0.079557, -0.000118, 0.169708, 0.093668, -0.000139, 0.104421, -0.125249, 0.000186, -0.103208, 0.000307, -2e-06, -0.000108, -0.003176, 8.6e-05, 0.000131, -0.000224, 0.010944, 0.005991, -0.010228, 0.00047, -0.000226, 0.000386, 0.000331, 0.00059, 6e-06, 0.000291, 0.002629, 0.001147, -0.000558, 0.000323, 0.033573, -0.007047, 0.004078, -0.001105, -0.004469, 0.002586, 0.000725, -0.001261, -3e-06, -0.000167, -0.001489, 0.001204, -0.000321, -0.000186, 0.034294, -0.00398, -0.002309, 0.000636, 0.004681, 0.002716, -0.000415, -0.000725, -0.022633, -0.088683, -0.02051, -0.010749, -0.019686, 0.387809, 0.208186, -0.404771, 0.052826, -0.043071, -0.15021, -0.080511, 0.125077, -0.106006, 0.19709, -8e-06, -0.00159, 1e-06, -0.0, -3e-06, 0.000792, 0.018109, -0.000171, 2.3e-05, 0.000656, 0.000623, 0.00249, 0.004168, -0.000838, -0.000375, -0.020324, -0.080805, -0.016194, 0.021921, 0.000984, -5.3e-05, -0.007122, -9e-06, 1.2e-05, -2e-05, 0.0, 5.1e-05, 0.0, -0.0, 0.0, -5e-06, -0.000906, 1e-06, 2e-06, -1e-06, 0.000898, 0.020238, -0.00024, -0.000636, 0.000363, -0.000442, -0.008396, 8.6e-05, -0.000413, -5.8e-05, -9e-06, -0.00168, 1e-06, -3e-06, -2e-06, 0.000868, 0.018171, -0.000171, 0.000652, 0.000363], [-0.010316, -0.085207, -0.102882, -0.049276, -0.004268, -0.12494, -0.05891, 0.107302, -0.149366, 0.032195, -0.003199, -0.109259, 0.178173, -0.00811, -0.0, -0.0, 0.0, 0.0, 1.0, 0.0, 0.0, 0.530759, 0.0, 0.0, -0.0, 0.0, 0.0, -0.0, -0.0, -0.0, -2e-06, -0.0, 0.001164, -1e-06, -0.0, 0.033786, -7e-06, 1e-06, 0.0, -0.0, 2e-06, 0.005249, 0.02221, 0.180409, 0.215376, 0.079557, -0.242767, 0.000462, 0.093668, -0.172204, 0.000544, -0.099434, -0.160825, 0.000307, 0.225065, -0.000934, 6e-06, 0.000421, 0.012407, 0.000131, -0.000393, 0.000876, 0.005991, -0.01093, 0.039961, -0.001292, -0.000265, 0.00059, -0.001607, -0.001766, 0.000109, 0.005736, 0.051865, -0.000558, -0.009833, 0.006371, -0.007047, -0.105082, 0.08045, -0.013857, 0.001947, -0.001261, 0.009715, -0.022227, -0.000113, -0.005901, -0.05249, -0.000321, -0.010096, -0.006562, -0.00398, -0.105851, -0.081375, 0.014254, -0.001116, -0.000725, -0.009895, -0.022822, -0.009783, -0.038331, -0.010749, -0.000287, -0.008509, -0.032913, -0.017668, 0.052826, 0.213188, 0.003655, -0.170839, -0.091568, -0.106006, 0.097719, 0.224157, -9e-06, -0.001808, -0.0, 1e-06, -4e-06, -6.7e-05, -0.00154, 2.3e-05, 0.000102, -5.6e-05, 0.027034, 0.107995, -0.000838, -0.032163, -0.016268, 0.021815, 0.086735, 0.021921, -0.019302, -0.001057, 5.7e-05, 0.007645, 1.2e-05, -1e-05, 2.1e-05, 2e-06, 0.002187, -0.0, -0.0, 0.0, 6.6e-05, 0.01239, 2e-06, -2.5e-05, 1e-05, 0.001644, 0.037076, -0.000636, -0.001057, 0.000665, -0.002682, -0.050925, -0.000413, -0.002348, -0.000351, -5.3e-05, -0.010192, -3e-06, -1.6e-05, -1.4e-05, -0.001912, -0.040034, 0.000652, -0.001311, -0.0008], [-0.018253, -0.150764, -0.182039, -0.087189, -0.12494, -0.154724, -0.104234, -0.149366, -0.072569, 0.056965, -0.109259, -0.134771, 0.018346, -0.193125, -0.0, 0.0, 0.0, 0.0, 0.0, 1.0, 0.0, 0.0, 0.530759, 0.0, 0.0, -0.0, 0.0, 0.0, -0.000125, -0.006576, -0.059762, -1e-06, -1e-06, -0.013439, -7e-06, -7e-06, -0.151636, 0.016021, -0.0, -2e-06, 0.027749, -2e-06, -3.3e-05, -0.000268, -0.00032, -0.000118, 0.000462, 0.068003, -0.000139, 0.000544, 0.193687, 0.000148, 0.000307, 0.045591, -0.000864, -0.178089, -1.1e-05, -0.000719, -0.021181, -0.000224, 0.000876, -0.001375, -0.010228, 0.039961, -0.055744, 0.002206, 0.00059, -0.000926, 0.001668, 0.003618, -6.3e-05, -0.003319, -0.030015, 0.000323, 0.006371, -0.002512, 0.004078, 0.08045, -0.012627, 0.00802, -0.001261, 0.000498, -0.010923, 0.009817, -6.6e-05, -0.003424, -0.030454, -0.000186, -0.006562, -0.002593, -0.002309, -0.081375, -0.012806, 0.00827, -0.000725, -0.000287, -0.011214, -0.010112, -0.017916, -0.070201, -0.019686, -0.008509, -0.011224, 0.026835, 0.014406, -0.043071, 0.003655, 0.214691, 0.317628, 0.170245, 0.19709, 0.224157, -0.198476, -6.7e-05, -0.012888, -3e-06, -4e-06, -2.6e-05, -0.001889, -0.043203, 0.000656, -5.6e-05, -0.00146, 0.012099, 0.048333, -0.000375, -0.016268, -0.003094, 0.00098, 0.003895, 0.000984, -0.001057, 0.004181, -9.4e-05, -0.012599, -2e-05, 2.1e-05, -3.2e-05, -3e-06, -0.003786, 0.0, 0.0, -1e-06, -2.6e-05, -0.004858, -1e-06, 1e-05, -3e-06, -0.00094, -0.021183, 0.000363, 0.000665, -0.000273, -0.000377, -0.00715, -5.8e-05, -0.000351, 0.000105, -4.2e-05, -0.008118, -2e-06, -1.4e-05, -1e-05, -0.001065, -0.022301, 0.000363, -0.0008, -0.00032], [-0.037998, -0.149863, -0.195448, 0.150609, -0.05891, -0.104234, 0.457249, -0.101883, -0.18027, 0.105858, 0.077249, 0.136684, 0.031529, -0.052364, -0.0, -0.0, 0.0, 0.530759, 0.0, 0.0, 1.0, 0.0, 0.0, 0.0, 0.0, 0.0, 0.0, 0.0, -1e-06, -6e-06, -1.3e-05, 0.033786, -0.0, -7e-06, 0.17727, -0.0, -2.4e-05, 7e-06, 2e-06, 0.062535, 7e-06, -0.0, -0.029228, -0.114957, -0.149487, 0.169708, 0.093668, -0.000139, 0.490434, 0.161376, -0.00024, 0.084991, -0.179882, 0.000268, -0.048723, 0.000145, -0.001102, -0.008589, -0.025428, 0.010944, 0.005991, -0.010228, 0.08719, 0.028679, -0.048961, 0.011132, -0.011997, 0.020481, 0.006219, 0.011091, 0.001063, 0.006526, 0.014206, 0.033573, -0.007047, 0.004078, 0.176568, -0.023276, 0.01347, -0.007452, -0.053695, 0.031074, 0.003704, -0.006446, -0.000603, -0.003692, -0.008003, 0.034294, -0.00398, -0.002309, 0.178945, -0.013076, -0.007586, 0.004215, 0.054695, 0.031733, -0.002081, -0.003639, -0.198463, -0.340117, -0.080401, -0.061805, -0.113193, 0.560528, 0.530479, -0.019446, 0.026218, -0.021376, -0.216799, -0.205092, 0.243606, -0.052512, 0.097632, -0.00243, -0.014779, 0.001846, -0.000398, -0.002838, 0.034051, 0.103452, -0.000933, 0.001264, 0.035461, 0.005561, 0.009589, 0.06148, -0.004937, -0.002209, -0.180574, -0.310909, -0.057765, 0.128379, 0.005765, -0.011272, -0.060961, -0.002807, 0.00624, -0.010283, 6.6e-05, 0.000704, 0.000477, -3.9e-05, 6.7e-05, -0.001388, -0.008366, 0.002138, 0.001532, -0.000601, 0.038107, 0.11524, -0.004324, -0.033757, 0.019287, -0.01608, -0.045974, 0.013455, -0.017584, -0.002469, -0.002569, -0.015608, 0.001812, -0.002368, -0.001886, 0.034467, 0.101736, 0.000745, 0.031483, 0.017537], [-0.054451, -0.214751, -0.280074, -0.05891, 0.107302, -0.149366, -0.101883, 0.382351, -0.258325, -0.017877, 0.038725, -0.052364, 0.143082, 0.098188, 0.0, 0.0, 0.0, 0.0, 0.530759, 0.0, 0.0, 1.0, 0.0, -0.0, 0.0, 0.0, 0.0, 0.0, -1e-06, -6e-06, -1.3e-05, -0.0, 0.033786, -7e-06, -0.0, 0.17727, -2.4e-05, 2e-06, 2e-06, -0.0, 9e-06, 0.062535, 0.114171, 0.449054, 0.583936, 0.093668, -0.172204, 0.000544, 0.161376, -0.098631, 0.000937, 0.022776, -0.045011, 0.000145, -0.014503, -0.000261, 0.004304, 0.033558, 0.09935, 0.005991, -0.01093, 0.039961, 0.028679, -0.017519, 0.191291, -0.019836, -0.003, 0.011091, -0.037957, -0.020012, 0.020964, 0.128727, 0.280224, -0.007047, -0.105082, 0.08045, -0.023276, -0.28138, 0.265708, -0.053014, 0.008388, -0.006446, 0.018802, -0.095749, -0.021263, -0.130114, -0.282047, -0.00398, -0.105851, -0.081375, -0.013076, -0.281532, -0.267377, 0.053518, -0.004716, -0.003639, -0.018456, -0.096428, -0.08578, -0.147006, -0.061805, 0.03588, -0.048925, -0.047571, -0.045021, 0.026218, 0.287249, 0.001814, -0.246572, -0.233258, -0.052512, 0.230054, 0.111041, -0.002764, -0.016808, -0.000398, 0.001743, -0.003227, -0.002896, -0.0088, 0.001264, 0.013823, -0.003016, 0.241222, 0.415961, -0.004937, -0.152552, -0.09584, 0.193826, 0.333727, 0.128379, -0.075964, -0.006188, 0.0121, 0.06544, 0.00624, -0.003692, 0.011039, 0.002829, 0.030332, -3.9e-05, -0.001182, 0.002873, 0.018992, 0.11445, 0.001532, -0.018703, 0.008216, 0.069813, 0.211123, -0.033757, -0.047741, 0.035334, -0.097527, -0.278845, -0.017584, -0.090297, -0.014974, -0.015585, -0.094675, -0.002368, -0.01216, -0.011439, -0.075936, -0.224142, 0.031483, -0.054327, -0.038637], [-0.096345, -0.379979, -0.495561, -0.104234, -0.149366, -0.072569, -0.18027, -0.258325, 0.071269, -0.031632, -0.052364, -0.024333, -0.093283, -0.034869, 0.0, -0.0, -0.0, 0.0, 0.0, 0.530759, 0.0, 0.0, 1.0, 0.0, 0.0, 0.0, 0.0, 0.0, -0.024141, -0.148385, -0.323437, -7e-06, -7e-06, -0.151636, -2.4e-05, -2.4e-05, -0.436113, 0.061816, -0.0, -1.1e-05, 0.107068, -1.1e-05, -0.00017, -0.000668, -0.000868, -0.000139, 0.000544, 0.193687, -0.00024, 0.000937, 0.531745, -3.4e-05, 0.000145, 0.052436, -0.000588, -0.204828, -0.007347, -0.057291, -0.169611, -0.010228, 0.039961, -0.055744, -0.048961, 0.191291, -0.232043, 0.033863, 0.011091, -0.015438, 0.01816, 0.060316, -0.012133, -0.074497, -0.162172, 0.004078, 0.08045, -0.012627, 0.01347, 0.265708, 0.023976, 0.03068, -0.006446, 0.00098, -0.073684, 0.019325, -0.012336, -0.07549, -0.163639, -0.002309, -0.081375, -0.012806, -0.007586, -0.267377, 0.024188, 0.03105, -0.003639, -0.000555, -0.074381, -0.019544, -0.157102, -0.269235, -0.113193, -0.048925, -0.02701, 0.038786, 0.036707, -0.021376, 0.001814, 0.287995, 0.458434, 0.43368, 0.097632, 0.111041, 0.083328, -0.019702, -0.119814, -0.002838, -0.003227, -0.02081, -0.081238, -0.246815, 0.035461, -0.003016, -0.070672, 0.107958, 0.186162, -0.002209, -0.09584, 0.0187, 0.008704, 0.014986, 0.005765, -0.006188, 0.061559, -0.019942, -0.107849, -0.010283, 0.011039, -0.015187, -0.004897, -0.052508, 6.7e-05, 0.002873, -0.004496, -0.007447, -0.044875, -0.000601, 0.008216, -0.000971, -0.039888, -0.120624, 0.019287, 0.035334, -0.006085, -0.013693, -0.039151, -0.002469, -0.014974, 0.014252, -0.012413, -0.075409, -0.001886, -0.011439, -0.006909, -0.042299, -0.124856, 0.017537, -0.038637, -0.006488], [-0.020112, -0.085188, -0.0498, -0.123879, -0.032195, -0.056965, -0.105858, 0.017877, 0.031632, -0.01944, -0.1031, -0.182424, -0.025531, 0.042402, -0.0, 0.0, 0.0, -0.0, 0.0, 0.0, 0.0, -0.0, 0.0, 1.0, 0.0, 0.0, 0.0, 0.0, -0.000188, -0.008306, -0.033278, -1e-06, -1e-06, -0.016021, -7e-06, -2e-06, -0.061816, 0.018748, -0.0, -4e-06, 0.029204, -2e-06, -0.02472, -0.102585, -0.059428, -0.104421, 0.099434, -0.000148, -0.084991, -0.022776, 3.4e-05, 0.035861, 0.184482, -0.000274, 0.016668, -5e-05, -1.8e-05, -0.001177, -0.015469, -0.00047, 0.001292, -0.002206, -0.011132, 0.019836, -0.033863, 0.003293, 0.00112, -0.001912, 0.002812, 0.005015, -0.000189, -0.008324, -0.03318, 0.001105, 0.013857, -0.00802, 0.007452, 0.053014, -0.03068, 0.018534, -0.003775, 0.002185, -0.014484, 0.025207, -0.000197, -0.008575, -0.033621, -0.000636, -0.014254, -0.00827, -0.004215, -0.053518, -0.03105, 0.019151, -0.002168, -0.001258, -0.014815, -0.025914, 0.019742, 0.029447, 0.011298, 0.01549, 0.028369, 0.395811, 0.077933, -0.164877, 0.078937, -0.06436, -0.112189, -0.022054, -0.271585, 0.028292, -0.052601, -0.000103, -0.007835, -8e-06, -7e-06, -4.9e-05, -0.001472, -0.012974, 0.000911, -4.4e-05, -0.001232, -0.029402, -0.044717, 0.001609, 0.040721, 0.018225, 0.011624, 0.017594, 0.000291, -0.023825, -0.00107, -8.1e-05, -0.004283, -2.9e-05, 1.9e-05, -3.1e-05, -7e-06, -0.003118, 0.0, 1e-06, -1e-06, -0.000111, -0.008204, -5e-06, 5.1e-05, -2e-05, -0.001224, -0.010634, 0.000901, 0.000825, -0.000471, -0.003218, -0.023509, -0.000789, -0.003328, -0.000467, -0.000103, -0.007807, -8e-06, -3.9e-05, -3.1e-05, -0.001795, -0.014474, 0.001078, -0.001381, -0.000769], [0.015402, 0.065236, 0.038136, -0.040811, 0.003199, 0.109259, -0.077249, -0.038725, 0.052364, -0.1031, -9.3e-05, -0.089829, -0.143019, 0.000226, 0.0, 0.0, 0.0, 0.0, -0.0, 0.0, 0.0, 0.0, 0.0, 0.0, 1.0, 0.0, 0.0, 0.0, 0.0, 0.0, 0.0, -0.0, -0.0, 0.0, -2e-06, -2e-06, 0.0, -0.0, 0.001887, -1e-06, -0.0, -1e-06, -0.025228, -0.104696, -0.06065, 0.125249, 0.160825, -0.000307, 0.179882, 0.045011, -0.000145, 0.184482, -0.239938, 0.000465, -0.128045, 0.000547, -4e-06, -0.000276, -0.003625, 0.000226, 0.000265, -0.00059, 0.011997, 0.003, -0.011091, 0.00112, -0.000458, 0.001018, 0.001086, 0.001196, 2.5e-05, 0.001099, 0.004382, 0.004469, -0.001947, 0.001261, 0.053695, -0.008388, 0.006446, -0.003775, -0.015559, 0.010081, 0.001913, -0.004381, 1.5e-05, 0.000631, 0.002475, -0.004681, 0.001116, 0.000725, -0.054695, 0.004716, 0.003639, -0.002168, -0.016243, -0.010557, 0.001088, 0.00251, 0.024912, 0.037157, 0.028776, 0.000917, 0.027627, -0.058534, -0.011525, 0.062331, 0.433338, 0.006908, 0.117402, 0.023079, -0.117288, -0.083155, -0.163625, 6e-06, 0.000475, -1e-06, -0.0, 3e-06, -0.000117, -0.001033, 3.2e-05, 0.000224, -0.000123, 0.001958, 0.002978, 0.016712, -0.00297, -0.001502, -0.051117, -0.077373, -0.051927, 0.057662, 0.003157, -0.000133, -0.006978, -2.7e-05, 3.1e-05, -6.1e-05, 0.0, 6.3e-05, 0.0, -0.0, 0.0, -2.5e-05, -0.001817, 6e-06, 1.2e-05, -5e-06, 0.003168, 0.027523, -0.001077, -0.002586, 0.001626, 0.001904, 0.013909, -0.000469, 0.002118, 0.000317, 3.7e-05, 0.002822, -3e-06, 1.4e-05, 1.2e-05, -0.003143, -0.025335, 0.000786, -0.002736, -0.001669], [0.027252, 0.115428,