{"coordinates": [[[11.685, 9.998, 9.837], [10.963, 11.291, 10.054], [10.96, 8.706, 10.054], [9.653, 11.563, 10.112], [9.65, 8.437, 10.112], [8.54, 10.67, 9.914], [8.542, 9.332, 9.914], [12.117, 9.997, 8.829], [12.534, 9.997, 10.534], [11.629, 12.145, 10.182], [11.624, 7.85, 10.182], [9.365, 12.599, 10.281], [9.359, 7.401, 10.281], [7.59, 11.171, 9.759], [7.587, 8.833, 9.759]]], "HF": [-271.50593869278], "elements": [["C", "C", "C", "C", "C", "C", "C", "H", "H", "H", "H", "H", "H", "H", "H"]], "S": [[[1.0, -0.2157, 0.19014, -0.0, -0.0, -0.0, -0.0, 0.0, -0.0, -0.0, 0.0, 0.0, -0.0, 0.0, 0.000312, 0.012113, 0.056409, -0.003776, 0.012556, -0.02248, -0.017562, 0.058391, -0.104546, -0.031758, -0.008221, 0.014719, -0.030145, -0.048939, 0.000312, 0.012123, 0.056426, -0.003781, 0.012616, 0.022469, -0.017575, 0.058634, 0.104431, -0.031777, -0.008264, -0.014719, -0.029945, 0.049107, 1e-06, 4.1e-05, 0.005253, -1e-05, 7.4e-05, -5.7e-05, -0.002292, 0.016927, -0.013041, -0.000137, -4.1e-05, 3.2e-05, 6.2e-05, -0.000235, 1e-06, 4.1e-05, 0.005255, -1e-05, 7.4e-05, 5.7e-05, -0.002293, 0.01696, 0.013006, -0.000137, -4.1e-05, -3.2e-05, 6.3e-05, 0.000234, 0.0, 1e-06, 0.000743, -0.0, 3e-06, -1e-06, -9.9e-05, 0.004005, -0.000857, -4e-06, -0.0, 0.0, 7e-06, -3e-06, 0.0, 1e-06, 0.000744, -0.0, 3e-06, 1e-06, -9.9e-05, 0.004007, 0.000848, -4e-06, -0.0, -0.0, 7e-06, 3e-06, 0.055851, 0.095581, 0.094089, -0.040349, 4.7e-05, 0.055496, 0.095402, -0.064459, -0.078507, 7.4e-05, 0.000537, 0.02184, -5.5e-05, 9e-06, -0.000339, 0.000537, 0.02185, -5.5e-05, 1e-05, 0.00034, 0.0, 0.000924, -0.0, 0.0, -0.0, 0.0, 0.000925, -0.0, 0.0, 0.0, 0.0, 8.5e-05, 0.0, 0.0, -0.0, 0.0, 8.5e-05, 0.0, 0.0, 0.0], [-0.2157, 1.0, 0.718332, -0.0, 0.0, -0.0, 0.0, -0.0, 0.0, 0.0, 0.0, 0.0, -0.0, 0.0, 0.012113, 0.132416, 0.281128, -0.028783, 0.0957, -0.171346, -0.068365, 0.227305, -0.406979, -0.121927, -0.031562, 0.056511, -0.115735, -0.187892, 0.012123, 0.132479, 0.281193, -0.028811, 0.09612, 0.171196, -0.068411, 0.228237, 0.406503, -0.121942, -0.031714, -0.056484, -0.114912, 0.188443, 4.1e-05, 0.002426, 0.043237, -0.000555, 0.0041, -0.003159, -0.014487, 0.106989, -0.082428, -0.006487, -0.001954, 0.001506, 0.002933, -0.01112, 4.1e-05, 0.002427, 0.043247, -0.000555, 0.004109, 0.003151, -0.01449, 0.107192, 0.082204, -0.00649, -0.001959, -0.001502, 0.002984, 0.011111, 1e-06, 8e-05, 0.008939, -5e-06, 0.000191, -4.1e-05, -0.000905, 0.036606, -0.00783, -0.000312, -2.6e-05, 5e-06, 0.000494, -0.000222, 1e-06, 8e-05, 0.00894, -5e-06, 0.000191, 4.1e-05, -0.000907, 0.036626, 0.007752, -0.000312, -2.6e-05, -5e-06, 0.000495, 0.000219, 0.310567, 0.429557, 0.327231, -0.14033, 0.000162, 0.309391, 0.4289, -0.225495, -0.274637, 0.000259, 0.015246, 0.127626, -0.002922, 0.000474, -0.018188, 0.015261, 0.127675, -0.002926, 0.000515, 0.018207, 2.2e-05, 0.009092, -1e-06, 5e-06, -6e-06, 2.2e-05, 0.009098, -1e-06, 5e-06, 6e-06, 0.0, 0.001196, 0.0, 0.0, -0.0, 0.0, 0.001196, 0.0, 0.0, 0.0], [0.19014, 0.718332, 1.0, -0.0, 0.0, -0.0, 0.0, 0.0, 0.0, 0.0, 0.0, 0.0, -0.0, 0.0, 0.056409, 0.281128, 0.527776, -0.03293, 0.10949, -0.196037, -0.087926, 0.292346, -0.52343, -0.068298, -0.01768, 0.031655, -0.06483, -0.105249, 0.056426, 0.281193, 0.52786, -0.032954, 0.109942, 0.195813, -0.08798, 0.293524, 0.522783, -0.068293, -0.017761, -0.031633, -0.064355, 0.105536, 0.005253, 0.043237, 0.150154, -0.005775, 0.042649, -0.032859, -0.032696, 0.241467, -0.186036, -0.029765, -0.008967, 0.006909, 0.013458, -0.051024, 0.005255, 0.043247, 0.150177, -0.005776, 0.042731, 0.03277, -0.032701, 0.241908, 0.185517, -0.02977, -0.008985, -0.00689, 0.013688, 0.050972, 0.000743, 0.008939, 0.052709, -0.000317, 0.012808, -0.00274, -0.003329, 0.134597, -0.028791, -0.009422, -0.000773, 0.000165, 0.01491, -0.006684, 0.000744, 0.00894, 0.052713, -0.000317, 0.012815, 0.002712, -0.003333, 0.134667, 0.028502, -0.009423, -0.000774, -0.000164, 0.01494, 0.00662, 0.45645, 0.733239, 0.224497, -0.096273, 0.000111, 0.45557, 0.73243, -0.15497, -0.188743, 0.000178, 0.100182, 0.306544, -0.014753, 0.002395, -0.091832, 0.100229, 0.306627, -0.014765, 0.002597, 0.091862, 0.003931, 0.046748, -0.000541, 0.002824, -0.003166, 0.003934, 0.046772, -0.000541, 0.002833, 0.003162, 0.000339, 0.011145, 6e-06, 0.00033, -9.5e-05, 0.000339, 0.011148, 6e-06, 0.000331, 9.4e-05], [-0.0, -0.0, -0.0, 1.0, 0.0, 0.0, 0.530759, 0.0, 0.0, -0.0, -0.0, 0.0, 0.0, 0.0, 0.003776, 0.028783, 0.03293, 0.067263, 0.024552, -0.043959, 0.193078, 0.027283, -0.048849, -0.069222, 0.086049, -0.154067, -0.03426, -0.055621, 0.003781, 0.028811, 0.032954, 0.067295, 0.024674, 0.043945, 0.193117, 0.027408, 0.048815, -0.069283, 0.086424, 0.153925, -0.034037, 0.055817, 1e-05, 0.000555, 0.005775, 0.000763, 0.000983, -0.000757, 0.028174, 0.014467, -0.011146, -0.002112, 0.002763, -0.002129, 0.000725, -0.00275, 1e-05, 0.000555, 0.005776, 0.000763, 0.000985, 0.000755, 0.02818, 0.014495, 0.011116, -0.002113, 0.00277, 0.002124, 0.000738, 0.002748, 0.0, 5e-06, 0.000317, 2.4e-05, 1.2e-05, -3e-06, 0.006204, 0.001304, -0.000279, -2.4e-05, 0.000135, -2.9e-05, 3.1e-05, -1.4e-05, 0.0, 5e-06, 0.000317, 2.4e-05, 1.2e-05, 2e-06, 0.006205, 0.001306, 0.000276, -2.4e-05, 0.000135, 2.9e-05, 3.1e-05, 1.4e-05, -0.359167, -0.192449, -0.314284, 0.228439, -0.000264, 0.24731, 0.13291, -0.036234, -0.308711, 0.000291, 0.004421, 0.018404, 0.00282, 0.000166, -0.006372, 0.004427, 0.018417, 0.002823, 0.00018, 0.006381, 7e-06, 0.001529, 0.0, 2e-06, -2e-06, 7e-06, 0.00153, 0.0, 2e-06, 2e-06, -0.0, -3.3e-05, 0.0, -0.0, 0.0, -0.0, -3.3e-05, 0.0, -0.0, -0.0], [-0.0, 0.0, 0.0, 0.0, 1.0, 0.0, 0.0, 0.530759, 0.0, 0.0, -0.0, 0.0, -0.0, 0.0, -0.012556, -0.0957, -0.10949, 0.024552, -0.006987, 0.146161, 0.027283, 0.11057, 0.162418, 0.064932, 0.002375, -0.055621, 0.209305, 0.014138, -0.012616, -0.09612, -0.109942, 0.024674, -0.007627, -0.146611, 0.027408, 0.109892, -0.16286, 0.065184, 0.002619, 0.055817, 0.209374, -0.015564, -7.4e-05, -0.0041, -0.042649, 0.000983, -0.006362, 0.005592, 0.014467, -0.076712, 0.082317, 0.009972, 0.003129, -0.00275, -0.00211, 0.017807, -7.4e-05, -0.004109, -0.042731, 0.000985, -0.006389, -0.005588, 0.014495, -0.077088, -0.082232, 0.009993, 0.003143, 0.002748, -0.002205, -0.017832, -3e-06, -0.000191, -0.012808, 1.2e-05, -0.000451, 0.000102, 0.001304, -0.046468, 0.011274, 0.000719, 6.2e-05, -1.4e-05, -0.001126, 0.000537, -3e-06, -0.000191, -0.012815, 1.2e-05, -0.000452, -0.000101, 0.001306, -0.046521, -0.011166, 0.000719, 6.2e-05, 1.4e-05, -0.001129, -0.000532, 0.154026, 0.08253, 0.228439, 0.120442, 0.000113, 0.301207, 0.161876, -0.308711, -0.158753, 0.000354, -0.000718, -0.002987, 0.000166, 0.003817, 0.001034, -0.000779, -0.003239, 0.00018, 0.003817, -0.001122, -3.6e-05, -0.007985, 2e-06, -9e-06, 1.1e-05, -3.6e-05, -0.008009, 2e-06, -9e-06, -1.1e-05, -0.0, -0.001755, -0.0, -0.0, 0.0, -0.0, -0.001757, -0.0, -0.0, -0.0], [-0.0, -0.0, -0.0, 0.0, 0.0, 1.0, 0.0, 0.0, 0.530759, 0.0, 0.0, -0.0, 0.0, -0.0, 0.02248, 0.171346, 0.196037, -0.043959, 0.146161, -0.187046, -0.048849, 0.162418, -0.089518, -0.116257, -0.055621, 0.070896, -0.033159, -0.235721, -0.022469, -0.171196, -0.195813, 0.043945, -0.146611, -0.186433, 0.048815, -0.16286, -0.088731, 0.116096, 0.055817, 0.070694, 0.031594, -0.235851, 5.7e-05, 0.003159, 0.032859, -0.000757, 0.005592, -0.003412, -0.011146, 0.082317, -0.033288, -0.007683, -0.00275, 0.001679, 0.006628, -0.012399, -5.7e-05, -0.003151, -0.03277, 0.000755, -0.005588, -0.003388, 0.011116, -0.082232, -0.032923, 0.007664, 0.002748, 0.001667, -0.006682, -0.012335, 1e-06, 4.1e-05, 0.00274, -3e-06, 0.000102, 3e-06, -0.000279, 0.011274, 0.003825, -0.000154, -1.4e-05, -0.0, 0.000299, 1.6e-05, -1e-06, -4.1e-05, -0.002712, 2e-06, -0.000101, 3e-06, 0.000276, -0.011166, 0.003874, 0.000152, 1.4e-05, -0.0, -0.000297, 1.8e-05, -0.000178, -9.5e-05, -0.000264, 0.000113, 0.218406, -0.000284, -0.000153, 0.000291, 0.000354, 0.217236, 0.027522, 0.114558, -0.006372, 0.001034, -0.035821, -0.027544, -0.114582, 0.006381, -0.001122, -0.03585, 4.1e-05, 0.008952, -2e-06, 1.1e-05, -1.1e-05, -4.1e-05, -0.008941, 2e-06, -1.1e-05, -1.1e-05, 0.0, 0.000503, 0.0, 0.0, -0.0, -0.0, -0.000499, -0.0, -0.0, -0.0], [-0.0, 0.0, 0.0, 0.530759, 0.0, 0.0, 1.0, 0.0, 0.0, 0.0, 0.0, 0.0, -0.0, 0.0, 0.017562, 0.068365, 0.087926, 0.193078, 0.027283, -0.048849, 0.530804, 0.046331, -0.082953, -0.052177, 0.099732, -0.178564, -0.015277, -0.024802, 0.017575, 0.068411, 0.08798, 0.193117, 0.027408, 0.048815, 0.530871, 0.046539, 0.082888, -0.052208, 0.100138, 0.178351, -0.015172, 0.024881, 0.002292, 0.014487, 0.032696, 0.028174, 0.014467, -0.011146, 0.158167, 0.049938, -0.038474, -0.016597, 0.04201, -0.032366, 0.00433, -0.016418, 0.002293, 0.01449, 0.032701, 0.02818, 0.014495, 0.011116, 0.158191, 0.050029, 0.038367, -0.0166, 0.04209, 0.032279, 0.004404, 0.016401, 9.9e-05, 0.000905, 0.003329, 0.006204, 0.001304, -0.000279, 0.060775, 0.008063, -0.001725, -0.001329, 0.014515, -0.003105, 0.001443, -0.000647, 9.9e-05, 0.000907, 0.003333, 0.006205, 0.001306, 0.000276, 0.060779, 0.008078, 0.00171, -0.00133, 0.014523, 0.003074, 0.001448, 0.000642, -0.518238, -0.490214, 0.02606, 0.113119, -0.000131, 0.357819, 0.338736, 0.163291, -0.15342, 0.000145, 0.040942, 0.071535, 0.053168, 0.001031, -0.039529, 0.040973, 0.071575, 0.053191, 0.001118, 0.039552, 0.002308, 0.014648, 0.001613, 0.001811, -0.002031, 0.00231, 0.014652, 0.001614, 0.001817, 0.002028, -3.8e-05, -0.000629, 0.000144, -4.1e-05, 1.2e-05, -3.8e-05, -0.00063, 0.000144, -4.1e-05, -1.2e-05], [0.0, -0.0, 0.0, 0.0, 0.530759, 0.0, 0.0, 1.0, 0.0, -0.0, 0.0, 0.0, 0.0, 0.0, -0.058391, -0.227305, -0.292346, 0.027283, 0.11057, 0.162418, 0.046331, 0.390694, 0.275809, -0.006472, -0.017396, -0.024802, 0.154693, -0.103559, -0.058634, -0.228237, -0.293524, 0.027408, 0.109892, -0.16286, 0.046539, 0.389556, -0.276535, -0.006517, -0.0173, 0.024881, 0.154944, 0.1028, -0.016927, -0.106989, -0.241467, 0.014467, -0.076712, 0.082317, 0.049938, -0.203878, 0.284143, 0.044812, 0.015231, -0.016418, 0.012914, 0.086661, -0.01696, -0.107192, -0.241908, 0.014495, -0.077088, -0.082232, 0.050029, -0.205144, -0.283824, 0.044891, 0.015306, 0.016401, 0.0124, -0.086832, -0.004005, -0.036606, -0.134597, 0.001304, -0.046468, 0.011274, 0.008063, -0.265037, 0.069735, 0.028449, 0.002664, -0.000647, -0.043755, 0.023037, -0.004007, -0.036626, -0.134667, 0.001306, -0.046521, -0.011166, 0.008078, -0.265348, -0.069065, 0.028464, 0.00267, 0.000642, -0.043891, -0.022829, 0.222242, 0.210224, 0.113119, 0.241329, 5.6e-05, 0.4358, 0.412558, -0.15342, 0.102403, 0.000176, -0.006646, -0.011612, 0.001031, 0.059351, 0.006416, -0.007207, -0.012589, 0.001118, 0.059351, -0.006957, -0.012054, -0.076481, 0.001811, -0.007498, 0.010604, -0.012092, -0.076701, 0.001817, -0.00755, -0.010617, -0.001996, -0.033217, -4.1e-05, -0.002037, 0.000626, -0.001998, -0.033245, -4.1e-05, -0.002041, -0.000621], [-0.0, 0.0, 0.0, 0.0, 0.0, 0.530759, 0.0, 0.0, 1.0, 0.0, 0.0, 0.0, 0.0, 0.0, 0.104546, 0.406979, 0.52343, -0.048849, 0.162418, -0.089518, -0.082953, 0.275809, 0.050915, 0.011588, -0.024802, 0.013159, 0.095077, -0.043751, -0.104431, -0.406503, -0.522783, 0.048815, -0.16286, -0.088731, 0.082888, -0.276535, 0.052297, -0.011606, 0.024881, 0.013044, -0.095654, -0.043519, 0.013041, 0.082428, 0.186036, -0.011146, 0.082317, -0.033288, -0.038474, 0.284143, -0.053986, -0.034525, -0.016418, 0.00657, 0.059229, -0.048521, -0.013006, -0.082204, -0.185517, 0.011116, -0.082232, -0.032923, 0.038367, -0.283824, -0.052709, 0.034427, 0.016401, 0.006497, -0.059482, -0.048064, 0.000857, 0.00783, 0.028791, -0.000279, 0.011274, 0.003825, -0.001725, 0.069735, 0.046058, -0.006085, -0.000647, -0.000222, 0.015601, 0.008995, -0.000848, -0.007752, -0.028502, 0.000276, -0.011166, 0.003874, 0.00171, -0.069065, 0.046362, 0.006024, 0.000642, -0.000226, -0.015469, 0.009112, -0.000257, -0.000243, -0.000131, 5.6e-05, 0.289839, -0.000411, -0.000389, 0.000145, 0.000176, 0.289258, 0.25485, 0.445281, -0.039529, 0.006416, -0.186532, -0.254919, -0.445316, 0.039552, -0.006957, -0.186533, 0.013514, 0.08575, -0.002031, 0.010604, -0.009929, -0.013498, -0.085618, 0.002028, -0.010617, -0.00989, 0.000572, 0.009519, 1.2e-05, 0.000626, -3.4e-05, -0.000568, -0.00945, -1.2e-05, -0.000621, -3.1e-05], [-0.0, 0.0, 0.0, -0.0, 0.0, 0.0, 0.0, -0.0, 0.0, 1.0, 0.0, 0.0, 0.0, 0.0, -0.031758, -0.121927, -0.068298, 0.069222, -0.064932, 0.116257, 0.052177, 0.006472, -0.011588, 0.094846, 0.060285, -0.107937, 0.004564, 0.007409, -0.031777, -0.121942, -0.068293, 0.069283, -0.065184, -0.116096, 0.052208, 0.006517, 0.011606, 0.094826, 0.060566, 0.107872, 0.004483, -0.007352, -0.000137, -0.006487, -0.029765, 0.002112, -0.009972, 0.007683, 0.016597, -0.044812, 0.034525, 0.014199, 0.006733, -0.005187, -0.005958, 0.022589, -0.000137, -0.00649, -0.02977, 0.002113, -0.009993, -0.007664, 0.0166, -0.044891, -0.034427, 0.014204, 0.006747, 0.005174, -0.006061, -0.02257, -4e-06, -0.000312, -0.009422, 2.4e-05, -0.000719, 0.000154, 0.001329, -0.028449, 0.006085, 0.001119, 0.000121, -2.6e-05, -0.001709, 0.000766, -4e-06, -0.000312, -0.009423, 2.4e-05, -0.000719, -0.000152, 0.00133, -0.028464, -0.006024, 0.001119, 0.000122, 2.6e-05, -0.001713, -0.000759, 0.309259, 0.060775, 0.014572, -0.310253, 0.000359, 0.041902, 0.00826, 0.279641, -0.25368, 0.000239, -0.025831, -0.040947, 0.010748, -0.000985, 0.037788, -0.025849, -0.04095, 0.010762, -0.001069, -0.037813, -8.4e-05, -0.007277, 6e-06, -2.6e-05, 2.9e-05, -8.4e-05, -0.007281, 6e-06, -2.6e-05, -2.9e-05, -1e-06, -0.001416, -0.0, -0.0, 0.0, -1e-06, -0.001416, -0.0, -0.0, -0.0], [0.0, 0.0, 0.0, -0.0, -0.0, 0.0, 0.0, 0.0, 0.0, 0.0, 1.0, 0.0, 0.0, 0.0, -0.008221, -0.031562, -0.01768, -0.086049, -0.002375, 0.055621, -0.099732, 0.017396, 0.024802, 0.060285, -0.002534, 0.184102, 0.07263, 0.001542, -0.008264, -0.031714, -0.017761, -0.086424, -0.002619, -0.055817, -0.100138, 0.0173, -0.024881, 0.060566, -0.003334, -0.184642, 0.072692, -0.002027, -4.1e-05, -0.001954, -0.008967, -0.002763, -0.003129, 0.00275, -0.04201, -0.015231, 0.016418, 0.006733, -0.008792, 0.007726, -0.001033, 0.008734, -4.1e-05, -0.001959, -0.008985, -0.00277, -0.003143, -0.002748, -0.04209, -0.015306, -0.016401, 0.006747, -0.00883, -0.007721, -0.001079, -0.008746, -0.0, -2.6e-05, -0.000773, -0.000135, -6.2e-05, 1.4e-05, -0.014515, -0.002664, 0.000647, 0.000121, -0.000716, 0.000161, -0.000156, 7.4e-05, -0.0, -2.6e-05, -0.000774, -0.000135, -6.2e-05, -1.4e-05, -0.014523, -0.00267, -0.000642, 0.000122, -0.000717, -0.00016, -0.000156, -7.4e-05, -0.252971, -0.049713, -0.222984, -0.238388, -0.000198, 0.342191, 0.067452, -0.029652, -0.17228, 0.000428, -0.000395, -0.000626, -0.000322, 0.002681, 0.000726, -0.000429, -0.000679, -0.000349, 0.002682, -0.000788, -2.6e-05, -0.002211, -2e-06, -8e-06, 9e-06, -2.6e-05, -0.002217, -2e-06, -8e-06, -9e-06, 0.0, 8.6e-05, -0.0, 0.0, -0.0, 0.0, 8.6e-05, -0.0, 0.0, 0.0], [0.0, 0.0, 0.0, 0.0, 0.0, -0.0, 0.0, 0.0, 0.0, 0.0, 0.0, 1.0, 0.0, 0.0, 0.014719, 0.056511, 0.031655, 0.154067, 0.055621, -0.070896, 0.178564, 0.024802, -0.013159, -0.107937, 0.184102, -0.229335, -0.007978, -0.077947, -0.014719, -0.056484, -0.031633, -0.153925, -0.055817, -0.070694, -0.178351, -0.024881, -0.013044, 0.107872, -0.184642, -0.228521, 0.007453, -0.078014, 3.2e-05, 0.001506, 0.006909, 0.002129, 0.00275, -0.001679, 0.032366, 0.016418, -0.00657, -0.005187, 0.007726, -0.004716, 0.003253, -0.006081, -3.2e-05, -0.001502, -0.00689, -0.002124, -0.002748, -0.001667, -0.032279, -0.016401, -0.006497, 0.005174, -0.007721, -0.004683, -0.00328, -0.006049, 0.0, 5e-06, 0.000165, 2.9e-05, 1.4e-05, 0.0, 0.003105, 0.000647, 0.000222, -2.6e-05, 0.000161, 4e-06, 4.1e-05, 2e-06, -0.0, -5e-06, -0.000164, -2.9e-05, -1.4e-05, 0.0, -0.003074, -0.000642, 0.000226, 2.6e-05, -0.00016, 5e-06, -4.1e-05, 2e-06, 0.000293, 5.8e-05, 0.000258, -0.000198, -0.409281, -0.000322, -6.4e-05, 2.8e-05, 0.000428, 0.281705, 0.015147, 0.02401, 0.012334, 0.000726, -0.025148, -0.015164, -0.024022, -0.012344, -0.000788, -0.025176, 2.9e-05, 0.002479, 2e-06, 9e-06, -1e-05, -2.9e-05, -0.002475, -2e-06, -9e-06, -1e-05, -0.0, -2.5e-05, 0.0, -0.0, 0.0, 0.0, 2.4e-05, -0.0, 0.0, 0.0], [-0.0, -0.0, -0.0, 0.0, -0.0, 0.0, -0.0, 0.0, 0.0, 0.0, 0.0, 0.0, 1.0, 0.0, -0.030145, -0.115735, -0.06483, 0.03426, -0.209305, 0.033159, 0.015277, -0.154693, -0.095077, 0.004564, 0.07263, -0.007978, -0.224782, 0.229447, -0.029945, -0.114912, -0.064355, 0.034037, -0.209374, -0.031594, 0.015172, -0.154944, 0.095654, 0.004483, 0.072692, 0.007453, -0.226905, -0.228401, 6.2e-05, 0.002933, 0.013458, -0.000725, 0.00211, -0.006628, -0.00433, -0.012914, -0.059229, -0.005958, -0.001033, 0.003253, -0.013375, -0.014952, 6.3e-05, 0.002984, 0.013688, -0.000738, 0.002205, 0.006682, -0.004404, -0.0124, 0.059482, -0.006061, -0.001079, -0.00328, -0.013247, 0.015192, 7e-06, 0.000494, 0.01491, -3.1e-05, 0.001126, -0.000299, -0.001443, 0.043755, -0.015601, -0.001709, -0.000156, 4.1e-05, 0.002611, -0.001511, 7e-06, 0.000495, 0.01494, -3.1e-05, 0.001129, 0.000297, -0.001448, 0.043891, 0.015469, -0.001713, -0.000156, -4.1e-05, 0.002624, 0.0015, 0.054242, 0.01066, 0.085446, 0.138874, 0.000245, 0.208383, 0.041076, -0.226993, 0.066636, 0.000584, -0.047111, -0.074677, 0.013915, -0.002697, 0.069806, -0.047134, -0.07467, 0.013929, -0.002926, -0.069837, -1.7e-05, -0.001484, 1e-06, -9e-06, 2e-06, -1.7e-05, -0.001428, 1e-06, -9e-06, -2e-06, 1e-06, 0.002082, 0.0, 0.0, -0.0, 1e-06, 0.002088, 0.0, 0.0, 0.0], [0.0, 0.0, 0.0, 0.0, 0.0, -0.0, 0.0, 0.0, 0.0, 0.0, 0.0, 0.0, 0.0, 1.0, -0.048939, -0.187892, -0.105249, 0.055621, -0.014138, 0.235721, 0.024802, 0.103559, 0.043751, 0.007409, 0.001542, -0.077947, 0.229447, 0.006386, 0.049107, 0.188443, 0.105536, -0.055817, 0.015564, 0.235851, -0.024881, -0.1028, 0.043519, -0.007352, -0.002027, -0.078014, -0.228401, 0.00837, -0.000235, -0.01112, -0.051024, 0.00275, -0.017807, 0.012399, 0.016418, -0.086661, 0.048521, 0.022589, 0.008734, -0.006081, -0.014952, 0.039368, 0.000234, 0.011111, 0.050972, -0.002748, 0.017832, 0.012335, -0.016401, 0.086832, 0.048064, -0.02257, -0.008746, -0.006049, 0.015192, 0.039247, -3e-06, -0.000222, -0.006684, 1.4e-05, -0.000537, -1.6e-05, 0.000647, -0.023037, -0.008995, 0.000766, 7.4e-05, 2e-06, -0.001511, -8.2e-05, 3e-06, 0.000219, 0.00662, -1.4e-05, 0.000532, -1.8e-05, -0.000642, 0.022829, -0.009112, -0.000759, -7.4e-05, 2e-06, 0.0015, -9.5e-05, -0.000126, -2.5e-05, -0.000198, -0.000118, 0.175517, -0.000393, -7.7e-05, 0.000428, 0.000198, 0.343098, -0.002459, -0.003897, 0.000726, 0.01669, 0.004082, 0.002667, 0.004225, -0.000788, -0.016687, 0.004428, -0.000149, -0.012943, 9e-06, -4.5e-05, 5.1e-05, 0.00015, 0.012957, -9e-06, 4.5e-05, 5.1e-05, -1e-06, -0.0013, -0.0, -0.0, 0.0, 1e-06, 0.001291, 0.0, 0.0, 0.0], [0.000312, 0.012113, 0.056409, 0.003776, -0.012556, 0.02248, 0.017562, -0.058391, 0.104546, -0.031758, -0.008221, 0.014719, -0.030145, -0.048939, 1.0, -0.2157, 0.19014, -0.0, -0.0, -0.0, 0.0, -0.0, 0.0, -0.0, 0.0, 0.0, -0.0, 0.0, 1e-06, 4e-05, 0.005168, -0.0, 0.0, 9.1e-05, -1e-06, 2.3e-05, 0.021204, -0.000137, -0.0, -0.0, -0.000238, 1e-06, 0.000651, 0.02435, 0.072014, -0.002127, 0.048173, -0.009997, -0.0059, 0.133628, -0.027732, -0.058107, -0.008552, 0.001775, 0.09268, -0.040199, 0.0, 2e-06, 0.000945, -0.0, 2e-06, 4e-06, -9.3e-05, 0.002108, 0.004584, -7e-06, -0.0, -0.0, -8e-06, 9e-06, 1e-06, 6.3e-05, 0.006493, 8e-06, 0.000139, 3.6e-05, 0.001425, 0.024693, 0.006345, -0.000215, 4.1e-05, 1e-05, 0.000328, 0.000181, 0.0, 2e-06, 0.001028, 0.0, 4e-06, 3e-06, 0.000243, 0.004214, 0.00341, -8e-06, 1e-06, 1e-06, 3e-06, 1.3e-05, 0.000705, 0.023998, 0.000264, -0.000249, 0.000279, 0.000829, 0.02537, -0.000125, -0.000409, 0.000337, 0.056839, 0.096074, -0.012246, -0.063915, -0.081886, 0.0, 0.000946, -0.0, -0.0, 0.0, 0.000892, 0.026005, -6.4e-05, 0.000453, -0.000371, 0.0, 0.0001, -0.0, 0.0, 0.0, 1e-06, 0.001325, 0.0, 0.0, 0.0, 0.0, 0.00011, 0.0, 0.0, 0.0], [0.012113, 0.132416, 0.281128, 0.028783, -0.0957, 0.171346, 0.068365, -0.227305, 0.406979, -0.121927, -0.031562, 0.056511, -0.115735, -0.187892, -0.2157, 1.0, 0.718332, -0.0, 0.0, -0.0, -0.0, -0.0, -0.0, 0.0, 0.0, 0.0, -0.0, 0.0, 4e-05, 0.002358, 0.042674, -0.0, 5e-06, 0.005067, -5e-06, 0.000146, 0.134452, -0.006553, -0.0, -1e-06, -0.01135, 2.5e-05, 0.02435, 0.192583, 0.339876, -0.011581, 0.262308, -0.054437, -0.021789, 0.493543, -0.102426, -0.146848, -0.021612, 0.004485, 0.234218, -0.101591, 2e-06, 0.000122, 0.010868, -5e-06, 0.000123, 0.000268, -0.000812, 0.018441, 0.040101, -0.000461, -1.2e-05, -2.7e-05, -0.00052, 0.000607, 6.3e-05, 0.003502, 0.051199, 0.000411, 0.00712, 0.00183, 0.008641, 0.149731, 0.038474, -0.009116, 0.00172, 0.000442, 0.013921, 0.00766, 2e-06, 0.000141, 0.011632, 1.5e-05, 0.000264, 0.000214, 0.002092, 0.036295, 0.029372, -0.000525, 6.4e-05, 5.1e-05, 0.00019, 0.000893, 0.018492, 0.137957, 0.013238, -0.012478, 0.013986, 0.020724, 0.144443, -0.005986, -0.019609, 0.016153, 0.313821, 0.431368, -0.04191, -0.218738, -0.28024, 2.4e-05, 0.009275, -0.0, -2e-06, 8e-06, 0.021799, 0.147418, -0.003021, 0.021254, -0.017398, 0.0, 0.001377, -0.0, 0.0, 0.0, 4.7e-05, 0.012317, 2e-06, 1.9e-05, 1e-06, 0.0, 0.001492, 0.0, 0.0, 0.0], [0.056409, 0.281128, 0.527776, 0.03293, -0.10949, 0.196037, 0.087926, -0.292346, 0.52343, -0.068298, -0.01768, 0.031655, -0.06483, -0.105249, 0.19014, 0.718332, 1.0, 0.0, 0.0, 0.0, 0.0, 0.0, 0.0, 0.0, 0.0, 0.0, -0.0, 0.0, 0.005168, 0.042674, 0.148848, -2e-06, 5.8e-05, 0.053534, -1.2e-05, 0.00033, 0.30467, -0.030543, -0.0, -4e-06, -0.052901, 0.000115, 0.072014, 0.339876, 0.600237, -0.010731, 0.243054, -0.050441, -0.026512, 0.60051, -0.124625, -0.070681, -0.010402, 0.002159, 0.112734, -0.048898, 0.000945, 0.010868, 0.059989, -0.000288, 0.006551, 0.014245, -0.002809, 0.063793, 0.138721, -0.011017, -0.000294, -0.000638, -0.012428, 0.014496, 0.006493, 0.051199, 0.168078, 0.003498, 0.060609, 0.015574, 0.018519, 0.320912, 0.08246, -0.034198, 0.006453, 0.001658, 0.052222, 0.028735, 0.001028, 0.011632, 0.062753, 0.000747, 0.012961, 0.010489, 0.007084, 0.122919, 0.099473, -0.011567, 0.001401, 0.001134, 0.004195, 0.019672, 0.110339, 0.324116, 0.058207, -0.054867, 0.061496, 0.116817, 0.334961, -0.024261, -0.079473, 0.065464, 0.458876, 0.735469, -0.028616, -0.149354, -0.191348, 0.004027, 0.047415, -0.00016, -0.000827, 0.004301, 0.119813, 0.33989, -0.011807, 0.083078, -0.068006, 0.000401, 0.012311, -2.2e-05, 0.000156, 0.000379, 0.005685, 0.057974, 0.000539, 0.006168, 0.000219, 0.000442, 0.01303, 3.2e-05, 0.000366, 0.000267], [-0.003776, -0.028783, -0.03293, 0.067263, 0.024552, -0.043959, 0.193078, 0.027283, -0.048849, 0.069222, -0.086049, 0.154067, 0.03426, 0.055621, -0.0, -0.0, 0.0, 1.0, 0.0, 0.0, 0.530759, 0.0, 0.0, -0.0, 0.0, 0.0, 0.0, 0.0, 0.0, 0.0, 2e-06, 0.00087, 0.0, 0.0, 0.029739, 0.0, 7e-06, -1e-06, 4e-06, 0.004009, -1e-06, 0.0, 0.002127, 0.011581, 0.010731, 0.11944, 0.019436, -0.004034, 0.243902, 0.01599, -0.003318, -0.027355, 0.275047, -0.057081, 0.021108, -0.009156, 0.0, 5e-06, 0.000288, 3.8e-05, 6e-06, 1.2e-05, 0.007553, 0.000492, 0.00107, -2.6e-05, 8.9e-05, 0.000193, -2.5e-05, 2.9e-05, -8e-06, -0.000411, -0.003498, 0.001271, -0.000877, -0.000225, 0.035118, -0.010365, -0.002663, 0.001541, 0.005487, 0.00141, -0.001772, -0.000975, -0.0, -1.5e-05, -0.000747, 4.3e-05, -3e-05, -2.4e-05, 0.00797, -0.002345, -0.001897, 7.3e-05, 0.000185, 0.00015, -2.2e-05, -0.000103, -0.019232, -0.070885, -0.011682, 0.015677, -0.017571, 0.008494, 0.029128, 0.002782, -0.009708, 0.007997, 0.0461, 0.024499, 0.212967, -0.045351, -0.058103, 2e-06, 0.000449, 1e-06, -0.0, 1e-06, 0.004242, 0.014087, 0.00543, 0.004996, -0.004089, 0.0, 0.000112, 0.0, 0.0, 0.0, -1e-05, -0.001388, 2e-06, -5e-06, -0.0, -0.0, -0.000159, 0.0, -0.0, -0.0], [0.012556, 0.0957, 0.10949, 0.024552, -0.006987, 0.146161, 0.027283, 0.11057, 0.162418, -0.064932, -0.002375, 0.055621, -0.209305, -0.014138, -0.0, 0.0, 0.0, 0.0, 1.0, 0.0, 0.0, 0.530759, 0.0, -0.0, -0.0, 0.0, 0.0, 0.0, -0.0, -5e-06, -5.8e-05, 0.0, 0.00087, -1.2e-05, 0.0, 0.029738, -0.000185, 1.4e-05, -0.0, 0.0, 3.3e-05, 0.004009, -0.048173, -0.262308, -0.243054, 0.019436, -0.319939, 0.091363, 0.01599, -0.11758, 0.075165, 0.139842, 0.031888, -0.009156, -0.201123, 0.149895, -2e-06, -0.000123, -0.006551, 6e-06, -9.1e-05, -0.000282, 0.000492, -0.003604, -0.024308, 0.000446, 9e-06, 2.9e-05, 0.000651, -0.000461, -0.000139, -0.00712, -0.060609, -0.000877, -0.013879, -0.003906, -0.010365, -0.143899, -0.046153, 0.016818, -0.003466, -0.000975, -0.025006, -0.015433, -4e-06, -0.000264, -0.012961, -3e-05, -0.000469, -0.000416, -0.002345, -0.032576, -0.032922, 0.000938, -0.000116, -0.000103, -0.000188, -0.001628, 0.018128, 0.066817, 0.015677, -0.009828, 0.016562, 0.027823, 0.095417, -0.009708, -0.026056, 0.026196, 0.240609, 0.127867, -0.045351, -0.015043, -0.303253, 1.1e-05, 0.002325, -0.0, 0.0, 4e-06, -0.029845, -0.099119, 0.004996, -0.029009, 0.028772, -0.0, -0.000794, 0.0, -0.0, -0.0, -0.000113, -0.015874, -5e-06, -5.1e-05, -2e-06, -1e-06, -0.001815, -0.0, -0.0, -0.0], [-0.02248, -0.171346, -0.196037, -0.043959, 0.146161, -0.187046, -0.048849, 0.162418, -0.089518, 0.116257, 0.055621, -0.070896, 0.033159, 0.235721, -0.0, -0.0, 0.0, 0.0, 0.0, 1.0, 0.0, 0.0, 0.530759, 0.0, 0.0, -0.0, 0.0, 0.0, -9.1e-05, -0.005067, -0.053534, 0.0, -1.2e-05, -0.010534, 7e-06, -0.000185, -0.141011, 0.012898, 0.0, 2e-06, 0.022341, -5.3e-05, 0.009997, 0.054437, 0.050441, -0.004034, 0.091363, 0.101338, -0.003318, 0.075165, 0.229009, -0.029022, -0.009156, -0.010329, 0.15671, 0.233957, -4e-06, -0.000268, -0.014245, 1.2e-05, -0.000282, -0.000574, 0.00107, -0.024308, -0.045285, 0.00097, 2.9e-05, 5.9e-05, 0.001027, -0.001335, -3.6e-05, -0.00183, -0.015574, -0.000225, -0.003906, 0.000318, -0.002663, -0.046153, 0.023857, 0.004321, -0.000975, 7.9e-05, -0.009358, 0.001364, -3e-06, -0.000214, -0.010489, -2.4e-05, -0.000416, -0.000291, -0.001897, -0.032922, -0.018537, 0.000759, -0.000103, -7.2e-05, -0.000463, -0.001251, -0.020318, -0.07489, -0.017571, 0.016562, -0.013615, -0.022918, -0.078597, 0.007997, 0.026196, -0.015832, 0.308261, 0.16382, -0.058103, -0.303253, -0.166862, -5.7e-05, -0.012086, 1e-06, 4e-06, -2.1e-05, 0.02443, 0.081137, -0.004089, 0.028772, -0.017413, -1e-06, -0.001926, 0.0, -0.0, -0.0, -4e-06, -0.000564, -0.0, -2e-06, 2e-06, -0.0, -0.001322, -0.0, -0.0, -0.0], [-0.017562, -0.068365, -0.087926, 0.193078, 0.027283, -0.048849, 0.530804, 0.046331, -0.082953, 0.052177, -0.099732, 0.178564, 0.015277, 0.024802, 0.0, -0.0, 0.0, 0.530759, 0.0, 0.0, 1.0, 0.0, 0.0, 0.0, 0.0, 0.0, -0.0, 0.0, 1e-06, 5e-06, 1.2e-05, 0.029739, 0.0, 7e-06, 0.163565, 0.0, 2.3e-05, -6e-06, 6.1e-05, 0.056392, -6e-06, 0.0, 0.0059, 0.021789, 0.026512, 0.243902, 0.01599, -0.003318, 0.614482, 0.025236, -0.005237, -0.016022, 0.227402, -0.047193, 0.007012, -0.003041, 9.3e-05, 0.000812, 0.002809, 0.007553, 0.000492, 0.00107, 0.068828, 0.002834, 0.006163, -0.001163, 0.007371, 0.016028, -0.000888, 0.001036, -0.001425, -0.008641, -0.018519, 0.035118, -0.010365, -0.002663, 0.181651, -0.033587, -0.00863, 0.00976, 0.062191, 0.01598, -0.008469, -0.00466, -0.000243, -0.002092, -0.007084, 0.00797, -0.002345, -0.001897, 0.071211, -0.013165, -0.010654, 0.002959, 0.014336, 0.011602, -0.000721, -0.003383, -0.159589, -0.26821, -0.022717, 0.08349, -0.093577, 0.066043, 0.108473, 0.055489, -0.047239, 0.038912, 0.066017, 0.062313, 0.28718, -0.022236, -0.028488, 0.00068, 0.004271, 0.001981, -0.000152, 0.000792, 0.032041, 0.052092, 0.06847, 0.023352, -0.019116, 0.00013, 0.002029, 0.000166, 5.7e-05, 0.000138, -0.002188, -0.011997, 0.00267, -0.002582, -9.2e-05, -0.000186, -0.002787, 0.000178, -0.000172, -0.000125], [0.058391, 0.227305, 0.292346, 0.027283, 0.11057, 0.162418, 0.046331, 0.390694, 0.275809, 0.006472, 0.017396, 0.024802, -0.154693, 0.103559, -0.0, -0.0, 0.0, 0.0, 0.530759, 0.0, 0.0, 1.0, 0.0, 0.0, 0.0, 0.0, 0.0, 0.0, -2.3e-05, -0.000146, -0.00033, 0.0, 0.029738, -0.000185, 0.0, 0.163564, -0.000641, 6.5e-05, -2e-06, 0.0, 0.000234, 0.056392, -0.133628, -0.493543, -0.60051, 0.01599, -0.11758, 0.075165, 0.025236, 0.043997, 0.118625, -0.032087, 0.004587, -0.003041, 0.069225, 0.021561, -0.002108, -0.018441, -0.063793, 0.000492, -0.003604, -0.024308, 0.002834, 0.004595, -0.139948, 0.013606, 0.000151, 0.001036, 0.027555, -0.007445, -0.024693, -0.149731, -0.320912, -0.010365, -0.143899, -0.046153, -0.033587, -0.398432, -0.149553, 0.059598, -0.014487, -0.00466, -0.083523, -0.064504, -0.004214, -0.036295, -0.122919, -0.002345, -0.032576, -0.032922, -0.013165, -0.156456, -0.184855, 0.026094, -0.00334, -0.003383, 0.002062, -0.046898, 0.150429, 0.252817, 0.08349, -0.012842, 0.088206, 0.216342, 0.355337, -0.047239, -0.084836, 0.127468, 0.344563, 0.325227, -0.022236, 0.175387, -0.148684, 0.003519, 0.022117, -0.000152, 0.001221, 0.004104, -0.225443, -0.366528, 0.023352, -0.09252, 0.134499, -0.000921, -0.014333, 5.7e-05, -0.000227, -0.000972, -0.025022, -0.137219, -0.002582, -0.026639, -0.00105, -0.002128, -0.031895, -0.000172, -0.001776, -0.001434], [-0.104546, -0.406979, -0.52343, -0.048849, 0.162418, -0.089518, -0.082953, 0.275809, 0.050915, -0.011588, 0.024802, -0.013159, -0.095077, 0.043751, 0.0, -0.0, 0.0, 0.0, 0.0, 0.530759, 0.0, 0.0, 1.0, 0.0, 0.0, 0.0, 0.0, 0.0, -0.021204, -0.134452, -0.30467, 7e-06, -0.000185, -0.141011, 2.3e-05, -0.000641, -0.428718, 0.05985, 0.0, 1e-05, 0.103662, -0.000286, 0.027732, 0.102426, 0.124625, -0.003318, 0.075165, 0.229009, -0.005237, 0.118625, 0.590977, 0.006659, -0.003041, -0.009437, 0.080288, 0.213752, -0.004584, -0.040101, -0.138721, 0.00107, -0.024308, -0.045285, 0.006163, -0.139948, -0.235371, 0.029586, 0.001036, 0.001927, 0.027772, -0.04375, -0.006345, -0.038474, -0.08246, -0.002663, -0.046153, 0.023857, -0.00863, -0.149553, 0.145161, 0.015314, -0.00466, 0.002452, -0.05396, 0.042487, -0.00341, -0.029372, -0.099473, -0.001897, -0.032922, -0.018537, -0.010654, -0.184855, -0.077624, 0.021117, -0.003383, -0.001897, -0.021925, -0.032921, -0.168605, -0.283363, -0.093577, 0.088206, -0.033008, -0.178206, -0.292699, 0.038912, 0.127468, -0.035089, 0.441443, 0.416672, -0.028488, -0.148684, 0.100951, -0.018297, -0.114988, 0.000792, 0.004104, -0.019325, 0.184542, 0.30003, -0.019116, 0.134499, -0.038309, -0.002233, -0.034773, 0.000138, -0.000972, -0.002185, -0.000889, -0.004878, -9.2e-05, -0.00105, 0.002859, -0.00155, -0.02323, -0.000125, -0.001434, -0.000852], [-0.031758, -0.121927, -0.068298, -0.069222, 0.064932, -0.116257, -0.052177, -0.006472, 0.011588, 0.094846, 0.060285, -0.107937, 0.004564, 0.007409, -0.0, 0.0, 0.0, -0.0, -0.0, 0.0, 0.0, 0.0, 0.0, 1.0, 0.0, 0.0, 0.0, 0.0, -0.000137, -0.006553, -0.030543, 1e-06, -1.4e-05, -0.012898, 6e-06, -6.5e-05, -0.05985, 0.01549, 0.0, 3e-06, 0.024388, -5.3e-05, -0.058107, -0.146848, -0.070681, 0.027355, -0.139842, 0.029022, 0.016022, 0.032087, -0.006659, 0.144769, 0.040626, -0.008431, 0.040173, -0.017425, -7e-06, -0.000461, -0.011017, 2.6e-05, -0.000446, -0.00097, 0.001163, -0.013606, -0.029586, 0.001588, 5.7e-05, 0.000123, 0.001723, -0.002009, -0.000215, -0.009116, -0.034198, -0.001541, -0.016818, -0.004321, -0.00976, -0.059598, -0.015314, 0.019758, -0.005817, -0.001495, -0.027149, -0.014939, -8e-06, -0.000525, -0.011567, -7.3e-05, -0.000938, -0.000759, -0.002959, -0.026094, -0.021117, 0.001766, -0.000288, -0.000233, -0.000617, -0.002891, -5.1e-05, -7.1e-05, -0.014305, -0.006663, 0.007468, -0.030039, -0.039178, 0.019819, 0.033098, -0.027264, -0.1938, -0.037766, 0.099453, 0.043665, 0.055942, -9.2e-05, -0.007734, 2e-06, 8e-06, -4.2e-05, -0.035785, -0.045187, 0.010897, -0.042098, 0.03446, -1e-06, -0.001586, 0.0, -0.0, -0.0, -0.000172, -0.009473, -1e-05, -9.3e-05, -3e-06, -1e-06, -0.001689, -0.0, -0.0, -0.0], [-0.008221, -0.031562, -0.01768, 0.086049, 0.002375, -0.055621, 0.099732, -0.017396, -0.024802, 0.060285, -0.002534, 0.184102, 0.07263, 0.001542, 0.0, 0.0, 0.0, 0.0, -0.0, 0.0, 0.0, 0.0, 0.0, 0.0, 1.0, 0.0, 0.0, 0.0, -0.0, -0.0, -0.0, -4e-06, 0.0, -0.0, -6.1e-05, 2e-06, -0.0, 0.0, 0.00141, -2e-05, 0.0, 1e-06, -0.008552, -0.021612, -0.010402, -0.275047, -0.031888, 0.009156, -0.227402, -0.004587, 0.003041, 0.040626, -0.404868, 0.119529, -0.015632, 0.01257, -0.0, -1.2e-05, -0.000294, -8.9e-05, -9e-06, -2.9e-05, -0.007371, -0.000151, -0.001036, 5.7e-05, -0.000146, -0.00045, 6.7e-05, -4.8e-05, 4.1e-05, 0.00172, 0.006453, -0.005487, 0.003466, 0.000975, -0.062191, 0.014487, 0.00466, -0.005817, -0.021628, -0.006087, 0.006208, 0.003833, 1e-06, 6.4e-05, 0.001401, -0.000185, 0.000116, 0.000103, -0.014336, 0.00334, 0.003383, -0.000288, -0.000726, -0.000644, 4.7e-05, 0.000405, -0.035419, -0.049675, -0.027396, 0.024448, -0.041232, 0.021289, 0.027765, 0.008919, -0.025366, 0.025515, 0.050089, 0.009761, 0.264466, 0.000346, -0.066932, 2e-06, 0.000185, 1e-06, 0.0, 1e-06, -0.010811, -0.013651, -0.01766, -0.013363, 0.013261, -0.0, -0.000114, -0.0, -0.0, -0.0, 5.3e-05, 0.00291, -1.1e-05, 3e-05, 1e-06, 0.0, 0.000337, -0.0, 0.0, 0.0], [0.014719, 0.056511, 0.031655, -0.154067, -0.055621, 0.070896, -0.178564, -0.024802, 0.013159, -0.107937, 0.184102, -0.229335, -0.007978, -0.077947, 0.0, 0.0, 0.0, 0.0, 0.0, -0.0, 0.0, 0.0, 0.0, 0.0, 0.0, 1.0, 0.0, 0.0, -0.0, -1e-06, -4e-06, -0.004009, -0.0, -2e-06, -0.056392, -0.0, -1e-05, 3e-06, -2e-05, -0.017099, 4e-06, -0.0, 0.001775, 0.004485, 0.002159, 0.057081, 0.009156, 0.010329, 0.047193, 0.003041, 0.009437, -0.008431, 0.119529, 0.146281, 0.013868, 0.021885, -0.0, -2.7e-05, -0.000638, -0.000193, -2.9e-05, -5.9e-05, -0.016028, -0.001036, -0.001927, 0.000123, -0.00045, -0.000917, 0.000106, -0.000138, 1e-05, 0.000442, 0.001658, -0.00141, 0.000975, -7.9e-05, -0.01598, 0.00466, -0.002452, -0.001495, -0.006087, 0.000497, 0.002326, -0.000343, 1e-06, 5.1e-05, 0.001134, -0.00015, 0.000103, 7.2e-05, -0.011602, 0.003383, 0.001897, -0.000233, -0.000644, -0.000452, 0.000115, 0.000312, 0.039699, 0.055677, 0.030706, -0.041232, 0.033874, -0.017536, -0.022871, -0.007347, 0.025515, -0.015408, 0.064173, 0.012506, 0.338826, -0.066932, -0.033163, -1.1e-05, -0.000962, -6e-06, 1e-06, -5e-06, 0.008849, 0.011175, 0.014456, 0.013261, -0.008018, -0.0, -0.000276, -0.0, -0.0, -0.0, 2e-06, 0.000103, -0.0, 1e-06, -1e-06, 0.0, 0.000246, -0.0, 0.0, 0.0], [-0.030145, -0.115735, -0.06483, -0.03426, 0.209305, -0.033159, -0.015277, 0.154693, 0.095077, 0.004564, 0.07263, -0.007978, -0.224782, 0.229447, -0.0, -0.0, -0.0, 0.0, 0.0, 0.0, -0.0, 0.0, 0.0, 0.0, 0.0, 0.0, 1.0, 0.0, -0.000238, -0.01135, -0.052901, 1e-06, -3.3e-05, -0.022341, 6e-06, -0.000234, -0.103662, 0.024388, 0.0, 4e-06, 0.04365, -0.000132, 0.09268, 0.234218, 0.112734, -0.021108, 0.201123, -0.15671, -0.007012, -0.069225, -0.080288, 0.040173, -0.015632, 0.013868, 0.014296, -0.1938, -8e-06, -0.00052, -0.012428, 2.5e-05, -0.000651, -0.001027, 0.000888, -0.027555, -0.027772, 0.001723, 6.7e-05, 0.000106, 0.001318, -0.002856, 0.000328, 0.013921, 0.052222, 0.001772, 0.025006, 0.009358, 0.008469, 0.083523, 0.05396, -0.027149, 0.006208, 0.002326, 0.037626, 0.033972, 3e-06, 0.00019, 0.004195, 2.2e-05, 0.000188, 0.000463, 0.000721, -0.002062, 0.021925, -0.000617, 4.7e-05, 0.000115, -0.001013, 0.001329, -0.004277, -0.005999, -0.004713, 0.016074, 0.008057, 0.01121, 0.01462, -0.004979, 0.002065, 0.028571, -0.08384, -0.016338, 0.016754, 0.361921, -0.239618, -0.000148, -0.012474, 3e-06, 1.5e-05, -6.8e-05, 0.012548, 0.015846, -0.002672, -0.001159, -0.031733, -1e-06, -0.001961, 0.0, -0.0, -0.0, 0.000302, 0.016621, 1.6e-05, 0.000164, 7e-06, 1e-06, 0.000906, 0.0, 0.0, 0.0], [-0.048939, -0.187892, -0.105249, -0.055621, 0.014138, -0.235721, -0.024802, -0.103559, -0.043751, 0.007409, 0.001542, -0.077947, 0.229447, 0.006386, 0.0, 0.0, 0.0, 0.0, 0.0, 0.0, 0.0, 0.0, 0.0, 0.0, 0.0, 0.0, 0.0, 1.0, 1e-06, 2.5e-05, 0.000115, -0.0, -0.004009, 5.3e-05, -0.0, -0.056392, 0.000286, -5.3e-05, 1e-06, -0.0, -0.000132, -0.017099, -0.040199, -0.101591, -0.048898, 0.009156, -0.149895, -0.233957, 0.003041, -0.021561, -0.213752, -0.017425, 0.01257, 0.021885, -0.1938, -0.348453, 9e-06, 0.000607, 0.014496, -2.9e-05, 0.000461, 0.001335, -0.001036, 0.007445, 0.04375, -0.002009, -4.8e-05, -0.000138, -0.002856, 0.0022, 0.000181, 0.00766, 0.028735, 0.000975, 0.015433, -0.001364, 0.00466, 0.064504, -0.042487, -0.014939, 0.003833, -0.000343, 0.033972, -0.005422, 1.3e-05, 0.000893, 0.019672, 0.000103, 0.001628, 0.001251, 0.003383, 0.046898, 0.032921, -0.002891, 0.000405, 0.000312, 0.001329, 0.004935, -0.03742, -0.052481, -0.041232, 0.025829, -0.03193, -0.057444, -0.074921, 0.025515, 0.068446, -0.050473, 0.334935, 0.06527, -0.066932, 0.002313, -0.173085, -5.9e-05, -0.004983, 1e-06, -0.0, -2.8e-05, -0.062265, -0.078626, 0.013261, -0.076964, 0.056414, 1e-06, 0.001947, -0.0, 0.0, 0.0, 2.2e-05, 0.001183, 1e-06, 1.2e-05, -1.4e-05, 2e-06, 0.002812, 0.0, 0.0, 0.0], [0.000312, 0.012123, 0.056426, 0.003781, -0.012616, -0.022469, 0.017575, -0.058634, -0.104431, -0.031777, -0.008264, -0.014719, -0.029945, 0.049107, 1e-06, 4e-05, 0.005168, 0.0, -0.0, -9.1e-05, 1e-06, -2.3e-05, -0.021204, -0.000137, -0.0, -0.0, -0.000238, 1e-06, 1.0, -0.2157, 0.19014, -0.0, -0.0, 0.0, 0.0, -0.0, -0.0, -0.0, 0.0, 0.0, -0.0, 0.0, 0.0, 2e-06, 0.000946, -0.0, 2e-06, -4e-06, -9.3e-05, 0.002099, -0.00459, -7e-06, -0.0, 0.0, -8e-06, -9e-06, 0.000651, 0.024348, 0.072012, -0.002123, 0.048192, 0.009894, -0.005889, 0.133686, 0.027446, -0.058105, -0.00854, -0.001753, 0.092847, 0.0398, 0.0, 2e-06, 0.001028, 0.0, 4e-06, -3e-06, 0.000243, 0.004208, -0.00342, -8e-06, 1e-06, -1e-06, 3e-06, -1.3e-05, 1e-06, 6.3e-05, 0.006495, 8e-06, 0.000139, -3.6e-05, 0.001425, 0.024686, -0.006398, -0.000215, 4.1e-05, -1.1e-05, 0.000328, -0.000182, 0.000705, 0.024003, 0.000264, -0.00025, -0.000279, 0.000829, 0.025371, -0.000125, -0.00041, -0.000336, 0.0, 0.000946, -0.0, -0.0, -0.0, 0.05685, 0.09608, -0.01225, -0.063752, 0.082045, 0.0, 0.0001, -0.0, 0.0, -0.0, 0.000893, 0.026011, -6.4e-05, 0.000454, 0.00037, 0.0, 0.00011, 0.0, 0.0, -0.0, 1e-06, 0.001325, 0.0, 0.0, -0.0], [0.012123, 0.132479, 0.281193, 0.028811, -0.09612, -0.171196, 0.068411, -0.228237, -0.406503, -0.121942, -0.031714, -0.056484, -0.114912, 0.188443, 4e-05, 0.002358, 0.042674, 0.0, -5e-06, -0.005067, 5e-06, -0.000146, -0.134452, -0.006553, -0.0, -1e-06, -0.01135, 2.5e-05, -0.2157, 1.0, 0.718332, 0.0, 0.0, 0.0, -0.0, -0.0, 0.0, 0.0, 0.0, 0.0, -0.0, 0.0, 2e-06, 0.000122, 0.010869, -5e-06, 0.000123, -0.000268, -0.000811, 0.018356, -0.040144, -0.000461, -1.2e-05, 2.7e-05, -0.000523, -0.000604, 0.024348, 0.192576, 0.339869, -0.01156, 0.262418, 0.053874, -0.021751, 0.49376, 0.101368, -0.146849, -0.021584, -0.004431, 0.234651, 0.100586, 2e-06, 0.000141, 0.011636, 1.5e-05, 0.000264, -0.000214, 0.002095, 0.036241, -0.029454, -0.000525, 6.4e-05, -5.2e-05, 0.000187, -0.000894, 6.3e-05, 0.003503, 0.051211, 0.000411, 0.00712, -0.001845, 0.008642, 0.149677, -0.038792, -0.00912, 0.00172, -0.000446, 0.013895, -0.007721, 0.0185, 0.137982, 0.013247, -0.012516, -0.013964, 0.020725, 0.144447, -0.005985, -0.019646, -0.016112, 2.4e-05, 0.009274, -0.0, -2e-06, -8e-06, 0.313858, 0.431388, -0.041915, -0.218139, 0.280732, 0.0, 0.001377, -0.0, 0.0, -0.0, 0.02181, 0.147449, -0.00302, 0.021303, 0.017362, 0.0, 0.001492, 0.0, 0.0, -0.0, 4.7e-05, 0.01232, 2e-06, 1.9e-05, -1e-06], [0.056426, 0.281193, 0.52786, 0.032954, -0.109942, -0.195813, 0.08798, -0.293524, -0.522783, -0.068293, -0.017761, -0.031633, -0.064355, 0.105536, 0.005168, 0.042674, 0.148848, 2e-06, -5.8e-05, -0.053534, 1.2e-05, -0.00033, -0.30467, -0.030543, -0.0, -4e-06, -0.052901, 0.000115, 0.19014, 0.718332, 1.0, -0.0, 0.0, 0.0, -0.0, 0.0, 0.0, 0.0, 0.0, 0.0, -0.0, 0.0, 0.000946, 0.010869, 0.059993, -0.000288, 0.00652, -0.01426, -0.002804, 0.063497, -0.138867, -0.011018, -0.000292, 0.000638, -0.012492, -0.014444, 0.072012, 0.339869, 0.600229, -0.010712, 0.24316, 0.04992, -0.026466, 0.600777, 0.123339, -0.070683, -0.010389, -0.002133, 0.112944, 0.048415, 0.001028, 0.011636, 0.062765, 0.000748, 0.012943, -0.010519, 0.007096, 0.122728, -0.099745, -0.011569, 0.001401, -0.001139, 0.004113, -0.019694, 0.006495, 0.051211, 0.168104, 0.003498, 0.060588, -0.015703, 0.018522, 0.320773, -0.083135, -0.034203, 0.006451, -0.001672, 0.05211, -0.028956, 0.110364, 0.32415