{"coordinates": [[[8.129, 10.0, 9.999], [11.884, 10.043, 10.0], [9.417, 9.601, 10.001], [10.596, 10.44, 9.998], [7.022, 8.97, 9.996], [7.638, 11.423, 10.003], [13.095, 10.9371, 9.997], [12.215, 8.572, 10.003], [9.59, 8.529, 9.989], [10.427, 11.517, 9.996], [6.393, 9.096, 10.884], [7.401, 7.9495, 9.995], [6.395, 9.1, 9.10709999999999], [8.435, 12.168, 10.012], [7.028, 11.61, 9.112], [7.0173, 11.602, 10.88759999999999], [13.716, 10.735, 9.118], [12.81, 11.994, 9.97], [13.694, 10.774, 10.899], [11.6, 8.0, 10.709], [13.2541, 8.408, 10.31], [12.102, 8.152, 8.998]]], "HF": [-313.25386193091], "elements": [["C", "C", "C", "C", "C", "C", "C", "C", "H", "H", "H", "H", "H", "H", "H", "H", "H", "H", "H", "H", "H", "H"]], "S": [[[1.0, -0.2157, 0.19014, -0.0, -0.0, -0.0, 0.0, 0.0, 0.0, -0.0, 0.0, 0.0, -0.0, 0.0, 0.0, 0.0, 0.000103, -0.0, -0.0, -0.0, -0.0, -0.00071, -8e-06, -0.0, 0.0, 0.0, 0.0, 0.0, 0.000622, 0.023347, 0.070972, -4.6e-05, -0.045288, 0.014064, -0.000131, -0.129616, 0.040253, -0.056639, 0.000181, -5.6e-05, 0.080844, -0.055572, 1e-06, 6.1e-05, 0.006409, 0.0, -0.000138, -2.5e-05, 1.2e-05, -0.024869, -0.004466, -0.000211, -0.0, -0.0, 0.000343, 0.000127, 0.000297, 0.011545, 0.055459, 5.6e-05, 0.01827, 0.0169, 0.00027, 0.088024, 0.081425, -0.032593, 0.000187, 0.000173, 0.004391, 0.056282, 0.000301, 0.011717, 0.055751, -5.5e-05, 0.008244, -0.023849, -0.000264, 0.039287, -0.113657, -0.032991, -8.2e-05, 0.000237, -0.044945, -0.035288, 0.0, 0.0, 0.0, 0.0, -0.0, -0.0, 0.0, -3e-06, -1e-06, -0.0, -0.0, -0.0, 0.0, 0.0, 0.0, 0.0, 9e-06, -0.0, -0.0, 0.0, -0.0, -7.6e-05, 2.7e-05, -0.0, 0.0, -0.0, 0.0, -0.0, 0.000884, 0.025931, 3e-06, -0.000412, 0.000413, 2.4e-05, 0.006675, 0.0, -1.3e-05, -8e-06, 0.000619, 0.022949, -0.000164, 0.000323, 0.000168, 0.000533, 0.021792, 1e-06, 0.000114, 0.000322, 0.000619, 0.022955, 0.000166, 0.000322, 0.000168, 0.000501, 0.021327, -2e-06, -4.5e-05, -0.000317, 0.000638, 0.023196, 0.000171, 0.000212, -0.00031, 0.000638, 0.023193, -0.000171, 0.000214, -0.000308, 0.0, 0.0, 0.0, 0.0, 0.0, 0.0, 4e-06, 0.0, 0.0, 0.0, 0.0, 0.0, 0.0, 0.0, 0.0, 0.0, 0.000166, -0.0, -0.0, 0.0, 0.0, 1e-06, 0.0, 0.0, 0.0, 0.0, 3.7e-05, 0.0, -0.0, 0.0], [-0.2157, 1.0, 0.718332, 0.0, 0.0, 0.0, -0.0, -0.0, -0.0, 0.0, 0.0, 0.0, -0.0, 0.0, 0.0, 2e-06, 0.001755, -0.0, -6e-06, -0.0, -0.0, -0.009193, -0.000105, -1.2e-05, 0.0, 0.0, 2e-05, 0.0, 0.023347, 0.188423, 0.336055, -0.000254, -0.251777, 0.07819, -0.000485, -0.480236, 0.149139, -0.146942, 0.000469, -0.000146, 0.209738, -0.144174, 6.1e-05, 0.003423, 0.050668, 3e-06, -0.007094, -0.001274, 7.4e-05, -0.151182, -0.027148, -0.009026, -1.5e-05, -3e-06, 0.014657, 0.005439, 0.011545, 0.128935, 0.277436, 0.000437, 0.142426, 0.131748, 0.001056, 0.343911, 0.318126, -0.128633, 0.000738, 0.000682, 0.017329, 0.222126, 0.011717, 0.130001, 0.278571, -0.000428, 0.06382, -0.184632, -0.001029, 0.153321, -0.443558, -0.129103, -0.00032, 0.000927, -0.175882, -0.138091, 0.0, 0.0, 1.2e-05, 0.0, -0.0, -0.0, 0.0, -0.000104, -2e-05, -0.0, -0.0, -0.0, 0.0, 0.0, 0.0, 0.0, 0.000235, -0.0, -0.0, 0.0, -1e-06, -0.001454, 0.000508, -0.0, 0.0, -0.0, 0.0, -0.0, 0.021673, 0.147074, 0.00014, -0.019387, 0.019435, 0.001335, 0.047714, 1e-06, -0.000892, -0.000589, 0.016875, 0.132959, -0.008521, 0.016716, 0.008708, 0.015177, 0.127392, 4e-05, 0.006134, 0.017276, 0.016884, 0.132987, 0.008602, 0.016704, 0.008679, 0.01452, 0.125139, -9.8e-05, -0.002437, -0.017259, 0.017249, 0.134139, 0.008783, 0.010899, -0.01593, 0.017244, 0.134123, -0.008783, 0.011007, -0.015845, 0.0, 8e-06, 0.0, 0.0, 0.0, 0.0, 8e-05, 0.0, 0.0, 0.0, 0.0, 8e-06, 0.0, 0.0, 0.0, 1e-06, 0.002115, -0.0, -0.0, 0.0, 0.0, 2.8e-05, 0.0, 0.0, 0.0, 0.0, 0.000583, 0.0, -0.0, 0.0], [0.19014, 0.718332, 1.0, -0.0, 0.0, 0.0, -0.0, 0.0, 0.0, 0.0, 0.0, 0.0, -0.0, 0.0, 0.000103, 0.001755, 0.017993, -0.0, -0.00286, -3.3e-05, -2e-06, -0.056431, -0.000643, -0.002435, 0.0, 0.0, 0.004217, 9.6e-05, 0.070972, 0.336055, 0.595649, -0.000238, -0.236185, 0.073348, -0.000592, -0.586247, 0.182061, -0.071294, 0.000227, -7.1e-05, 0.101761, -0.069951, 0.006409, 0.050668, 0.166913, 3e-05, -0.061138, -0.010978, 0.000158, -0.325054, -0.05837, -0.034284, -5.6e-05, -1e-05, 0.055671, 0.02066, 0.055459, 0.277436, 0.523073, 0.000508, 0.165407, 0.153005, 0.001364, 0.444035, 0.410743, -0.072904, 0.000418, 0.000387, 0.009822, 0.125893, 0.055751, 0.278571, 0.524521, -0.000495, 0.073775, -0.213433, -0.001327, 0.197721, -0.572006, -0.072905, -0.000181, 0.000523, -0.099322, -0.077981, 0.0, 1.2e-05, 0.000692, 0.0, -2.4e-05, -5e-06, 2e-06, -0.003117, -0.000588, -2.8e-05, -0.0, -0.0, 4.6e-05, 1.8e-05, 9e-06, 0.000235, 0.004798, -0.0, -0.000398, 0.000139, -1.4e-05, -0.016936, 0.00592, -0.000417, 1e-06, -0.0, 0.000565, -0.00045, 0.119465, 0.339321, 0.000549, -0.076099, 0.076285, 0.029751, 0.151812, 4.1e-05, -0.02599, -0.017146, 0.105401, 0.315662, -0.040003, 0.078474, 0.04088, 0.099954, 0.306141, 0.000205, 0.031071, 0.087509, 0.105428, 0.31571, 0.040368, 0.078393, 0.040729, 0.097767, 0.302255, -0.000512, -0.012741, -0.09024, 0.106563, 0.317667, 0.040591, 0.050371, -0.07362, 0.106547, 0.317639, -0.040602, 0.05088, -0.073246, 1e-06, 0.000321, 0.0, -1e-06, -0.0, 1.3e-05, 0.001653, 0.0, -1e-05, -4e-06, 1e-06, 0.000333, -0.0, -1e-06, -0.0, 0.000673, 0.016663, -0.000123, -0.000599, 0.000344, 4e-06, 0.000786, -0.0, -3e-06, 1e-06, 0.000143, 0.006718, 3.1e-05, -0.000123, 5.7e-05], [-0.0, 0.0, -0.0, 1.0, 0.0, 0.0, 0.530759, -0.0, 0.0, 0.0, -0.0, 0.0, 0.0, 0.0, 0.0, 0.0, 0.0, 1e-06, -0.0, -0.0, 0.001243, -0.0, -0.0, -0.0, -4e-06, -0.0, 0.0, 0.0, 4.6e-05, 0.000254, 0.000238, 0.116891, -0.000417, 0.00013, 0.241779, -0.00035, 0.000109, -0.000604, -0.264837, 0.082246, 0.000421, -0.00029, -0.0, -3e-06, -3e-05, 0.00129, 8e-06, 1e-06, 0.035344, 9e-05, 1.6e-05, 1.3e-05, -0.005681, -0.00102, -1.6e-05, -6e-06, -5.6e-05, -0.000437, -0.000508, 0.072231, -0.000569, -0.000526, 0.198571, -0.000645, -0.000597, 0.001093, 0.141472, 0.130865, -8e-05, -0.001021, 5.5e-05, 0.000428, 0.000495, 0.072968, 0.000248, -0.000717, 0.199404, 0.000279, -0.000808, -0.001069, 0.06346, -0.183591, -0.000786, -0.000617, -0.0, -0.0, -0.0, 0.0, 0.0, 0.0, 1e-05, 0.0, 0.0, 0.0, -0.0, -0.0, -0.0, -0.0, 0.0, 0.0, 0.0, 0.0, -0.0, 0.0, 0.000172, -2e-06, 1e-06, -0.0, -0.0, 0.0, 0.0, -0.0, -0.000197, -0.000656, 0.006091, 0.000213, -0.000213, -4e-06, -6.9e-05, 0.000161, 3e-06, 2e-06, 0.012619, 0.049275, -0.003308, 0.0151, 0.007866, -6.1e-05, -0.000256, 0.003821, -3e-05, -8.4e-05, -0.012737, -0.049721, -0.003446, -0.015223, -0.007909, 0.00015, 0.000643, 0.003605, -3e-05, -0.000215, -0.012947, -0.049863, -0.003446, -0.009882, 0.014444, 0.012948, 0.049879, -0.003452, 0.009984, -0.014373, 0.0, -2e-06, 0.0, 0.0, 0.0, -0.0, -1e-06, 0.0, 0.0, 0.0, 0.0, 2e-06, 0.0, 0.0, 0.0, 0.0, 0.000545, -0.0, -0.0, 0.0, 0.0, 3e-06, 0.0, 0.0, 0.0, -0.0, -0.000206, -0.0, 0.0, -0.0], [-0.0, 0.0, 0.0, 0.0, 1.0, 0.0, -0.0, 0.530759, 0.0, 0.0, 0.0, 0.0, -0.0, 0.0, 0.0, 6e-06, 0.00286, -0.0, -1.7e-05, -0.0, -0.0, -0.013727, -0.000171, -3e-05, 0.0, 0.0, 5.2e-05, 1e-06, 0.045288, 0.251777, 0.236185, -0.000417, -0.296411, 0.128353, -0.00035, -0.104546, 0.107553, -0.139372, 0.000665, -0.00029, 0.152342, -0.204524, 0.000138, 0.007094, 0.061138, 8e-06, -0.014142, -0.002771, 9e-05, -0.149501, -0.033193, -0.017009, -3e-05, -6e-06, 0.027265, 0.011207, -0.01827, -0.142426, -0.165407, -0.000569, -0.112997, -0.171342, -0.000645, -0.011508, -0.194329, 0.110782, -0.000669, -0.001021, 0.115547, -0.201481, -0.008244, -0.06382, -0.073775, 0.000248, 0.036055, 0.106795, 0.000279, 0.157802, 0.120361, 0.04935, -0.000213, -0.000617, 0.180609, -0.09162, 0.0, 0.0, 2.4e-05, 0.0, -0.0, -0.0, 0.0, -0.00019, -3.8e-05, -0.0, -0.0, -0.0, 0.0, 0.0, 0.0, 0.0, 0.000398, -0.0, -0.0, 0.0, -2e-06, -0.002274, 0.000855, -0.0, 0.0, -0.0, 1e-06, -1e-06, 0.027257, 0.090857, 0.000213, -0.02336, 0.029525, 0.002359, 0.04396, 3e-06, -0.00173, -0.001248, -0.024754, -0.096663, 0.0151, -0.025232, -0.015431, -0.00929, -0.038782, -3e-05, -0.000715, -0.012776, -0.024735, -0.096557, -0.015223, -0.02517, -0.01536, 0.003726, 0.015991, -3e-05, 0.002851, -0.00535, -0.016066, -0.061877, -0.009882, -0.007746, 0.017924, -0.016226, -0.062504, 0.009984, -0.007996, 0.018012, 0.0, 1.4e-05, 0.0, 0.0, 0.0, 0.0, 0.000126, 0.0, 0.0, 0.0, 0.0, 1.5e-05, 0.0, 0.0, 0.0, 1e-06, 0.002667, -0.0, -0.0, 0.0, 0.0, 4.7e-05, 0.0, 0.0, 0.0, 0.0, 0.000817, 0.0, -0.0, 0.0], [-0.0, 0.0, 0.0, 0.0, 0.0, 1.0, 0.0, 0.0, 0.530759, -0.0, 0.0, 0.0, -0.0, -0.0, 0.0, 0.0, 3.3e-05, -0.0, -0.0, 1e-06, -0.0, -0.000171, 0.001241, -0.0, 0.0, -0.0, 1e-06, -4e-06, -0.014064, -0.07819, -0.073348, 0.00013, 0.128353, 0.077031, 0.000109, 0.107553, 0.208379, 0.043282, -0.00029, -0.000177, -0.211803, -0.17578, 2.5e-05, 0.001274, 0.010978, 1e-06, -0.002771, 0.000793, 1.6e-05, -0.033193, 0.029383, -0.003054, -6e-06, 2e-06, 0.006936, -0.003486, -0.0169, -0.131748, -0.153005, -0.000526, -0.171342, -0.086263, -0.000597, -0.194329, 0.018814, 0.102476, -0.001021, -0.00051, -0.154853, -0.165955, 0.023849, 0.184632, 0.213433, -0.000717, 0.106795, -0.235988, -0.000808, 0.120361, -0.1488, -0.142768, -0.000617, 0.00136, -0.15531, -0.202624, 0.0, 0.0, 5e-06, 0.0, -0.0, -0.0, 0.0, -3.8e-05, 2e-06, -0.0, -0.0, -0.0, 0.0, 0.0, -0.0, -0.0, -0.000139, 0.0, 0.0, -0.0, 1e-06, 0.000855, -0.000127, 0.0, -0.0, 0.0, -0.0, 0.0, -0.027324, -0.09108, -0.000213, 0.029525, -0.023504, 0.001556, 0.029001, 2e-06, -0.001248, -0.000662, -0.012895, -0.050356, 0.007866, -0.015431, -0.003649, -0.026166, -0.109227, -8.4e-05, -0.012776, -0.032161, -0.012851, -0.050166, -0.007909, -0.01536, -0.003587, 0.026389, 0.113259, -0.000215, -0.00535, -0.034287, 0.023482, 0.090436, 0.014444, 0.017924, -0.021679, 0.023359, 0.08998, -0.014373, 0.018012, -0.021414, 0.0, 2e-06, 0.0, 0.0, 0.0, 0.0, 5.4e-05, 0.0, 0.0, 0.0, 0.0, 2e-06, 0.0, 0.0, 0.0, -1e-06, -0.001532, 0.0, 0.0, -0.0, -0.0, -1.5e-05, 0.0, 0.0, 0.0, -0.0, -0.00038, -0.0, 0.0, -0.0], [0.0, -0.0, -0.0, 0.530759, -0.0, 0.0, 1.0, 0.0, 0.0, 0.0, 0.0, 0.0, 0.0, 0.0, 0.0, 0.0, 2e-06, 0.001243, -0.0, -0.0, 0.021952, -4e-06, -0.0, -0.0, -0.003515, -4e-05, 1e-06, 0.0, 0.000131, 0.000485, 0.000592, 0.241779, -0.00035, 0.000109, 0.611122, -0.000554, 0.000172, -0.000358, -0.221753, 0.068866, 0.000142, -9.8e-05, -1.2e-05, -7.4e-05, -0.000158, 0.035344, 9e-05, 1.6e-05, 0.182379, 0.000292, 5.3e-05, 8.4e-05, -0.063824, -0.011461, -7.8e-05, -2.9e-05, -0.00027, -0.001056, -0.001364, 0.198571, -0.000645, -0.000597, 0.54012, -0.001101, -0.001019, 0.000826, 0.15708, 0.145302, -3.6e-05, -0.000464, 0.000264, 0.001029, 0.001327, 0.199404, 0.000279, -0.000808, 0.541542, 0.000476, -0.001377, -0.000804, 0.070044, -0.202639, -0.000356, -0.000279, -0.0, -0.0, -2e-06, 1e-05, 0.0, 0.0, 0.000992, 7e-06, 1e-06, 0.0, -3.6e-05, -7e-06, -0.0, -0.0, 0.0, 1e-06, 1.4e-05, 0.000172, -2e-06, 1e-06, 0.00625, -4.6e-05, 1.6e-05, -2e-06, -0.000534, 0.000187, 3e-06, -2e-06, -0.001491, -0.002427, 0.071563, 0.000999, -0.001001, -0.000132, -0.000375, 0.016622, 0.000123, 8.1e-05, 0.11031, 0.18884, 0.0187, 0.086454, 0.045037, -0.000568, -0.000994, 0.059375, -0.000186, -0.000524, -0.111311, -0.190532, 0.017925, -0.087124, -0.045266, 0.001426, 0.002515, 0.058008, -0.000196, -0.001386, -0.111776, -0.190506, 0.018684, -0.05561, 0.081276, 0.11181, 0.190576, 0.018641, 0.056197, -0.080901, -1e-06, -0.000222, 0.0, 1e-06, 0.0, -1e-06, -3.6e-05, 5e-06, 1e-06, 0.0, 1e-06, 0.000236, 0.0, -1e-06, -0.0, 0.000671, 0.008532, 0.000165, -0.000665, 0.000382, 2e-06, 0.000191, 1e-06, -2e-06, 1e-06, -0.000212, -0.00495, 6e-06, 0.000207, -9.6e-05], [0.0, -0.0, 0.0, -0.0, 0.530759, 0.0, 0.0, 1.0, 0.0, 0.0, 0.0, 0.0, 0.0, 0.0, 0.00071, 0.009193, 0.056431, -0.0, -0.013727, -0.000171, -4e-06, -0.145692, -0.001911, -0.01012, 1e-06, 0.0, 0.017523, 0.00044, 0.129616, 0.480236, 0.586247, -0.00035, -0.104546, 0.107553, -0.000554, 0.062162, 0.170482, 0.029193, 9.1e-05, -9.8e-05, -0.080679, -0.028109, 0.024869, 0.151182, 0.325054, 9e-05, -0.149501, -0.033193, 0.000292, -0.418929, -0.107977, -0.061448, -0.000129, -2.9e-05, 0.095794, 0.047775, -0.088024, -0.343911, -0.444035, -0.000645, -0.011508, -0.194329, -0.001101, 0.181555, -0.331684, -0.003122, -2e-05, -0.000464, 0.145284, -0.005912, -0.039287, -0.153321, -0.197721, 0.000279, 0.157802, 0.120361, 0.000476, 0.470646, 0.205112, -0.001559, -0.000374, -0.000279, 0.123015, -0.161052, 3e-06, 0.000104, 0.003117, 0.0, -0.00019, -3.8e-05, 7e-06, -0.012257, -0.002498, -0.000206, -0.0, -0.0, 0.000329, 0.000136, 7.6e-05, 0.001454, 0.016936, -2e-06, -0.002274, 0.000855, -4.6e-05, -0.050281, 0.01976, -0.002144, 6e-06, -2e-06, 0.002788, -0.002459, 0.206577, 0.336249, 0.000999, -0.066745, 0.138655, 0.084343, 0.239672, 0.000123, -0.06207, -0.051914, -0.216395, -0.370446, 0.086454, -0.106825, -0.088349, -0.086251, -0.150839, -0.000186, 0.031137, -0.079536, -0.216163, -0.37001, -0.087124, -0.106405, -0.087905, 0.035467, 0.06258, -0.000196, 0.053146, -0.03449, -0.138709, -0.23641, -0.05561, -0.005513, 0.10086, -0.140112, -0.238815, 0.056197, -0.006936, 0.101379, 8e-06, 0.00141, 1e-06, -6e-06, -1e-06, 9.9e-05, 0.005874, 1e-06, -8.5e-05, -3.8e-05, 9e-06, 0.001459, -1e-06, -7e-06, -1e-06, 0.003282, 0.041718, -0.000665, -0.002952, 0.001869, 3.2e-05, 0.003108, -2e-06, -2.7e-05, 9e-06, 0.000842, 0.019643, 0.000207, -0.000762, 0.000381], [0.0, -0.0, 0.0, 0.0, 0.0, 0.530759, 0.0, 0.0, 1.0, 0.0, 0.0, 0.0, 0.0, 0.0, 8e-06, 0.000105, 0.000643, -0.0, -0.000171, 0.001241, -0.0, -0.001911, 0.02193, -0.000115, 0.0, -0.0, 0.00028, -0.00351, -0.040253, -0.149139, -0.182061, 0.000109, 0.107553, 0.208379, 0.000172, 0.170482, 0.558179, -0.009066, -9.8e-05, -0.000193, -0.112678, -0.191637, 0.004466, 0.027148, 0.05837, 1.6e-05, -0.033193, 0.029383, 5.3e-05, -0.107977, 0.16299, -0.011034, -2.9e-05, 2.6e-05, 0.040124, -0.053187, -0.081425, -0.318126, -0.410743, -0.000597, -0.194329, 0.018814, -0.001019, -0.331684, 0.233309, -0.002888, -0.000464, 5.3e-05, -0.156216, 0.017203, 0.113657, 0.443558, 0.572006, -0.000808, 0.120361, -0.1488, -0.001377, 0.205112, -0.051844, 0.00451, -0.000279, 0.000337, 0.049398, -0.050271, 1e-06, 2e-05, 0.000588, 0.0, -3.8e-05, 2e-06, 1e-06, -0.002498, 0.000521, -3.9e-05, -0.0, 0.0, 7.6e-05, -9e-06, -2.7e-05, -0.000508, -0.00592, 1e-06, 0.000855, -0.000127, 1.6e-05, 0.01976, -0.000657, 0.000749, -2e-06, 0.0, -0.001348, 0.000391, -0.207084, -0.337073, -0.001001, 0.138655, -0.067424, 0.055643, 0.158116, 8.1e-05, -0.051914, -0.017627, -0.112728, -0.192979, 0.045037, -0.088349, 0.016747, -0.242922, -0.424829, -0.000524, -0.079536, -0.164632, -0.112308, -0.19224, -0.045266, -0.087905, 0.017117, 0.251203, 0.443237, -0.001386, -0.03449, -0.186266, 0.202729, 0.345522, 0.081276, 0.10086, -0.083915, 0.201704, 0.343796, -0.080901, 0.101379, -0.082458, 1e-06, 0.000185, 0.0, -1e-06, 0.0, 4.2e-05, 0.002501, 0.0, -3.8e-05, -1.2e-05, 1e-06, 0.000203, -0.0, -1e-06, 0.0, -0.001885, -0.023966, 0.000382, 0.001869, -0.000772, -1e-05, -0.000966, 1e-06, 9e-06, -2e-06, -0.000392, -0.00914, -9.6e-05, 0.000381, -0.00012], [-0.0, 0.0, 0.0, 0.0, 0.0, -0.0, 0.0, 0.0, 0.0, 1.0, 0.0, 0.0, 0.0, 0.0, -0.0, -1.2e-05, -0.002435, 0.0, 3e-05, 0.0, 0.0, 0.01012, 0.000115, 5.4e-05, -0.0, -0.0, -9.2e-05, -2e-06, -0.056639, -0.146942, -0.071294, 0.000604, 0.139372, -0.043282, 0.000358, -0.029193, 0.009066, 0.146304, -0.000887, 0.000275, 0.03057, -0.021014, -0.000211, -0.009026, -0.034284, -1.3e-05, 0.017009, 0.003054, -8.4e-05, 0.061448, 0.011034, 0.020032, 5e-05, 9e-06, -0.029132, -0.010811, -0.032593, -0.128633, -0.072904, -0.001093, -0.110782, -0.102476, -0.000826, 0.003122, 0.002888, 0.125784, -0.001479, -0.001368, -0.002506, -0.032125, -0.032991, -0.129103, -0.072905, 0.001069, -0.04935, 0.142768, 0.000804, 0.001559, -0.00451, 0.126144, 0.000642, -0.001856, 0.024437, 0.019186, -0.0, -0.0, -2.8e-05, -0.0, 0.0, 0.0, -0.0, 0.000206, 3.9e-05, 0.0, 0.0, 0.0, -0.0, -0.0, -0.0, -0.0, -0.000417, 0.0, 0.0, -0.0, 2e-06, 0.002144, -0.000749, 1e-06, -0.0, 0.0, -1e-06, 1e-06, -0.036944, -0.046824, -0.000518, 0.040285, -0.040384, -0.003585, -0.025704, -7e-06, 0.003221, 0.002125, -0.014875, -0.022111, 0.020702, -0.013736, -0.007155, -0.027837, -0.044252, -0.000157, -0.014067, -0.039618, -0.014606, -0.021704, -0.020681, -0.013304, -0.006912, -0.026862, -0.043914, 0.000384, 0.005652, 0.040029, -0.014968, -0.021941, -0.02116, -0.008717, 0.012741, -0.014951, -0.021921, 0.021152, -0.008792, 0.012656, 0.0, -1.4e-05, 0.0, 0.0, 0.0, -0.0, -0.000128, 0.0, 0.0, 0.0, 0.0, -1.5e-05, 0.0, 0.0, 0.0, -3e-06, -0.002095, 0.0, 0.0, -0.0, -0.0, -4.9e-05, 0.0, 0.0, 0.0, -0.0, -0.000646, -0.0, 0.0, -0.0], [0.0, 0.0, 0.0, -0.0, 0.0, 0.0, 0.0, 0.0, 0.0, 0.0, 1.0, 0.0, 0.0, 0.0, 0.0, 0.0, 0.0, 4e-06, -0.0, -0.0, 0.003515, -1e-06, -0.0, -0.0, -2.6e-05, -0.0, 0.0, 0.0, 0.000181, 0.000469, 0.000227, 0.264837, -0.000665, 0.00029, 0.221753, -9.1e-05, 9.8e-05, -0.000887, -0.378513, 0.169635, 0.00026, -0.000386, -0.0, -1.5e-05, -5.6e-05, 0.005681, 3e-05, 6e-06, 0.063824, 0.000129, 2.9e-05, 5e-05, -0.022917, -0.004491, -5.8e-05, -2.4e-05, 0.000187, 0.000738, 0.000418, -0.141472, 0.000669, 0.001021, -0.15708, 2e-05, 0.000464, -0.001479, -0.150793, -0.238633, -0.000655, 0.001031, -8.2e-05, -0.00032, -0.000181, -0.06346, 0.000213, 0.000617, -0.070044, 0.000374, 0.000279, 0.000642, 0.056846, 0.148592, 0.000948, -0.000524, -0.0, -0.0, -0.0, 0.0, 0.0, 0.0, 3.6e-05, 0.0, 0.0, 0.0, -0.0, -0.0, -0.0, -0.0, 0.0, 0.0, 1e-06, 0.0, -0.0, 0.0, 0.000534, -6e-06, 2e-06, -0.0, -0.0, 0.0, 0.0, -0.0, -0.000461, -0.000584, 0.0182, 0.000502, -0.000635, -1.4e-05, -9.7e-05, 0.000746, 1.3e-05, 9e-06, -0.034946, -0.051946, 0.011662, -0.045406, -0.027774, 7.1e-05, 0.000113, -0.005667, 7e-06, 0.000125, 0.035227, 0.052345, 0.012135, 0.045695, 0.02789, 7.3e-05, 0.00012, 0.002246, 7.1e-05, -0.000134, 0.02274, 0.033335, 0.007704, 0.013967, -0.032341, -0.022977, -0.033688, 0.007796, -0.014424, 0.032514, 0.0, -8e-06, 0.0, 0.0, 0.0, -0.0, -2e-06, 0.0, 0.0, 0.0, 0.0, 9e-06, 0.0, 0.0, 0.0, 2e-06, 0.001191, -0.0, -0.0, 0.0, 0.0, 9e-06, 0.0, 0.0, 0.0, -0.0, -0.000518, -0.0, 0.0, -0.0], [0.0, 0.0, 0.0, 0.0, 0.0, 0.0, 0.0, 0.0, 0.0, 0.0, 0.0, 1.0, 0.0, 0.0, 0.0, 0.0, 0.0, 0.0, -0.0, 0.0, 4e-05, -0.0, 0.0, -0.0, -0.0, 1e-06, 0.0, -0.0, -5.6e-05, -0.000146, -7.1e-05, -0.082246, 0.00029, 0.000177, -0.068866, 9.8e-05, 0.000193, 0.000275, 0.169635, 0.115041, -0.000423, -0.000378, -0.0, -3e-06, -1e-05, 0.00102, 6e-06, -2e-06, 0.011461, 2.9e-05, -2.6e-05, 9e-06, -0.004491, 0.001286, -1.5e-05, 7e-06, 0.000173, 0.000682, 0.000387, -0.130865, 0.001021, 0.00051, -0.145302, 0.000464, -5.3e-05, -0.001368, -0.238633, -0.113559, 0.00086, 0.000839, 0.000237, 0.000927, 0.000523, 0.183591, 0.000617, -0.00136, 0.202639, 0.000279, -0.000337, -0.001856, 0.148592, -0.321668, -0.000747, -0.001025, -0.0, -0.0, -0.0, 0.0, 0.0, 0.0, 7e-06, 0.0, -0.0, 0.0, -0.0, -0.0, -0.0, -0.0, -0.0, -0.0, -0.0, -0.0, 0.0, -0.0, -0.000187, 2e-06, -0.0, 0.0, 0.0, -0.0, -0.0, 0.0, 0.000462, 0.000586, -0.018245, -0.000635, 0.000505, -9e-06, -6.4e-05, 0.000492, 9e-06, 5e-06, -0.018205, -0.02706, 0.006075, -0.027774, -0.006559, 0.0002, 0.000319, -0.01596, 0.000125, 0.000314, 0.018302, 0.027196, 0.006305, 0.02789, 0.006505, 0.000518, 0.000847, 0.015909, -0.000134, -0.000858, -0.033236, -0.04872, -0.011259, -0.032341, 0.039106, 0.033077, 0.048497, -0.011223, 0.032514, -0.038645, 0.0, -1e-06, 0.0, 0.0, 0.0, -0.0, -1e-06, 0.0, 0.0, 0.0, 0.0, 1e-06, 0.0, 0.0, 0.0, -1e-06, -0.000684, 0.0, 0.0, -0.0, -0.0, -3e-06, 0.0, 0.0, 0.0, 0.0, 0.000241, 0.0, -0.0, 0.0], [-0.0, -0.0, -0.0, 0.0, -0.0, -0.0, 0.0, 0.0, 0.0, 0.0, 0.0, 0.0, 1.0, 0.0, 0.0, 2e-05, 0.004217, -0.0, -5.2e-05, -1e-06, -1e-06, -0.017523, -0.00028, -9.2e-05, 0.0, 0.0, 0.00016, 4e-06, 0.080844, 0.209738, 0.101761, -0.000421, -0.152342, 0.211803, -0.000142, 0.080679, 0.112678, 0.03057, 0.00026, -0.000423, -0.0681, -0.249593, 0.000343, 0.014657, 0.055671, 1.6e-05, -0.027265, -0.006936, 7.8e-05, -0.095794, -0.040124, -0.029132, -5.8e-05, -1.5e-05, 0.046273, 0.025976, 0.004391, 0.017329, 0.009822, 8e-05, -0.115547, 0.154853, 3.6e-05, -0.145284, 0.156216, -0.002506, -0.000655, 0.00086, -0.368309, 0.041451, -0.044945, -0.175882, -0.099322, 0.000786, -0.180609, 0.15531, 0.000356, -0.123015, -0.049398, 0.024437, 0.000948, -0.000747, -0.042021, 0.259893, 0.0, 0.0, 4.6e-05, 0.0, -0.0, -0.0, 0.0, -0.000329, -7.6e-05, -0.0, -0.0, -0.0, 0.0, 0.0, 0.0, 0.0, 0.000565, -0.0, -1e-06, 0.0, -3e-06, -0.002788, 0.001348, -1e-06, 0.0, -0.0, 2e-06, -2e-06, -0.000157, -0.000199, -2e-06, 0.01842, 0.018033, 0.002444, 0.017519, 4e-06, -0.001743, -0.002135, 0.024975, 0.037124, -0.019424, 0.022586, 0.027933, -0.037419, -0.059486, -0.000154, -0.028974, -0.049682, 0.024972, 0.037107, 0.019595, 0.022546, 0.027827, -0.044711, -0.073093, 0.000465, 0.013813, 0.066005, -0.01603, -0.023498, -0.01257, -0.025726, 0.007996, -0.015439, -0.022636, 0.01211, -0.025403, 0.007124, 0.0, 2.5e-05, 0.0, 0.0, 0.0, 0.0, 0.000154, 0.0, 0.0, 0.0, 0.0, 2.6e-05, 0.0, 0.0, 0.0, 3e-06, 0.001951, -0.0, -0.0, 0.0, 0.0, 7e-05, 0.0, 0.0, 0.0, 0.0, 0.000805, 0.0, -0.0, 0.0], [0.0, 0.0, 0.0, 0.0, 0.0, -0.0, 0.0, 0.0, 0.0, 0.0, 0.0, 0.0, 0.0, 1.0, 0.0, 0.0, 9.6e-05, -0.0, -1e-06, 4e-06, -0.0, -0.00044, 0.00351, -2e-06, 0.0, -0.0, 4e-06, -2.6e-05, -0.055572, -0.144174, -0.069951, 0.00029, 0.204524, 0.17578, 9.8e-05, 0.028109, 0.191637, -0.021014, -0.000386, -0.000378, -0.249593, -0.259624, 0.000127, 0.005439, 0.02066, 6e-06, -0.011207, 0.003486, 2.9e-05, -0.047775, 0.053187, -0.010811, -2.4e-05, 7e-06, 0.025976, -0.014084, 0.056282, 0.222126, 0.125893, 0.001021, 0.201481, 0.165955, 0.000464, 0.005912, -0.017203, -0.032125, 0.001031, 0.000839, 0.041451, 0.159768, -0.035288, -0.138091, -0.077981, 0.000617, 0.09162, 0.202624, 0.000279, 0.161052, 0.050271, 0.019186, -0.000524, -0.001025, 0.259893, -0.168988, 0.0, 0.0, 1.8e-05, 0.0, -0.0, -0.0, 0.0, -0.000136, 9e-06, -0.0, -0.0, -0.0, 0.0, 0.0, -0.0, -0.0, -0.00045, 0.0, 1e-06, -0.0, 2e-06, 0.002459, -0.000391, 1e-06, -0.0, 0.0, -2e-06, 1e-06, -0.063991, -0.081105, -0.000635, 0.069736, -0.069996, 0.005709, 0.040929, 9e-06, -0.005323, -0.00309, 0.035713, 0.053084, -0.027774, 0.046401, 0.012866, 0.030405, 0.048335, 0.000125, 0.002977, 0.047672, 0.035543, 0.052814, 0.02789, 0.046104, 0.012633, 0.012882, 0.02106, -0.000134, 0.012582, -0.021356, -0.041244, -0.060459, -0.032341, -0.025331, 0.048529, -0.041449, -0.060772, 0.032514, -0.02602, 0.048427, 0.0, 7e-06, 0.0, 0.0, 0.0, 0.0, 0.00016, 0.0, 0.0, 0.0, 0.0, 7e-06, 0.0, 0.0, 0.0, -4e-06, -0.003345, 0.0, 1e-06, -0.0, -0.0, -4.8e-05, 0.0, 0.0, 0.0, -0.0, -0.000956, -0.0, 0.0, -0.0], [0.0, 0.0, 0.000103, 0.0, 0.0, 0.0, 0.0, 0.00071, 8e-06, -0.0, 0.0, 0.0, 0.0, 0.0, 1.0, -0.2157, 0.19014, -0.0, -0.0, -0.0, 0.0, -0.0, -0.0, -0.0, 0.0, 0.0, -0.0, -0.0, 1e-06, 6.2e-05, 0.006412, -0.0, 0.000138, 2.5e-05, -1.2e-05, 0.024877, 0.004464, -0.000211, -0.0, -0.0, 0.000343, 0.000127, 0.000622, 0.023348, 0.070973, 4.6e-05, 0.045285, -0.014075, 0.000131, 0.129607, -0.040283, -0.05664, 0.000181, -5.6e-05, 0.08082, -0.055611, 0.0, 0.0, 0.0, 0.0, 0.0, 0.0, 0.0, 5e-06, 1e-06, -0.0, 0.0, 0.0, 0.0, 0.0, 0.0, 0.0, 5e-06, -0.0, 0.0, -0.0, -0.0, 4.4e-05, -1.4e-05, -0.0, -0.0, 0.0, 0.0, -0.0, 0.000302, 0.011718, 0.055753, 4.5e-05, -0.020308, -0.014981, 0.000216, -0.096773, -0.071391, -0.032994, -0.000165, -0.000122, 0.016867, 0.054602, 0.000297, 0.011544, 0.055457, -5.3e-05, -0.005472, 0.024276, -0.000254, -0.026367, 0.116972, -0.03259, 5.3e-05, -0.000234, -0.050989, -0.024217, 2.6e-05, 0.006838, 0.0, 1.3e-05, 9e-06, 0.000918, 0.026263, 1e-06, 0.000428, -0.000432, 0.0, 0.0, 0.0, 0.0, 0.0, 0.0, 7e-06, 0.0, 0.0, 0.0, 0.0, 0.0, 0.0, 0.0, 0.0, 0.0, 0.000174, -0.0, 0.0, -0.0, 0.0, 3e-06, 0.0, 0.0, 0.0, 0.0, 2e-06, 0.0, 0.0, 0.0, 0.000621, 0.02298, 0.000164, -0.000342, -0.000129, 0.000585, 0.022499, 5e-06, -0.000161, -0.00034, 0.000617, 0.022928, -0.000167, -0.000335, -0.000135, 0.000537, 0.02185, -0.000112, 4.5e-05, 0.000322, 0.000593, 0.022617, -5.6e-05, -0.000243, 0.00029, 0.000609, 0.022824, 0.000183, -4e-05, 0.000345], [0.0, 2e-06, 0.001755, 0.0, 6e-06, 0.0, 0.0, 0.009193, 0.000105, -1.2e-05, 0.0, 0.0, 2e-05, 0.0, -0.2157, 1.0, 0.718332, 0.0, 0.0, 0.0, -0.0, 0.0, 0.0, 0.0, 0.0, 0.0, -0.0, 0.0, 6.2e-05, 0.003426, 0.050685, -3e-06, 0.007099, 0.001274, -7.4e-05, 0.151223, 0.027138, -0.009032, -1.5e-05, -3e-06, 0.014667, 0.00544, 0.023348, 0.188426, 0.336057, 0.000254, 0.251762, -0.07825, 0.000485, 0.480202, -0.149252, -0.146943, 0.000469, -0.000146, 0.209671, -0.144273, 0.0, 0.0, 1.7e-05, 0.0, 0.0, 0.0, 0.0, 0.000139, 3.1e-05, -0.0, 0.0, 0.0, 0.0, 0.0, 0.0, 0.0, 0.00014, -0.0, 0.0, -0.0, -1e-06, 0.000918, -0.000298, -0.0, -0.0, 0.0, 0.0, -0.0, 0.011718, 0.130008, 0.278579, 0.000351, -0.15721, -0.115976, 0.000842, -0.377667, -0.278611, -0.129106, -0.000646, -0.000476, 0.066001, 0.213658, 0.011544, 0.128928, 0.277428, -0.000412, -0.042661, 0.189259, -0.000994, -0.103015, 0.457014, -0.12863, 0.000208, -0.000922, -0.20125, -0.095584, 0.001403, 0.048686, 4e-06, 0.000946, 0.000626, 0.022245, 0.148627, 5e-05, 0.019874, -0.020103, 0.0, 1e-05, 0.0, 0.0, 0.0, 0.0, 0.00013, 0.0, 0.0, 0.0, 0.0, 1e-05, 0.0, 0.0, 0.0, 1e-06, 0.002206, -0.0, 0.0, -0.0, 0.0, 5.7e-05, 0.0, 0.0, 0.0, 0.0, 5.6e-05, 0.0, 0.0, 0.0, 0.016921, 0.133106, 0.008515, -0.017701, -0.006685, 0.016203, 0.130798, 0.000266, -0.008473, -0.017838, 0.016843, 0.132857, -0.008635, -0.017384, -0.007016, 0.015261, 0.127675, -0.006019, 0.002405, 0.017272, 0.016379, 0.131367, -0.002911, -0.012701, 0.015165, 0.016686, 0.132357, 0.009506, -0.002075, 0.017955], [0.000103, 0.001755, 0.017993, 0.0, 0.00286, 3.3e-05, 2e-06, 0.056431, 0.000643, -0.002435, 0.0, 0.0, 0.004217, 9.6e-05, 0.19014, 0.718332, 1.0, 0.0, -0.0, -0.0, -0.0, 0.0, -0.0, 0.0, 0.0, 0.0, -0.0, 0.0, 0.006412, 0.050685, 0.166949, -3e-05, 0.061156, 0.010975, -0.000158, 0.325109, 0.058343, -0.034291, -5.6e-05, -1e-05, 0.055688, 0.020652, 0.070973, 0.336057, 0.595652, 0.000238, 0.236168, -0.073404, 0.000592, 0.586205, -0.182199, -0.071294, 0.000227, -7.1e-05, 0.101728, -0.069999, 0.0, 1.7e-05, 0.000859, 0.0, 3.3e-05, 7e-06, 3e-06, 0.003769, 0.000827, -3.8e-05, 0.0, 0.0, 6e-05, 2.8e-05, 5e-06, 0.00014, 0.003412, -0.0, 0.000243, -7.9e-05, -1e-05, 0.012625, -0.004101, -0.000262, -1e-06, 0.0, 0.000367, -0.000266, 0.055753, 0.278579, 0.524531, 0.000405, -0.181728, -0.134063, 0.001086, -0.487031, -0.35929, -0.072906, -0.000365, -0.000269, 0.03727, 0.120652, 0.055457, 0.277428, 0.523063, -0.000478, -0.049546, 0.219804, -0.001284, -0.133008, 0.590071, -0.072905, 0.000118, -0.000523, -0.114064, -0.054175, 0.030498, 0.154011, 0.000124, 0.02657, 0.017603, 0.121034, 0.341885, 0.000195, 0.07657, -0.077453, 1e-06, 0.000381, -0.0, 1e-06, 0.0, 2.4e-05, 0.002337, 0.0, 1.9e-05, 9e-06, 1e-06, 0.000383, 0.0, 1e-06, 0.0, 0.000708, 0.01717, -2e-06, 0.00063, -0.000388, 9e-06, 0.001313, 1e-06, 7e-06, -2e-06, 9e-06, 0.001285, -1e-06, 7e-06, -2e-06, 0.105545, 0.315912, 0.039896, -0.082938, -0.031322, 0.103279, 0.311979, 0.001286, -0.040955, -0.08622, 0.105301, 0.315489, -0.040594, -0.081726, -0.032981, 0.10023, 0.306628, -0.030368, 0.012134, 0.087143, 0.103837, 0.312951, -0.013963, -0.060915, 0.072735, 0.104809, 0.314639, 0.044987, -0.009821, 0.084975], [-0.0, -0.0, -0.0, 1e-06, -0.0, -0.0, 0.001243, -0.0, -0.0, 0.0, 4e-06, 0.0, -0.0, -0.0, -0.0, 0.0, 0.0, 1.0, 0.0, 0.0, 0.530759, 0.0, 0.0, -0.0, 0.0, -0.0, 0.0, 0.0, 0.0, 3e-06, 3e-05, 0.001291, 8e-06, 1e-06, 0.035355, 9e-05, 1.6e-05, -1.3e-05, 0.005685, 0.00102, 1.6e-05, 6e-06, -4.6e-05, -0.000254, -0.000238, 0.116894, -0.000417, 0.00013, 0.241781, -0.00035, 0.000109, 0.000604, 0.264821, -0.082309, -0.000421, 0.00029, -0.0, -0.0, -0.0, 0.0, -0.0, -0.0, 1.3e-05, -0.0, -0.0, 0.0, 0.0, 0.0, -0.0, -0.0, 0.0, 0.0, 0.0, 0.0, 0.0, -0.0, 0.000103, 1e-06, -0.0, -0.0, 0.0, -0.0, 0.0, -0.0, -4.5e-05, -0.000351, -0.000405, 0.072973, 0.000499, 0.000368, 0.19941, 0.000563, 0.000415, 0.000875, -0.156326, -0.115324, -0.000241, -0.000782, 5.3e-05, 0.000412, 0.000478, 0.072226, -0.00016, 0.000712, 0.198565, -0.000182, 0.000807, -0.001029, -0.042375, 0.187991, -0.00087, -0.000413, -1.2e-05, -0.000209, 0.000171, -9e-06, -6e-06, -7.1e-05, -0.000231, 0.006305, -7.6e-05, 7.7e-05, 0.0, 3e-06, 0.0, 0.0, 0.0, -0.0, -0.0, 0.0, 0.0, 0.0, 0.0, -3e-06, 0.0, 0.0, 0.0, 0.0, 1e-05, 0.0, 0.0, -0.0, -0.0, -1.7e-05, 0.0, 0.0, 0.0, 0.0, 1.7e-05, 0.0, 0.0, 0.0, -0.012602, -0.049126, -0.003255, 0.015925, 0.006014, -0.000398, -0.001593, 0.004154, 0.000251, 0.000529, 0.012793, 0.050015, -0.003544, -0.015951, -0.006437, 0.009106, 0.037879, -0.00049, 0.001733, 0.01245, 0.004339, 0.017264, 0.00329, -0.004064, 0.004853, -0.014111, -0.055493, -0.005385, 0.00212, -0.018342], [-0.0, -6e-06, -0.00286, -0.0, -1.7e-05, -0.0, -0.0, -0.013727, -0.000171, 3e-05, -0.0, -0.0, -5.2e-05, -1e-06, -0.0, 0.0, -0.0, 0.0, 1.0, 0.0, 0.0, 0.530759, 0.0, 0.0, -0.0, 0.0, 0.0, -0.0, -0.000138, -0.007099, -0.061156, 8e-06, -0.014151, -0.002771, 9e-05, -0.149535, -0.03318, 0.017019, 3e-05, 6e-06, -0.027283, -0.011206, -0.045285, -0.251762, -0.236168, -0.000417, -0.296353, 0.128442, -0.00035, -0.104493, 0.107626, 0.139361, -0.000665, 0.00029, -0.152195, 0.204637, -0.0, -0.0, -3.3e-05, -0.0, -0.0, -0.0, -0.0, -0.000252, -5.8e-05, 0.0, -0.0, -0.0, -0.0, -0.0, -0.0, -0.0, -0.000243, 0.0, -0.0, 0.0, 1e-06, -0.001483, 0.000515, 0.0, 0.0, -0.0, -0.0, 0.0, 0.020308, 0.15721, 0.181728, 0.000499, -0.151013, -0.165239, 0.000563, -0.05302, -0.186223, -0.12156, -0.000711, -0.000782, -0.048045, 0.23521, 0.005472, 0.042661, 0.049546, -0.00016, 0.055608, 0.073729, -0.000182, 0.179717, 0.083625, -0.033184, -0.000316, -0.000413, -0.132573, 0.145156, -0.002471, -0.044661, -9e-06, -0.001826, -0.001323, -0.027793, -0.091124, -7.6e-05, -0.023689, 0.03034, 0.0, -1.8e-05, 0.0, 0.0, 0.0, -0.0, -0.000199, 0.0, 0.0, 0.0, 0.0, -1.8e-05, 0.0, 0.0, 0.0, -2e-06, -0.002768, 0.0, -0.0, 0.0, -0.0, -9.4e-05, 0.0, 0.0, 0.0, -0.0, -9.1e-05, 0.0, 0.0, 0.0, 0.026198, 0.102127, 0.015925, -0.028701, -0.012503, 0.012657, 0.050704, 0.000251, -0.003833, -0.016833, 0.025755, 0.100692, -0.015951, -0.027734, -0.012959, -0.003638, -0.015135, 0.001733, 0.003156, -0.004974, 0.018927, 0.075314, -0.004064, -0.013509, 0.021171, 0.00308, 0.012114, 0.00212, 0.003863, 0.004004], [-0.0, -0.0, -3.3e-05, -0.0, -0.0, 1e-06, -0.0, -0.000171, 0.001241, 0.0, -0.0, 0.0, -1e-06, 4e-06, -0.0, 0.0, -0.0, 0.0, 0.0, 1.0, 0.0, 0.0, 0.530759, 0.0, 0.0, -0.0, 0.0, 0.0, -2.5e-05, -0.001274, -0.010975, 1e-06, -0.002771, 0.000794, 1.6e-05, -0.03318, 0.029401, 0.003054, 6e-06, -2e-06, -0.006937, 0.003491, 0.014075, 0.07825, 0.073404, 0.00013, 0.128442, 0.076973, 0.000109, 0.107626, 0.20833, -0.043315, 0.00029, 0.000177, 0.211923, 0.175636, -0.0, -0.0, -7e-06, -0.0, -0.0, -0.0, -0.0, -5.8e-05, 0.0, 0.0, -0.0, -0.0, -0.0, -0.0, 0.0, 0.0, 7.9e-05, -0.0, 0.0, -0.0, -0.0, 0.000515, -6.4e-05, -0.0, -0.0, 0.0, 0.0, -0.0, 0.014981, 0.115976, 0.134063, 0.000368, -0.165239, -0.048925, 0.000415, -0.186223, 0.062032, -0.089677, -0.000782, -0.000228, 0.195209, 0.102267, -0.024276, -0.189259, -0.219804, 0.000712, 0.073729, -0.254863, 0.000807, 0.083625, -0.172423, 0.147216, -0.000413, 0.001425, 0.212151, 0.147674, -0.001637, -0.029588, -6e-06, -0.001323, -0.000705, 0.028113, 0.092175, 7.7e-05, 0.03034, -0.024385, 0.0, -3e-06, 0.0, 0.0, 0.0, -0.0, -9.3e-05, 0.0, 0.0, 0.0, 0.0, -3e-06, 0.0, 0.0, 0.0, 1e-06, 0.001705, -0.0, 0.0, -0.0, 0.0, 3e-05, 0.0, 0.0, 0.0, 0.0, 2.9e-05, 0.0, 0.0, 0.0, 0.009894, 0.038568, 0.006014, -0.012503, -0.000316, 0.026645, 0.106744, 0.000529, -0.016833, -0.031275, 0.010394, 0.040635, -0.006437, -0.012959, -0.000851, -0.026129, -0.108696, 0.01245, -0.004974, -0.031877, -0.0226, -0.089928, 0.004853, 0.021171, -0.021058, -0.026653, -0.104817, -0.018342, 0.004004, -0.03032], [-0.0, -0.0, -2e-06, 0.001243, -0.0, -0.0, 0.021952, -4e-06, -0.0, 0.0, 0.003515, 4e-05, -1e-06, -0.0, 0.0, -0.0, -0.0, 0.530759, 0.0, 0.0, 1.0, 0.0, 0.0, 0.0, 0.0, 0.0, 0.0, 0.0, 1.2e-05, 7.4e-05, 0.000158, 0.035355, 9e-05, 1.6e-05, 0.182417, 0.000293, 5.2e-05, -8.4e-05, 0.063842, 0.011457, 7.8e-05, 2.9e-05, -0.000131, -0.000485, -0.000592, 0.241781, -0.00035, 0.000109, 0.611125, -0.000554, 0.000172, 0.000358, 0.221738, -0.068918, -0.000142, 9.8e-05, -0.0, -0.0, -3e-06, 1.3e-05, -0.0, -0.0, 0.001218, -1.1e-05, -2e-06, 0.0, 4.9e-05, 1.1e-05, -0.0, -0.0, 0.0, 1e-06, 1e-05, 0.000103, 1e-06, -0.0, 0.00452, 3.3e-05, -1.1e-05, -2e-06, 0.000334, -0.000108, 2e-06, -1e-06, -0.000216, -0.000842, -0.001086, 0.19941, 0.000563, 0.000415, 0.541552, 0.000959, 0.000708, 0.000658, -0.172537, -0.127283, -0.000109, -0.000353, 0.000254, 0.000994, 0.001284, 0.198565, -0.000182, 0.000807, 0.540111, -0.00031, 0.001377, -0.000777, -0.047052, 0.208738, -0.000396, -0.000188, -0.000402, -0.001132, 0.01706, -0.000374, -0.000248, -0.000527, -0.000854, 0.072554, -0.00035, 0.000355, 2e-06, 0.000264, 0.0, 1e-06, 0.0, -0.0, -9e-06, 9e-06, -0.0, -0.0, -2e-06, -0.000268, 0.0, -1e-06, -0.0, 1.2e-05, 0.000151, 0.000318, 1.2e-05, -7e-06, -1.3e-05, -0.000889, 1e-06, -1.2e-05, 4e-06, 1.2e-05, 0.000871, 1e-06, 1.1e-05, -4e-06, -0.109995, -0.188196, 0.019095, 0.090983, 0.03436, -0.003557, -0.006138, 0.061401, 0.001485, 0.003126, 0.111953, 0.191724, 0.017277, -0.091464, -0.036911, 0.084273, 0.147216, 0.032655, 0.010745, 0.077172, 0.038577, 0.066438, 0.056334, -0.023826, 0.028449, -0.124142, -0.212999, 0.006307, 0.012245, -0.105955], [-0.00071, -0.009193, -0.056431, -0.0, -0.013727, -0.000171, -4e-06, -0.145692, -0.001911, 0.01012, -1e-06, -0.0, -0.017523, -0.00044, -0.0, 0.0, 0.0, 0.0, 0.530759, 0.0, 0.0, 1.0, 0.0, 0.0, 0.0, 0.0, 0.0, 0.0, -0.024877, -0.151223, -0.325109, 9e-05, -0.149535, -0.03318, 0.000293, -0.418966, -0.107922, 0.061453, 0.000129, 2.9e-05, -0.095815, -0.047753, -0.129607, -0.480202, -0.586205, -0.00035, -0.104493, 0.107626, -0.000554, 0.062248, 0.170597, -0.029191, -9.1e-05, 9.8e-05, 0.08072, 0.028115, -5e-06, -0.000139, -0.003769, -0.0, -0.000252, -5.8e-05, -1.1e-05, -0.014382, -0.003423, 0.000269, -1e-06, -0.0, -0.000419, -0.000205, -4.4e-05, -0.000918, -0.012625, 1e-06, -0.001483, 0.000515, 3.3e-05, -0.039633, 0.014343, 0.001439, 4e-06, -1e-06, -0.001952, 0.001552, 0.096773, 0.377667, 0.487031, 0.000563, -0.05302, -0.186223, 0.000959, 0.111383, -0.317344, 0.003842, -9.4e-05, -0.000353, -0.123578, 0.031211, 0.026367, 0.103015, 0.133008, -0.000182, 0.179717, 0.083625, -0.00031, 0.50794, 0.142733, 0.000934, -0.000412, -0.000188, -0.088092, 0.189248, -0.085945, -0.241818, -0.000374, -0.062884, -0.052965, -0.207519, -0.336011, -0.00035, -0.065419, 0.139565, -1e-05, -0.00164, 1e-06, -8e-06, -1e-06, -0.000168, -0.007891, -0.0, -0.000145, -7.2e-05, -1.1e-05, -0.001647, -1e-06, -8e-06, -1e-06, -0.003426, -0.042681, 1.2e-05, -0.003073, 0.002089, -7e-05, -0.004862, -1.2e-05, -6e-05, 2e-05, -6.8e-05, -0.004774, 1.1e-05, -5.8e-05, 2e-05, 0.228664, 0.391233, 0.090983, -0.126281, -0.07143, 0.113223, 0.195418, 0.001485, 0.014175, -0.099521, 0.225387, 0.385987, -0.091464, -0.121429, -0.07431, -0.033671, -0.05882, 0.010745, 0.055255, -0.030834, 0.168289, 0.289831, -0.023826, -0.042144, 0.124108, 0.027099, 0.046497, 0.012245, 0.059729, 0.023129], [-8e-06, -0.000105, -0.000643, -0.0, -0.000171, 0.001241, -0.0, -0.001911, 0.02193, 0.000115, -0.0, 0.0, -0.00028, 0.00351, -0.0, 0.0, -0.0, 0.0, 0.0, 0.530759, 0.0, 0.0, 1.0, 0.0, 0.0, 0.0, 0.0, 0.0, -0.004464, -0.027138, -0.058343, 1.6e-05, -0.03318, 0.029401, 5.2e-05, -0.107922, 0.163049, 0.011028, 2.9e-05, -2.6e-05, -0.040108, 0.053216, 0.040283, 0.149252, 0.182199, 0.000109, 0.107626, 0.20833, 0.000172, 0.170597, 0.558102, 0.009073, 9.8e-05, 0.000193, 0.112748, 0.191579, -1e-06, -3.1e-05, -0.000827, -0.0, -5.8e-05, 0.0, -2e-06, -0.003423, 0.000467, 5.9e-05, -0.0, 0.0, -0.000113, 2e-06, 1.4e-05, 0.000298, 0.004101, -0.0, 0.000515, -6.4e-05, -1.1e-05, 0.014343, -0.000139, -0.000467, -1e-06, 0.0, 0.000851, -0.000206, 0.071391, 0.278611, 0.35929, 0.000415, -0.186223, 0.062032, 0.000708, -0.317344, 0.307444, 0.002834, -0.000353, 0.000124, 0.163403, -0.055614, -0.116972, -0.457014, -0.590071, 0.000807, 0.083625, -0.172423, 0.001377, 0.142733, -0.093104, -0.004145, -0.000188, 0.00038, -0.02667, 0.039422, -0.056939, -0.160207, -0.000248, -0.052965, -0.018028, 0.209913, 0.339887, 0.000355, 0.139565, -0.06862, -2e-06, -0.000283, 0.0, -1e-06, 0.0, -7.8e-05, -0.003686, -0.0, -7.2e-05, -2.5e-05, -2e-06, -0.000283, -0.0, -1e-06, 0.0, 0.00211, 0.026294, -7e-06, 0.002089, -0.000969, 2.3e-05, 0.001569, 4e-06, 2e-05, -4e-06, 2.2e-05, 0.001529, -4e-06, 2e-05, -3e-06, 0.086356, 0.147751, 0.03436, -0.07143, 0.035885, 0.238362, 0.411403, 0.003126, -0.099521, -0.148068, 0.090957, 0.155768, -0.036911, -0.07431, 0.03272, -0.241825, -0.422442, 0.077172, -0.030834, -0.1619, -0.200945, -0.34607, 0.028449, 0.124108, -0.086395, -0.234486, -0.402325, -0.105955, 0.023129, -0.137731], [-0.0, -1.2e-05, -0.002435, -0.0, -3e-05, -0.0, -0.0, -0.01012, -0.000115, 5.4e-05, -0.0, -0.0, -9.2e-05, -2e-06, -0.0, 0.0, 0.0, -0.0, 0.0, 0.0, 0.0, 0.0, 0.0, 1.0, 0.0, 0.0, 0.0, 0.0, -0.000211, -0.009032, -0.034291, 1.3e-05, -0.017019, -0.003054, 8.4e-05, -0.061453, -0.011028, 0.020042, 5e-05, 9e-06, -0.029147, -0.010809, -0.05664, -0.146943, -0.071294, -0.000604, -0.139361, 0.043315, -0.000358, 0.029191, -0.009073, 0.146305, -0.000887, 0.000276, 0.030563, -0.02103, -0.0, -0.0, -3.8e-05, -0.0, -0.0, -0.0, -0.0, -0.000269, -5.9e-05, 0.0, -0.0, -0.0, -0.0, -0.0, -0.0, -0.0, -0.000262, 0.0, -0.0, 0.0, 2e-06, -0.001439, 0.000467, 0.0, 0.0, -0.0, -1e-06, 0.0, -0.032994, -0.129106, -0.072906, -0.000875, 0.12156, 0.089677, -0.000658, -0.003842, -0.002834, 0.126149, 0.001293, 0.000954, -0.009168, -0.029679, -0.03259, -0.12863, -0.072905, 0.001029, 0.033184, -0.147216, 0.000777, -0.000934, 0.004145, 0.125782, -0.000417, 0.00185, 0.029115, 0.013828, -0.003745, -0.026041, -2.2e-05, -0.00339, -0.002246, -0.03771, -0.047005, -0.000186, -0.040983, 0.041456, 0.0, -1.8e-05, 0.0, 0.0, 0.0, -0.0, -0.0002, -0.0, -0.0, -0.0, 0.0, -1.8e-05, 0.0, 0.0, 0.0, -3e-06, -0.00239, 0.0, -1e-06, 0.0, -0.0, -8.7e-05, 0.0, 0.0, 0.0, -0.0, -8.5e-05, 0.0, 0.0, 0.0, -0.015026, -0.022297, -0.020773, 0.014721, 0.00556, -0.029319, -0.044718, -0.001027, 0.019088, 0.040185, -0.014369, -0.021385, 0.020602, 0.013527, 0.005459, -0.019031, -0.030149, 0.01799, -0.003339, -0.023978, -0.027707, -0.041971, 0.010703, 0.026299, -0.031403, -0.010511, -0.015736, -0.019407, 0.000902, -0.007804], [0.0, 0.0, 0.0, -4e-06, 0.0, 0.0, -0.003515, 1e-06, 0.0, -0.0, -2.6e-05, -0.0, 0.0, 0.0, 0.0, 0.0, 0.0, 0.0, -0.0, 0.0, 0.0, 0.0, 0.0, 0.0, 1.0, 0.0, 0.0, 0.0, -0.0, -1.5e-05, -5.6e-05, -0.005685, -3e-05, -6e-06, -0.063842, -0.000129, -2.9e-05, 5e-05, -0.022932, -0.004491, -5.8e-05, -2.4e-05, 0.000181, 0.000469, 0.000227, -0.264821, 0.000665, -0.00029, -0.221738, 9.1e-05, -9.8e-05, -0.000887, -0.378435, 0.169752, 0.00026, -0.000387, 0.0, 0.0, 0.0, -0.0, 0.0, 0.0, -4.9e-05, 1e-06, 0.0, -0.0, -0.0, -0.0, 0.0, 0.0, -0.0, -0.0, -1e-06, -0.0, -0.0, 0.0, -0.000334, -4e-06, 1e-06, 0.0, -0.0, 0.0, -0.0, 0.0, -0.000165, -0.000646, -0.000365, 0.156326, 0.000711, 0.000782, 0.172537, 9.4e-05, 0.000353, 0.001293, -0.203435, -0.22991, 0.000239, -0.000964, 5.3e-05, 0.000208, 0.000118, 0.042375, 0.000316, 0.000413, 0.047052, 0.000412, 0.000188, -0.000417, 0.084029, 0.102686, -0.000674, 0.000777, 4.2e-05, 0.000293, -0.000792, 4e-05, 2.9e-05, 0.000164, 0.000204, -0.018684, 0.000178, -0.000228, 0.0, -1e-05, 0.0, 0.0, 0.0, 0.0, 1e-06, -0.0, 0.0, 0.0, 0.0, 1e-05, 0.0, 0.0, 0.0, -0.0, -2.1e-05, -0.0, -0.0, 0.0, 0.0, 5.3e-05, 0.0, 0.0, 0.0, -0.0, -5.2e-05, 0.0, 0.0, 0.0, -0.036831, -0.054651, -0.01211, 0.051434, 0.02241, -0.000588, -0.000896, 0.007837, 0.000227, 0.000996, 0.036935, 0.054967, -0.013028, -0.050701, -0.023695, -0.00412, -0.006526, 0.000282, 0.004562, -0.007185, 0.009481, 0.014362, 0.009178, -0.008626, 0.013523, -0.00492, -0.007366, -0.002392, -0.007877, -0.008155], [0.0, 0.0, 0.0, -0.0, 0.0, -0.0, -4e-05, 0.0, -0.0, -0.0, -0.0, 1e-06, 0.0, -0.0, 0.0, 0.0, 0.0, -0.0, 0.0, -0.0, 0.0, 0.0, 0.0, 0.0, 0.0, 1.0, 0.0, 0.0, -0.0, -3e-06, -1e-05, -0.00102, -6e-06, 2e-06, -0.011457, -2.9e-05, 2.6e-05, 9e-06, -0.004491, 0.001288, -