{"coordinates": [[[8.444, 9.338, 9.635], [8.452, 10.679, 9.635], [9.32, 8.452, 10.364], [9.33, 11.555, 10.364], [10.66, 8.444, 10.364], [10.679, 11.547, 10.364], [11.547, 9.32, 9.635], [11.555, 10.66, 9.635], [7.65269999999999, 8.835, 9.083], [7.666, 11.192, 9.083], [8.807, 7.666, 10.916], [8.835, 12.347, 10.916], [11.164, 7.652, 10.916], [11.192, 12.333, 10.916], [12.333, 8.807, 9.083], [12.347, 11.164, 9.083]]], "HF": [-309.59103919448], "elements": [["C", "C", "C", "C", "C", "C", "C", "C", "H", "H", "H", "H", "H", "H", "H", "H"]], "S": [[[1.0, -0.2157, 0.19014, -0.0, -0.0, -0.0, 0.0, 0.0, 0.0, -0.0, 0.0, 0.0, -0.0, 0.0, 0.000644, 0.024108, 0.071766, -4e-06, -0.000291, -0.048807, -1e-05, -0.000814, -0.136393, -0.058005, 0.0, 1.5e-05, -0.100461, 0.001199, 0.000402, 0.015418, 0.06141, -0.016419, -0.019732, 0.019968, -0.063909, -0.076803, 0.077723, -0.009686, 0.043674, -0.044197, -0.000633, -0.053114, 1e-06, 6.4e-05, 0.006532, -4.2e-05, -5.2e-05, -0.000129, -0.007485, -0.009186, -0.022758, -0.000164, 7.9e-05, 0.000197, -0.000251, 0.000242, 1e-06, 6.4e-05, 0.006533, -4.2e-05, -0.000129, 5.2e-05, -0.007488, -0.022762, 0.009187, -0.000164, 0.000197, -8e-05, 0.000251, -0.000242, 0.0, 1e-06, 0.000712, -1e-06, -2e-06, -2e-06, -0.000892, -0.002735, -0.002703, -4e-06, 2e-06, 2e-06, 0.0, 7e-06, 0.0, 2e-06, 0.001074, 0.0, -5e-06, 0.0, 0.0, -0.005635, 3.4e-05, -8e-06, -0.0, 0.0, 1.4e-05, -0.0, 0.0, 0.0, 0.000415, -0.0, -1e-06, -0.0, -0.0, -0.002265, -0.000962, -2e-06, 0.0, 0.0, 2e-06, 2e-06, 0.05728, 0.096292, 0.05353, 0.076798, 0.048844, 0.000861, 0.025691, 0.00015, 0.000211, -0.000504, 0.000655, 0.023404, -0.000254, -7.2e-05, 0.000332, 1e-06, 0.001723, -0.0, -0.0, -0.0, 0.0, 0.00112, -0.0, -0.0, 0.0, 0.0, 8.5e-05, -0.0, -0.0, -0.0, 0.0, 0.000231, 0.0, -0.0, 0.0, 0.0, 6.3e-05, 0.0, -0.0, -0.0], [-0.2157, 1.0, 0.718332, 0.0, 0.0, 0.0, -0.0, -0.0, -0.0, 0.0, 0.0, 0.0, -0.0, -0.0, 0.024108, 0.191591, 0.338968, -2e-05, -0.001594, -0.267072, -3.8e-05, -0.003008, -0.50413, -0.147506, 0.0, 3.8e-05, -0.255469, 0.003049, 0.015418, 0.151131, 0.30033, -0.111637, -0.134161, 0.135769, -0.244293, -0.29358, 0.297098, -0.032307, 0.145675, -0.147421, -0.00211, -0.177164, 6.4e-05, 0.003538, 0.051441, -0.002169, -0.002662, -0.006594, -0.045331, -0.055634, -0.137834, -0.006913, 0.003358, 0.00832, -0.010589, 0.010211, 6.4e-05, 0.003539, 0.051451, -0.00217, -0.006597, 0.002662, -0.045346, -0.137855, 0.055638, -0.006915, 0.008325, -0.00336, 0.010593, -0.010214, 1e-06, 7.4e-05, 0.008633, -4.1e-05, -0.000126, -0.000125, -0.008218, -0.025194, -0.024895, -0.000247, 0.000158, 0.000156, 6e-06, 0.00048, 2e-06, 0.000152, 0.012053, -0.0, -0.000366, 2e-06, -0.0, -0.048146, 0.000287, -0.000567, -0.0, 0.0, 0.000981, -1.2e-05, 0.0, 2.9e-05, 0.005558, -0.0, -6.6e-05, -2.8e-05, -1e-06, -0.022999, -0.009772, -0.000121, 0.0, 0.0, 0.000145, 0.00015, 0.315266, 0.432169, 0.181898, 0.260961, 0.165973, 0.021263, 0.145948, 0.00711, 0.010021, -0.023895, 0.017567, 0.135131, -0.012975, -0.003679, 0.016936, 8.2e-05, 0.015363, -1.4e-05, -4e-06, -3.4e-05, 3.3e-05, 0.010693, -5e-06, -1e-05, 6e-06, 0.0, 0.001195, -0.0, -0.0, -0.0, 1e-06, 0.002814, 0.0, -0.0, 0.0, 0.0, 0.000931, 0.0, -0.0, -0.0], [0.19014, 0.718332, 1.0, -0.0, -0.0, 0.0, 0.0, -0.0, 0.0, 0.0, 0.0, 0.0, -0.0, 0.0, 0.071766, 0.338968, 0.599148, -1.9e-05, -0.001481, -0.248189, -4.6e-05, -0.003663, -0.613871, -0.071131, 0.0, 1.8e-05, -0.123194, 0.00147, 0.06141, 0.30033, 0.551937, -0.118574, -0.142497, 0.144205, -0.308171, -0.370347, 0.374785, -0.017101, 0.077109, -0.078033, -0.001117, -0.093777, 0.006532, 0.051441, 0.168607, -0.018357, -0.022529, -0.055817, -0.097017, -0.119066, -0.29499, -0.025788, 0.012528, 0.031038, -0.039499, 0.038092, 0.006533, 0.051451, 0.16863, -0.018364, -0.055826, 0.022532, -0.097043, -0.295016, 0.119068, -0.025788, 0.031047, -0.012531, 0.039505, -0.038094, 0.000712, 0.008633, 0.05151, -0.002868, -0.008792, -0.008687, -0.030549, -0.093649, -0.092539, -0.007773, 0.00498, 0.004921, 0.00018, 0.015086, 0.001074, 0.012053, 0.064246, -0.0, -0.017242, 0.000103, 0.0, -0.161262, 0.000961, -0.011966, -0.0, 0.0, 0.020724, -0.000247, 0.000415, 0.005558, 0.038495, -0.0, -0.007765, -0.003299, -3e-06, -0.098142, -0.0417, -0.006418, 1e-06, 0.0, 0.007717, 0.008002, 0.459949, 0.736453, 0.123942, 0.177815, 0.113092, 0.11833, 0.337457, 0.028292, 0.039873, -0.095076, 0.107542, 0.319347, -0.059185, -0.016782, 0.077256, 0.007441, 0.067817, -0.003152, -0.000963, -0.007402, 0.004787, 0.052444, -0.001938, -0.004115, 0.002551, 0.000338, 0.011137, -0.000103, -0.000221, -0.000241, 0.00095, 0.020389, 0.00014, -0.000984, 0.000134, 0.000251, 0.009342, 3.2e-05, -0.000225, -0.000105], [-0.0, 0.0, -0.0, 1.0, 0.0, 0.0, 0.530759, 0.0, 0.0, 0.0, -0.0, -0.0, -0.0, 0.0, 4e-06, 2e-05, 1.9e-05, 0.119483, -0.0, -3.4e-05, 0.243936, -0.0, -2.8e-05, -4.7e-05, -0.001681, -0.281764, -4e-05, 0.0, 0.016419, 0.111637, 0.118574, -0.0106, -0.118541, 0.119962, 0.116526, -0.118831, 0.120255, -0.16434, 0.014699, -0.014875, -0.002186, -0.183524, 4.2e-05, 0.002169, 0.018357, -6e-05, -0.001713, -0.004244, 0.019493, -0.020119, -0.049846, -0.006606, 0.0001, 0.000248, -0.007044, 0.006793, 4.2e-05, 0.00217, 0.018364, -6e-05, -0.004247, 0.001714, 0.019492, -0.049861, 0.020124, -0.006609, 0.00025, -0.000101, 0.007048, -0.006796, 1e-06, 4.1e-05, 0.002868, -1e-06, -7.3e-05, -7.2e-05, 0.003282, -0.008408, -0.008309, -0.00018, 4e-06, 4e-06, 3e-06, 0.000284, 0.0, -0.0, -0.0, 4.9e-05, -0.0, 0.0, 0.008397, 0.0, -0.0, -0.0, -0.000267, 2e-06, 0.0, -0.0, 0.0, 0.0, 0.0, 8e-06, -0.0, -0.0, 0.00389, -1e-06, -0.0, -0.0, -4.6e-05, -2e-05, 0.0, 0.0, -0.200282, -0.10605, 0.059815, -0.234265, -0.148994, -0.010035, -0.033859, 0.001889, -0.005713, 0.013622, 0.019053, 0.072538, -0.012372, -0.00482, 0.02219, 7.5e-05, 0.007573, -1.1e-05, -5e-06, -3.6e-05, 3e-05, 0.00521, -4e-06, -1e-05, 6e-06, 0.0, 0.000548, -0.0, -0.0, -0.0, -0.0, -0.000568, 0.0, 0.0, -0.0, -0.0, -0.000183, 0.0, 0.0, 0.0], [-0.0, 0.0, -0.0, 0.0, 1.0, 0.0, 0.0, 0.530759, 0.0, 0.0, 0.0, 0.0, -0.0, -0.0, 0.000291, 0.001594, 0.001481, -0.0, 0.119467, -0.002735, -0.0, 0.243922, -0.00226, -0.000865, -2.1e-05, 0.0, -0.004861, -0.281726, 0.019732, 0.134161, 0.142497, -0.118541, -0.054417, 0.144165, -0.118831, 0.072601, 0.144517, 0.038419, 0.068012, -0.183524, -0.138833, -0.082713, 5.2e-05, 0.002662, 0.022529, -0.001713, -0.000767, -0.005209, -0.020119, 0.011194, -0.061174, -0.004412, 0.001003, 0.006793, -0.010778, 0.00305, 0.000129, 0.006597, 0.055826, -0.004247, -0.011574, 0.005211, -0.049861, -0.115686, 0.061177, -0.010932, 0.015098, -0.006796, 0.016136, -0.018525, 2e-06, 0.000126, 0.008792, -7.3e-05, -0.0002, -0.00022, -0.008408, -0.019752, -0.025471, -0.000397, 0.000258, 0.000284, -8e-05, 0.000782, 5e-06, 0.000366, 0.017242, 0.0, -0.000867, 5e-06, -0.0, -0.060897, 0.000413, -0.0013, -0.0, 0.0, 0.002252, -2.8e-05, 1e-06, 6.6e-05, 0.007765, -0.0, -0.000151, -6.8e-05, -1e-06, -0.028336, -0.013693, -0.000271, 0.0, 0.0, 0.000312, 0.000352, -0.287336, -0.152146, -0.234265, -0.112984, -0.213755, -0.014143, -0.047719, -0.005713, -0.002109, 0.019198, 0.005402, 0.020568, -0.00482, 0.00326, 0.006292, 2.3e-05, 0.002313, -5e-06, 3e-06, -1.1e-05, 6.4e-05, 0.011065, -1e-05, -2.1e-05, 1.4e-05, 0.0, 0.001177, -0.0, -0.0, -0.0, 3e-06, 0.004006, 0.0, -1e-06, 0.0, 0.0, 0.001295, 0.0, -0.0, -0.0], [-0.0, 0.0, 0.0, 0.0, 0.0, 1.0, 0.0, 0.0, 0.530759, 0.0, 0.0, 0.0, 0.0, -0.0, 0.048807, 0.267072, 0.248189, -3.4e-05, -0.002735, -0.338923, -2.8e-05, -0.00226, -0.134844, -0.144987, 0.0, 5.8e-05, -0.251087, 0.004678, -0.019968, -0.135769, -0.144205, 0.119962, 0.144165, -0.057852, 0.120255, 0.144517, 0.069158, -0.03888, -0.183524, 0.072384, -0.135179, 0.086988, 0.000129, 0.006594, 0.055817, -0.004244, -0.005209, -0.01157, -0.049846, -0.061174, -0.115676, -0.01093, 0.006793, 0.01509, -0.01613, 0.01852, -5.2e-05, -0.002662, -0.022532, 0.001714, 0.005211, -0.000766, 0.020124, 0.061177, 0.011202, 0.004412, -0.006796, 0.001003, -0.010782, 0.003049, 2e-06, 0.000125, 0.008687, -7.2e-05, -0.00022, -0.000195, -0.008309, -0.025471, -0.019144, -0.000392, 0.000284, 0.000251, 9.9e-05, 0.00077, -0.0, -2e-06, -0.000103, -0.0, 5e-06, 4.9e-05, 0.0, 0.000413, 0.008394, 8e-06, 0.0, 0.0, -1.7e-05, -0.000267, 0.0, 2.8e-05, 0.003299, -0.0, -6.8e-05, -2e-05, -0.0, -0.013693, -0.001928, -0.000115, 0.0, 0.0, 0.000172, 0.000112, -0.182748, -0.096766, -0.148994, -0.213755, 0.087155, 0.033725, 0.113786, 0.013622, 0.019198, -0.039836, -0.02487, -0.094686, 0.02219, 0.006292, -0.024338, 0.000176, 0.017788, -3.6e-05, -1.1e-05, -8.1e-05, -4e-05, -0.006858, 6e-06, 1.4e-05, -7e-06, 0.0, 0.001282, -0.0, -0.0, -0.0, -0.0, -0.000547, -0.0, 0.0, 0.0, 0.0, 0.000606, 0.0, -0.0, -0.0], [0.0, -0.0, 0.0, 0.530759, 0.0, 0.0, 1.0, 0.0, 0.0, 0.0, 0.0, 0.0, 0.0, 0.0, 1e-05, 3.8e-05, 4.6e-05, 0.243936, -0.0, -2.8e-05, 0.614534, -0.0, -4.5e-05, -2.8e-05, -0.00139, -0.232904, -1.3e-05, 0.0, 0.063909, 0.244293, 0.308171, 0.116526, -0.118831, 0.120255, 0.404725, -0.196716, 0.199073, -0.142902, -0.073886, 0.074772, -0.000881, -0.073948, 0.007485, 0.045331, 0.097017, 0.019493, -0.020119, -0.049846, 0.131111, -0.065079, -0.161236, -0.043949, -0.012891, -0.031939, -0.03345, 0.032258, 0.007488, 0.045346, 0.097043, 0.019492, -0.049861, 0.020124, 0.131113, -0.161271, 0.065089, -0.04396, -0.031937, 0.01289, 0.033459, -0.032264, 0.000892, 0.008218, 0.030549, 0.003282, -0.008408, -0.008309, 0.042472, -0.052679, -0.052055, -0.010848, -0.005502, -0.005436, 0.000164, 0.013722, 0.0, -0.0, 0.0, 0.008397, 0.0, -0.0, 0.073597, 0.0, 0.0, 0.0, -0.019358, 0.000115, 0.0, 0.0, 0.0, 1e-06, 3e-06, 0.00389, -1e-06, -0.0, 0.04523, -8e-06, -3e-06, -1e-06, -0.009048, -0.003844, 1e-06, 1e-06, -0.285859, -0.269562, 0.212438, -0.114358, -0.072732, -0.076892, -0.125641, 0.051532, -0.027237, 0.064947, 0.162792, 0.276436, -0.030178, -0.026735, 0.123074, 0.012321, 0.060741, -0.001811, -0.001729, -0.013297, 0.008049, 0.047246, -0.001137, -0.007542, 0.004674, 0.000624, 0.010381, -6.8e-05, -0.000458, -0.000498, -0.000728, -0.008079, 0.000316, 0.000836, -0.000114, -0.000201, -0.003765, 7.7e-05, 0.000203, 9.5e-05], [0.0, -0.0, -0.0, 0.0, 0.530759, 0.0, 0.0, 1.0, 0.0, -0.0, 0.0, 0.0, 0.0, 0.0, 0.000814, 0.003008, 0.003663, -0.0, 0.243922, -0.00226, -0.0, 0.614513, -0.003571, 0.00019, -1.7e-05, 0.0, -0.00245, -0.232892, 0.076803, 0.29358, 0.370347, -0.118831, 0.072601, 0.144517, -0.196716, 0.332011, 0.239237, 0.061558, -0.039006, -0.073948, -0.135749, 0.047437, 0.009186, 0.055634, 0.119066, -0.020119, 0.011194, -0.061174, -0.065079, 0.104269, -0.197879, -0.013234, -0.006129, 0.032258, -0.064552, -0.018634, 0.022762, 0.137855, 0.295016, -0.049861, -0.115686, 0.061177, -0.161271, -0.306109, 0.197873, -0.032779, 0.060785, -0.032264, 0.043485, -0.07458, 0.002735, 0.025194, 0.093649, -0.008408, -0.019752, -0.025471, -0.052679, -0.101835, -0.159576, -0.015881, 0.010614, 0.013722, -0.00953, 0.032153, 0.005635, 0.048146, 0.161262, -0.0, -0.060897, 0.000413, 0.0, -0.31044, 0.002289, -0.034536, 0.0, 0.0, 0.059813, -0.000828, 0.002265, 0.022999, 0.098142, -1e-06, -0.028336, -0.013693, -8e-06, -0.192005, -0.1008, -0.020128, 2e-06, 1e-06, 0.021433, 0.027764, -0.41011, -0.386728, -0.114358, 0.128085, -0.104346, -0.108368, -0.177072, -0.027237, 0.032471, 0.091534, 0.04616, 0.078384, -0.026735, 0.056527, 0.034898, 0.003763, 0.018552, -0.001729, 0.003322, -0.004061, 0.017094, 0.100335, -0.007542, -0.013602, 0.009927, 0.001338, 0.022275, -0.000458, -0.000837, -0.001069, 0.005129, 0.056939, 0.000836, -0.005456, 0.000805, 0.001423, 0.026639, 0.000203, -0.001334, -0.000673], [0.0, -0.0, 0.0, 0.0, 0.0, 0.530759, 0.0, 0.0, 1.0, -0.0, 0.0, 0.0, -0.0, 0.0, 0.136393, 0.50413, 0.613871, -2.8e-05, -0.00226, -0.134844, -4.5e-05, -0.003571, 0.016133, 0.031834, 0.0, 9e-06, 0.05515, 0.000732, -0.077723, -0.297098, -0.374785, 0.120255, 0.144517, 0.069158, 0.199073, 0.239237, 0.326311, -0.062296, -0.073948, -0.037244, -0.135234, -0.044758, 0.022758, 0.137834, 0.29499, -0.049846, -0.061174, -0.115676, -0.161236, -0.197879, -0.306114, -0.032787, 0.032258, 0.060771, -0.043484, 0.074582, -0.009187, -0.055638, -0.119068, 0.020124, 0.061177, 0.011202, 0.065089, 0.197873, 0.1043, 0.01323, -0.032264, -0.006134, -0.064555, -0.018646, 0.002703, 0.024895, 0.092539, -0.008309, -0.025471, -0.019144, -0.052055, -0.159576, -0.098029, -0.015693, 0.013722, 0.010287, 0.010408, 0.031535, -3.4e-05, -0.000287, -0.000961, 0.0, 0.000413, 0.008394, 0.0, 0.002289, 0.073583, 0.000206, 0.0, 0.0, -0.000587, -0.019352, 0.000962, 0.009772, 0.0417, -0.0, -0.013693, -0.001928, -3e-06, -0.1008, 0.002401, -0.008552, 1e-06, 0.0, 0.016795, 0.004383, -0.260833, -0.245962, -0.072732, -0.104346, 0.225784, 0.258403, 0.422227, 0.064947, 0.091534, -0.147403, -0.212497, -0.360841, 0.123074, 0.034898, -0.096545, 0.02894, 0.142667, -0.013297, -0.004061, -0.027381, -0.010595, -0.062188, 0.004674, 0.009927, -0.003738, 0.001458, 0.024267, -0.000498, -0.001069, -0.00102, -0.000701, -0.007782, -0.000114, 0.000805, 0.000324, 0.000665, 0.01246, 9.5e-05, -0.000673, -0.000209], [-0.0, 0.0, 0.0, 0.0, 0.0, 0.0, 0.0, -0.0, -0.0, 1.0, 0.0, 0.0, 0.0, 0.0, -0.058005, -0.147506, -0.071131, 4.7e-05, 0.000865, 0.144987, 2.8e-05, -0.00019, -0.031834, 0.147503, -0.0, -7.2e-05, -0.040941, 0.000489, -0.009686, -0.032307, -0.017101, 0.16434, -0.038419, 0.03888, 0.142902, -0.061558, 0.062296, -0.171807, -0.138469, 0.140129, -0.002055, -0.172496, -0.000164, -0.006913, -0.025788, 0.006606, 0.004412, 0.01093, 0.043949, 0.013234, 0.032787, 0.006117, -0.008924, -0.022111, 0.012979, -0.012517, -0.000164, -0.006915, -0.025788, 0.006609, 0.010932, -0.004412, 0.04396, 0.032779, -0.01323, 0.006114, -0.02212, 0.008927, -0.01298, 0.012516, -4e-06, -0.000247, -0.007773, 0.00018, 0.000397, 0.000392, 0.010848, 0.015881, 0.015693, 0.000659, -0.000649, -0.000642, -1.6e-05, -0.001356, -8e-06, -0.000567, -0.011966, -0.0, 0.0013, -8e-06, 0.0, 0.034536, -0.000206, 0.001911, 0.0, -0.0, -0.003175, 3.8e-05, -2e-06, -0.000121, -0.006418, 0.0, 0.000271, 0.000115, 1e-06, 0.020128, 0.008552, 0.000474, -0.0, -0.0, -0.000554, -0.000574, -0.046324, -0.008994, -0.303952, 0.131932, 0.083909, -0.02875, -0.036886, -0.022482, -0.015401, 0.036725, 0.002424, 0.003512, 0.011176, -0.002757, 0.012692, -0.000159, -0.006272, 5.4e-05, 1.1e-05, 8.2e-05, -7.5e-05, -0.005087, 1.9e-05, 2.8e-05, -1.7e-05, -1e-06, -0.001032, 0.0, 0.0, 0.0, -6e-06, -0.002763, -0.0, 1e-06, -0.0, -0.0, -0.001086, -0.0, 0.0, 0.0], [0.0, 0.0, 0.0, -0.0, 0.0, 0.0, 0.0, 0.0, 0.0, 0.0, 1.0, 0.0, 0.0, 0.0, 0.0, 0.0, 0.0, 0.001681, 2.1e-05, -0.0, 0.00139, 1.7e-05, -0.0, -0.0, 0.17112, -0.003605, -1e-06, -4.5e-05, 0.043674, 0.145675, 0.077109, -0.014699, -0.068012, 0.183524, 0.073886, 0.039006, 0.073948, -0.138469, 0.002888, -0.008676, -0.164777, -0.083178, 7.9e-05, 0.003358, 0.012528, -0.0001, -0.001003, -0.006793, 0.012891, 0.006129, -0.032258, -0.008924, 5.5e-05, 0.000372, -0.013991, 0.003938, 0.000197, 0.008325, 0.031047, -0.00025, -0.015098, 0.006796, 0.031937, -0.060785, 0.032264, -0.02212, 0.000832, -0.000375, 0.020918, -0.024028, 2e-06, 0.000158, 0.00498, -4e-06, -0.000258, -0.000284, 0.005502, -0.010614, -0.013722, -0.000649, 1.4e-05, 1.6e-05, -0.000103, 0.001015, 0.0, 0.0, 0.0, 0.000267, -0.0, 0.0, 0.019358, 0.0, 0.0, -0.0, -0.001396, 9e-06, 0.0, -0.0, 0.0, 0.0, 1e-06, 4.6e-05, -0.0, -0.0, 0.009048, -2e-06, -1e-06, -0.0, -0.00024, -0.000108, 0.0, 0.0, 0.258439, 0.050176, -0.104717, 0.091659, 0.203674, 0.012444, 0.015965, -0.003004, 0.002345, -0.021497, 0.011038, 0.015994, -0.009132, 0.008507, 0.016386, 4.7e-05, 0.001838, -9e-06, 7e-06, -2.8e-05, 0.00013, 0.008821, -1.9e-05, -5.3e-05, 3.5e-05, 1e-06, 0.000951, -0.0, -0.0, -0.0, -3e-06, -0.001388, 0.0, 1e-06, -0.0, -0.0, -0.000451, 0.0, 0.0, 0.0], [0.0, 0.0, 0.0, -0.0, 0.0, 0.0, 0.0, 0.0, 0.0, 0.0, 0.0, 1.0, 0.0, 0.0, 1.5e-05, 3.8e-05, 1.8e-05, 0.281764, -0.0, -5.8e-05, 0.232904, -0.0, -9e-06, -7.2e-05, -0.003605, -0.433057, -3.4e-05, 1e-06, -0.044197, -0.147421, -0.078033, 0.014875, 0.183524, -0.072384, -0.074772, 0.073948, 0.037244, 0.140129, -0.008676, 0.003094, -0.160797, 0.088077, 0.000197, 0.00832, 0.031038, -0.000248, -0.006793, -0.01509, 0.031939, -0.032258, -0.060771, -0.022111, 0.000372, 0.000826, -0.020908, 0.024019, -8e-05, -0.00336, -0.012531, 0.000101, 0.006796, -0.001003, -0.01289, 0.032264, 0.006134, 0.008927, -0.000375, 5.5e-05, -0.013997, 0.003938, 2e-06, 0.000156, 0.004921, -4e-06, -0.000284, -0.000251, 0.005436, -0.013722, -0.010287, -0.000642, 1.6e-05, 1.4e-05, 0.000128, 0.001, -0.0, -0.0, -0.0, -2e-06, 0.0, 0.0, -0.000115, 0.0, 0.0, 0.0, 9e-06, 7.8e-05, -0.0, -0.0, 0.0, 0.0, 0.0, 2e-05, -0.0, -0.0, 0.003844, -1e-06, -0.0, -0.0, -0.000108, -3.2e-05, 0.0, 0.0, 0.164369, 0.031912, -0.066601, 0.203674, -0.099042, -0.029672, -0.038069, 0.007164, -0.021497, 0.044589, -0.050815, -0.073631, 0.04204, 0.016386, -0.063369, 0.000358, 0.014137, -6.8e-05, -2.8e-05, -0.000208, -8e-05, -0.005467, 1.2e-05, 3.5e-05, -1.8e-05, 1e-06, 0.001036, -0.0, -0.0, -0.0, 0.0, 0.00019, -0.0, -0.0, -0.0, -0.0, -0.000211, 0.0, 0.0, 0.0], [-0.0, -0.0, -0.0, -0.0, -0.0, 0.0, 0.0, 0.0, -0.0, 0.0, 0.0, 0.0, 1.0, 0.0, -0.100461, -0.255469, -0.123194, 4e-05, 0.004861, 0.251087, 1.3e-05, 0.00245, -0.05515, -0.040941, -1e-06, -3.4e-05, 0.100149, -0.006364, -0.000633, -0.00211, -0.001117, 0.002186, 0.138833, 0.135179, 0.000881, 0.135749, 0.135234, -0.002055, -0.164777, -0.160797, -0.264639, 0.003578, -0.000251, -0.010589, -0.039499, 0.007044, 0.010778, 0.01613, 0.03345, 0.064552, 0.043484, 0.012979, -0.013991, -0.020908, 0.013208, -0.0341, 0.000251, 0.010593, 0.039505, -0.007048, -0.016136, 0.010782, -0.033459, -0.043485, 0.064555, -0.01298, 0.020918, -0.013997, 0.013213, -0.034108, 0.0, 6e-06, 0.00018, -3e-06, 8e-05, -9.9e-05, -0.000164, 0.00953, -0.010408, -1.6e-05, -0.000103, 0.000128, -0.000669, 4.1e-05, 1.4e-05, 0.000981, 0.020724, 0.0, -0.002252, 1.7e-05, 0.0, -0.059813, 0.000587, -0.003175, -0.0, 0.0, 0.005576, -8.3e-05, 2e-06, 0.000145, 0.007717, -0.0, -0.000312, -0.000172, -1e-06, -0.021433, -0.016795, -0.000554, 0.0, 0.0, 0.000524, 0.00084, 0.110396, 0.021433, 0.09535, -0.191139, 0.295571, -0.041088, -0.052716, -0.021122, -0.039169, 0.048565, -0.0316, -0.045789, 0.035938, 0.013612, -0.031161, -0.000414, -0.016321, 0.000108, 3.6e-05, 0.000227, 8.5e-05, 0.005768, -1.7e-05, -2.9e-05, 2.7e-05, -0.0, -0.000191, 0.0, 0.0, 0.0, 1e-05, 0.0048, 0.0, -2e-06, 0.0, 0.0, 0.001247, 0.0, -0.0, -0.0], [0.0, -0.0, 0.0, 0.0, -0.0, -0.0, 0.0, 0.0, 0.0, 0.0, 0.0, 0.0, 0.0, 1.0, 0.001199, 0.003049, 0.00147, -0.0, 0.281726, -0.004678, -0.0, 0.232892, -0.000732, 0.000489, -4.5e-05, 1e-06, -0.006364, -0.433003, -0.053114, -0.177164, -0.093777, 0.183524, 0.082713, -0.086988, 0.073948, -0.047437, 0.044758, -0.172496, -0.083178, 0.088077, 0.003578, 0.035651, 0.000242, 0.010211, 0.038092, -0.006793, -0.00305, -0.01852, -0.032258, 0.018634, -0.074582, -0.012517, 0.003938, 0.024019, -0.0341, 0.010733, -0.000242, -0.010214, -0.038094, 0.006796, 0.018525, -0.003049, 0.032264, 0.07458, 0.018646, 0.012516, -0.024028, 0.003938, -0.034108, 0.01073, 7e-06, 0.00048, 0.015086, -0.000284, -0.000782, -0.00077, -0.013722, -0.032153, -0.031535, -0.001356, 0.001015, 0.001, 4.1e-05, 0.002754, -0.0, -1.2e-05, -0.000247, -0.0, 2.8e-05, 0.000267, 0.0, 0.000828, 0.019352, 3.8e-05, 0.0, 0.0, -8.3e-05, -0.001395, 2e-06, 0.00015, 0.008002, -0.0, -0.000352, -0.000112, -1e-06, -0.027764, -0.004383, -0.000574, 0.0, 0.0, 0.00084, 0.000585, 0.235813, 0.045783, 0.203674, 0.083634, -0.142091, -0.041818, -0.053652, -0.021497, -0.00788, 0.062841, -0.014409, -0.020878, 0.016386, -0.011104, -0.017968, 0.000109, 0.004318, -2.8e-05, 1.7e-05, -6.4e-05, -0.000171, -0.01161, 3.5e-05, 6.9e-05, -3.8e-05, 1e-06, 0.002223, -0.0, -0.0, -0.0, -3e-06, -0.001337, -0.0, 1e-06, 0.0, 1e-06, 0.001493, 0.0, -0.0, -0.0], [0.000644, 0.024108, 0.071766, 4e-06, 0.000291, 0.048807, 1e-05, 0.000814, 0.136393, -0.058005, 0.0, 1.5e-05, -0.100461, 0.001199, 1.0, -0.2157, 0.19014, 0.0, 0.0, -0.0, -0.0, 0.0, 0.0, -0.0, 0.0, 0.0, -0.0, 0.0, 1e-06, 6.4e-05, 0.006533, -4.2e-05, -5.1e-05, 0.00013, -0.007485, -0.008914, 0.02287, -0.000164, 7.7e-05, -0.000198, -0.000256, -0.000236, 0.000402, 0.015417, 0.061409, -0.016416, -0.019969, -0.01973, -0.063899, -0.077731, -0.076802, -0.009694, 0.044193, 0.043665, 0.000639, 0.053117, 0.0, 1e-06, 0.000713, -1e-06, -2e-06, 2e-06, -0.000892, -0.002703, 0.002736, -4e-06, 2e-06, -2e-06, -0.0, -7e-06, 1e-06, 6.4e-05, 0.006533, -4.2e-05, -0.00013, -5.1e-05, -0.007486, -0.022868, -0.008914, -0.000164, 0.000198, 7.7e-05, 0.000256, 0.000236, 0.0, 0.0, 0.000415, 0.0, -1e-06, 0.0, 0.0, -0.002253, 0.000989, -2e-06, -0.0, 0.0, 2e-06, -2e-06, 0.0, 2e-06, 0.001074, 0.0, -5e-06, 0.0, -0.0, -0.005635, 3.4e-05, -8e-06, -0.0, 0.0, 1.4e-05, -0.0, 0.000861, 0.025695, 0.00015, 0.000218, 0.000502, 0.057269, 0.096287, 0.053514, 0.076183, -0.04976, 1e-06, 0.001723, -0.0, -0.0, 0.0, 0.000655, 0.023407, -0.000254, -7.6e-05, -0.000331, 0.0, 8.5e-05, -0.0, -0.0, 0.0, 0.0, 0.00112, -0.0, -0.0, -0.0, 0.0, 6.3e-05, 0.0, -0.0, 0.0, 0.0, 0.000231, 0.0, -0.0, -0.0], [0.024108, 0.191591, 0.338968, 2e-05, 0.001594, 0.267072, 3.8e-05, 0.003008, 0.50413, -0.147506, 0.0, 3.8e-05, -0.255469, 0.003049, -0.2157, 1.0, 0.718332, 0.0, -0.0, -0.0, 0.0, -0.0, -0.0, 0.0, 0.0, 0.0, -0.0, 0.0, 6.4e-05, 0.003539, 0.051449, -0.002169, -0.002583, 0.006628, -0.045332, -0.053988, 0.138509, -0.006916, 0.003259, -0.008362, -0.010833, -0.009958, 0.015417, 0.151127, 0.300326, -0.111619, -0.13578, -0.134157, -0.244256, -0.297128, -0.293577, -0.032337, 0.147414, 0.145652, 0.002131, 0.177179, 1e-06, 7.4e-05, 0.008636, -4.1e-05, -0.000125, 0.000126, -0.008219, -0.0249, 0.0252, -0.000247, 0.000157, -0.000158, -6e-06, -0.00048, 6.4e-05, 0.003538, 0.051446, -0.002169, -0.006627, -0.002583, -0.045336, -0.1385, -0.053985, -0.006914, 0.008362, 0.003259, 0.010832, 0.009957, 0.0, 2.9e-05, 0.005557, 0.0, -6.6e-05, 2.9e-05, 1e-06, -0.02288, 0.010046, -0.000121, -0.0, 0.0, 0.000141, -0.000154, 2e-06, 0.000152, 0.012053, 0.0, -0.000366, 2e-06, 0.0, -0.048145, 0.000289, -0.000567, -0.0, 0.0, 0.000981, -1.2e-05, 0.021271, 0.145969, 0.007116, 0.01031, 0.023782, 0.315229, 0.432148, 0.181877, 0.258919, -0.169119, 8.2e-05, 0.015365, -1.4e-05, -4e-06, 3.4e-05, 0.017571, 0.135144, -0.012977, -0.003883, -0.016897, 0.0, 0.001195, -0.0, -0.0, 0.0, 3.3e-05, 0.010693, -5e-06, -1e-05, -6e-06, 0.0, 0.000931, 0.0, -0.0, 0.0, 1e-06, 0.002813, 0.0, -0.0, -0.0], [0.071766, 0.338968, 0.599148, 1.9e-05, 0.001481, 0.248189, 4.6e-05, 0.003663, 0.613871, -0.071131, 0.0, 1.8e-05, -0.123194, 0.00147, 0.19014, 0.718332, 1.0, 0.0, 0.0, 0.0, 0.0, 0.0, -0.0, 0.0, 0.0, 0.0, -0.0, 0.0, 0.006533, 0.051449, 0.168625, -0.018358, -0.021863, 0.056091, -0.097014, -0.115538, 0.296418, -0.025793, 0.012156, -0.031186, -0.040404, -0.03714, 0.061409, 0.300326, 0.551932, -0.118556, -0.144219, -0.142495, -0.308126, -0.374824, -0.370344, -0.017117, 0.07803, 0.077097, 0.001128, 0.093786, 0.000713, 0.008636, 0.051519, -0.002868, -0.008689, 0.008794, -0.03055, -0.09255, 0.093664, -0.007775, 0.004922, -0.004981, -0.000181, -0.015089, 0.006533, 0.051446, 0.168618, -0.018359, -0.056087, -0.021862, -0.097023, -0.296406, -0.115534, -0.025789, 0.031188, 0.012156, 0.040402, 0.037138, 0.000415, 0.005557, 0.038494, 0.0, -0.007724, 0.003391, 3e-06, -0.097633, 0.042868, -0.006418, -1e-06, 0.0, 0.007523, -0.008184, 0.001074, 0.012053, 0.064246, 0.0, -0.017241, 0.000103, 0.0, -0.161262, 0.000966, -0.011966, 0.0, 0.0, 0.020724, -0.000248, 0.118351, 0.337492, 0.028308, 0.041015, 0.094603, 0.459922, 0.736428, 0.123934, 0.176433, -0.115241, 0.007442, 0.067823, -0.003152, -0.000874, 0.007415, 0.107554, 0.319369, -0.059183, -0.017708, -0.077062, 0.000338, 0.011138, -0.000103, -0.000219, 0.000244, 0.004787, 0.052446, -0.001938, -0.004146, -0.002501, 0.000251, 0.009343, 3.2e-05, -0.000224, 0.000108, 0.00095, 0.020385, 0.00014, -0.000985, -0.000123], [-4e-06, -2e-05, -1.9e-05, 0.119483, -0.0, -3.4e-05, 0.243936, -0.0, -2.8e-05, 4.7e-05, 0.001681, 0.281764, 4e-05, -0.0, 0.0, 0.0, 0.0, 1.0, 0.0, 0.0, 0.530759, 0.0, 0.0, 0.0, 0.0, 0.0, 0.0, 0.0, 4.2e-05, 0.002169, 0.018358, -6e-05, -0.001663, 0.004266, 0.0195, -0.019522, 0.050083, -0.006608, 9.7e-05, -0.000248, -0.007206, -0.006623, 0.016416, 0.111619, 0.118556, -0.010572, -0.119955, -0.118521, 0.116551, -0.12025, -0.118813, -0.164344, 0.014834, 0.014657, 0.002207, 0.183513, 1e-06, 4.1e-05, 0.002868, -1e-06, -7.2e-05, 7.3e-05, 0.003283, -0.008309, 0.008409, -0.00018, 4e-06, -4e-06, -3e-06, -0.000284, 4.2e-05, 0.002169, 0.018359, -6e-05, -0.004266, -0.001663, 0.019494, -0.050087, -0.019523, -0.006608, 0.00025, 9.7e-05, 0.007206, 0.006623, -0.0, -0.0, -0.0, 8e-06, 0.0, -0.0, 0.00389, 1e-06, -0.0, 0.0, -4.6e-05, 2e-05, -0.0, 0.0, 0.0, 0.0, 0.0, 4.9e-05, -0.0, 0.0, 0.008397, -0.0, 0.0, 0.0, -0.000267, 2e-06, 0.0, 0.0, -0.010043, -0.033877, 0.001887, -0.00588, -0.013563, -0.200253, -0.106045, 0.059807, -0.232419, 0.151809, 7.5e-05, 0.007574, -1.1e-05, -4e-06, 3.7e-05, 0.019055, 0.072534, -0.012371, -0.005086, -0.022135, 0.0, 0.000548, -0.0, -0.0, 0.0, 3e-05, 0.00521, -4e-06, -1e-05, -6e-06, -0.0, -0.000183, 0.0, 0.0, -0.0, -0.0, -0.000568, 0.0, 0.0, 0.0], [-0.000291, -0.001594, -0.001481, -0.0, 0.119467, -0.002735, -0.0, 0.243922, -0.00226, 0.000865, 2.1e-05, -0.0, 0.004861, 0.281726, 0.0, -0.0, 0.0, 0.0, 1.0, 0.0, 0.0, 0.530759, 0.0, 0.0, 0.0, 0.0, 0.0, 0.0, 5.1e-05, 0.002583, 0.021863, -0.001663, -0.000644, 0.00508, -0.019522, 0.012643, 0.059647, -0.004282, 0.000843, -0.006623, -0.010653, -0.002575, 0.019969, 0.13578, 0.144219, -0.119955, -0.057883, -0.144176, -0.12025, 0.069124, -0.144531, 0.038844, 0.072414, 0.183513, -0.135165, 0.087035, 2e-06, 0.000125, 0.008689, -7.2e-05, -0.000195, 0.00022, -0.008309, -0.019147, 0.025476, -0.000392, 0.000251, -0.000284, -9.9e-05, -0.000771, 0.00013, 0.006627, 0.056087, -0.004266, -0.011695, -0.005079, -0.050087, -0.117126, -0.059643, -0.010984, 0.015254, 0.006623, 0.0167, 0.018164, 1e-06, 6.6e-05, 0.007724, 0.0, -0.000149, 6.9e-05, 1e-06, -0.028003, 0.014004, -0.00027, -0.0, 0.0, 0.000301, -0.000358, 5e-06, 0.000366, 0.017241, 0.0, -0.000867, 5e-06, 0.0, -0.060897, 0.000415, -0.0013, 0.0, 0.0, 0.002252, -2.9e-05, -0.014551, -0.049084, -0.00588, -0.002574, -0.019651, -0.285081, -0.150966, -0.232419, -0.107803, 0.216115, 2.1e-05, 0.002101, -4e-06, 3e-06, 1e-05, 0.005701, 0.021703, -0.005086, 0.003106, -0.006623, 0.0, 0.001161, -0.0, -0.0, 0.0, 6.4e-05, 0.011147, -1e-05, -2.1e-05, -1.3e-05, 0.0, 0.001287, 0.0, -0.0, 0.0, 3e-06, 0.004011, 0.0, -1e-06, -0.0], [-0.048807, -0.267072, -0.248189, -3.4e-05, -0.002735, -0.338923, -2.8e-05, -0.00226, -0.134844, 0.144987, -0.0, -5.8e-05, 0.251087, -0.004678, -0.0, -0.0, 0.0, 0.0, 0.0, 1.0, 0.0, 0.0, 0.530759, 0.0, 0.0, 0.0, 0.0, 0.0, -0.00013, -0.006628, -0.056091, 0.004266, 0.00508, -0.011697, 0.050083, 0.059647, -0.117134, 0.010986, -0.006623, 0.015254, 0.016702, 0.018166, 0.01973, 0.134157, 0.142495, -0.118521, -0.144176, -0.054415, -0.118813, -0.144531, 0.0726, 0.03838, 0.183513, 0.068, 0.138854, 0.082719, -2e-06, -0.000126, -0.008794, 7.3e-05, 0.00022, -0.0002, 0.008409, 0.025476, -0.019757, 0.000397, -0.000284, 0.000258, -8e-05, 0.000782, 5.1e-05, 0.002583, 0.021862, -0.001663, -0.005079, -0.000644, -0.019523, -0.059643, 0.012642, -0.004281, 0.006623, 0.000843, 0.010651, 0.002574, -0.0, -2.9e-05, -0.003391, -0.0, 6.9e-05, -2.2e-05, -0.0, 0.014004, -0.002259, 0.000118, 0.0, -0.0, -0.000173, 0.00012, -0.0, -2e-06, -0.000103, -0.0, 5e-06, 4.9e-05, -0.0, 0.000415, 0.008394, 8e-06, 0.0, 0.0, -1.7e-05, -0.000267, -0.033563, -0.113214, -0.013563, -0.019651, -0.039382, 0.186206, 0.098606, 0.151809, 0.216115, 0.081908, -0.000176, -0.017817, 3.7e-05, 1e-05, -8.2e-05, 0.024811, 0.094447, -0.022135, -0.006623, -0.024193, -0.0, -0.001296, 0.0, 0.0, -0.0, 3.9e-05, 0.006726, -6e-06, -1.3e-05, -7e-06, -0.0, -0.000621, -0.0, 0.0, -0.0, 0.0, 0.000499, 0.0, -0.0, 0.0], [-1e-05, -3.8e-05, -4.6e-05, 0.243936, -0.0, -2.8e-05, 0.614534, -0.0, -4.5e-05, 2.8e-05, 0.00139, 0.232904, 1.3e-05, -0.0, -0.0, 0.0, 0.0, 0.530759, 0.0, 0.0, 1.0, 0.0, 0.0, 0.0, 0.0, 0.0, 0.0, 0.0, 0.007485, 0.045332, 0.097014, 0.0195, -0.019522, 0.050083, 0.131139, -0.063142, 0.161993, -0.043951, -0.012513, 0.032103, -0.034211, -0.031448, 0.063899, 0.244256, 0.308126, 0.116551, -0.12025, -0.118813, 0.404766, -0.199067, -0.196687, -0.142893, -0.074796, -0.073902, 0.000889, 0.073945, 0.000892, 0.008219, 0.03055, 0.003283, -0.008309, 0.008409, 0.042483, -0.052053, 0.05268, -0.01085, -0.005439, 0.005504, -0.000164, -0.013723, 0.007486, 0.045336, 0.097023, 0.019494, -0.050087, -0.019523, 0.131119, -0.162009, -0.063148, -0.043953, -0.032093, -0.012509, 0.034214, 0.03145, -0.0, -1e-06, -3e-06, 0.00389, 1e-06, -0.0, 0.045228, 8e-06, -3e-06, 1e-06, -0.009, 0.003952, -1e-06, 1e-06, -0.0, 0.0, 0.0, 0.008397, -0.0, 0.0, 0.073596, 0.0, 0.0, 0.0, -0.019358, 0.000116, 0.0, 0.0, -0.076934, -0.125699, 0.051528, -0.028027, -0.064647, -0.285843, -0.269553, 0.212425, -0.113469, 0.074115, 0.012323, 0.060747, -0.001812, -0.00157, 0.013318, 0.162785, 0.276412, -0.030153, -0.028206, -0.122746, 0.000624, 0.010382, -6.8e-05, -0.000452, 0.000504, 0.008048, 0.047241, -0.001136, -0.007596, -0.004584, -0.000201, -0.003767, 7.7e-05, 0.000202, -9.8e-05, -0.000727, -0.008077, 0.000316, 0.000837, 0.000104], [-0.000814, -0.003008, -0.003663, -0.0, 0.243922, -0.00226, -0.0, 0.614513, -0.003571, -0.00019, 1.7e-05, -0.0, 0.00245, 0.232892, 0.0, -0.0, 0.0, 0.0, 0.530759, 0.0, 0.0, 1.0, 0.0, -0.0, 0.0, 0.0, 0.0, 0.0, 0.008914, 0.053988, 0.115538, -0.019522, 0.012643, 0.059647, -0.063142, 0.108958, 0.192926, -0.012843, -0.006891, -0.031448, -0.063549, 0.021056, 0.077731, 0.297128, 0.374824, -0.12025, 0.069124, -0.144531, -0.199067, 0.326254, -0.239262, 0.062286, -0.037222, 0.073945, -0.135237, -0.044738, 0.002703, 0.0249, 0.09255, -0.008309, -0.019147, 0.025476, -0.052053, -0.09803, 0.159594, -0.015696, 0.010287, -0.013723, -0.010412, -0.031539, 0.022868, 0.1385, 0.296406, -0.050087, -0.117126, -0.059643, -0.162009, -0.310788, -0.192918, -0.032942, 0.061536, 0.03145, 0.046019, 0.073276, 0.002253, 0.02288, 0.097633, 1e-06, -0.028003, 0.014004, 8e-06, -0.189563, 0.103091, -0.020024, -2e-06, 1e-06, 0.020562, -0.028208, 0.005635, 0.048145, 0.161262, 0.0, -0.060897, 0.000415, 0.0, -0.310439, 0.002302, -0.034536, 0.0, 0.0, 0.059813, -0.000833, -0.111469, -0.182125, -0.028027, 0.030263, -0.093667, -0.406926, -0.383735, -0.113469, 0.130596, 0.10551, 0.003418, 0.016847, -0.00157, 0.003415, 0.003694, 0.048707, 0.082705, -0.028206, 0.055676, -0.036727, 0.001321, 0.021985, -0.000452, -0.000811, 0.001067, 0.017221, 0.101077, -0.007596, -0.013839, -0.009807, 0.001415, 0.026489, 0.000202, -0.001318, 0.000686, 0.005135, 0.057017, 0.000837, -0.005473, -0.000735], [-0.136393, -0.50413, -0.613871, -2.8e-05, -0.00226, -0.134844, -4.5e-05, -0.003571, 0.016133, -0.031834, -0.0, -9e-06, -0.05515, -0.000732, 0.0, -0.0, -0.0, 0.0, 0.0, 0.530759, 0.0, 0.0, 1.0, -0.0, 0.0, 0.0, -0.0, 0.0, -0.02287, -0.138509, -0.296418, 0.050083, 0.059647, -0.117134, 0.161993, 0.192926, -0.310801, 0.032948, -0.031448, 0.061531, 0.046022, 0.073281, 0.076802, 0.293577, 0.370344, -0.118813, -0.144531, 0.0726, -0.196687, -0.239262, 0.332008, 0.061542, 0.073945, -0.039, 0.135758, -0.047442, -0.002736, -0.0252, -0.093664, 0.008409, 0.025476, -0.019757, 0.05268, 0.159594, -0.101851, 0.015885, -0.013723, 0.010615, -0.00953, 0.032159, 0.008914, 0.053985, 0.115534, -0.019523, -0.059643, 0.012642, -0.063148, -0.192918, 0.108954, -0.01284, 0.03145, -0.006892, 0.063545, -0.021054, -0.000989, -0.010046, -0.042868, -0.0, 0.014004, -0.002259, -3e-06, 0.103091, -3.6e-05, 0.008792, 1e-06, -0.0, -0.016932, 0.00512, -3.4e-05, -0.000289, -0.000966, -0.0, 0.000415, 0.008394, 0.0, 0.002302, 0.073583, 0.000207, 0.0, 0.0, -0.00059, -0.019352, -0.25711, -0.420083, -0.064647, -0.093667, -0.145176, 0.265792, 0.250644, 0.074115, 0.10551, 0.223215, -0.028987, -0.142889, 0.013318, 0.003694, -0.027477, 0.211962, 0.359916, -0.122746, -0.036727, -0.095713, -0.001474, -0.024533, 0.000504, 0.001067, -0.001046, 0.010391, 0.060988, -0.004584, -0.009807, -0.003503, -0.000682, -0.012779, -9.8e-05, 0.000686, -0.000226, 0.000639, 0.007098, 0.000104, -0.000735, 0.000343], [-0.058005, -0.147506, -0.071131, -4.7e-05, -0.000865, -0.144987, -2.8e-05, 0.00019, 0.031834, 0.147503, -0.0, -7.2e-05, -0.040941, 0.000489, -0.0, 0.0, 0.0, 0.0, 0.0, 0.0, 0.0, -0.0, -0.0, 1.0, 0.0, 0.0, 0.0, -0.0, -0.000164, -0.006916, -0.025793, 0.006608, 0.004282, -0.010986, 0.043951, 0.012843, -0.032948, 0.00612, -0.008661, 0.022221, 0.01328, 0.012207, -0.009694, -0.032337, -0.017117, 0.164344, -0.038844, -0.03838, 0.142893, -0.062286, -0.061542, -0.171749, -0.140164, -0.138489, 0.002074, 0.172458, -4e-06, -0.000247, -0.007775, 0.00018, 0.000392, -0.000397, 0.01085, 0.015696, -0.015885, 0.000659, -0.000642, 0.00065, 1.6e-05, 0.001357, -0.000164, -0.006914, -0.025789, 0.006608, 0.010984, 0.004281, 0.043953, 0.032942, 0.01284, 0.006117, -0.02222, -0.008661, -0.013276, -0.012204, -2e-06, -0.000121, -0.006418, -0.0, 0.00027, -0.000118, -1e-06, 0.020024, -0.008792, 0.000474, 0.0, -0.0, -0.00054, 0.000587, -8e-06, -0.000567, -0.011966, 0.0, 0.0013, -8e-06, 0.0, 0.034536, -0.000207, 0.001911, 0.0, 0.0, -0.003175, 3.8e-05, -0.028752, -0.03688, -0.022496, -0.01584, -0.036536, -0.046341, -0.008998, -0.303925, 0.130865, -0.085477, -0.000159, -0.006273, 5.4e-05, 1e-05, -8.3e-05, 0.002416, 0.0035, 0.011188, -0.002907, -0.01265, -1e-06, -0.001032, 0.0, 0.0, -0.0, -7.5e-05, -0.005088, 1.9e-05, 2.8e-05, 1.7e-05, -0.0, -0.001087, -0.0, 0.0, -0.0, -6e-06, -0.002762, -0.0, 1e-06, 0.0], [0.0, 0.0, 0.0, -0.001681, -2.1e-05, 0.0, -0.00139, -1.7e-05, 0.0, -0.0, 0.17112, -0.003605, -1e-06, -4.5e-05, 0.0, 0.0, 0.0, 0.0, 0.0, 0.0, 0.0, 0.0, 0.0, 0.0, 1.0, 0.0, 0.0, 0.0, 7.7e-05, 0.003259, 0.012156, -9.7e-05, -0.000843, 0.006623, 0.012513, 0.006891, 0.031448, -0.008661, 4.6e-05, -0.00036, -0.013825, -0.003321, 0.044193, 0.147414, 0.07803, -0.014834, -0.072414, -0.183513, 0.074796, 0.037222, -0.073945, -0.140164, 0.003076, 0.00862, -0.16076, 0.088118, 2e-06, 0.000157, 0.004922, -4e-06, -0.000251, 0.000284, 0.005439, -0.010287, 0.013723, -0.000642, 1.4e-05, -1.6e-05, -0.000129, -0.001, 0.000198, 0.008362, 0.031188, -0.00025, -0.015254, -0.006623, 0.032093, -0.061536, -0.03145, -0.02222, 0.000835, 0.000363, 0.021646, 0.023557, -0.0, -0.0, -1e-06, 4.6e-05, 0.0, -0.0, 0.009, 2e-06, -1e-06, 0.0, -0.000238, 0.00011, -0.0, 0.0, 0.0, 0.0, 0.0, 0.000267, 0.0, 0.0, 0.019358, 0.0, 0.0, 0.0, -0.001396, 9e-06, 0.0, 0.0, 0.012807, 0.016427, -0.003086, 0.002867, 0.022012, 0.25641, 0.049787, -0.103894, 0.086728, -0.205927, 4.2e-05, 0.001669, -8e-06, 8e-06, 2.6e-05, 0.011647, 0.016874, -0.009634, 0.008105, -0.017246, 1e-06, 0.000939, -0.0, -0.0, 0.0, 0.000131, 0.008885, -1.9e-05, -5.3e-05, -3.4e-05, -0.0, -0.000449, 0.0, 0.0, -0.0, -3e-06, -0.00139, 0.0, 1e-06, 0.0], [1.5e-05, 3.8e-05, 1.8e-05, -0.281764, 0.0, 5.8e-05, -0.232904, 0.0, 9e-06, -7.2e-05, -0.003605, -0.433057, -3.4e-05, 1e-06, 0.0, 0.0, 0.0, 0.0, 0.0, 0.0, 0.0, 0.0, 0.0, 0.0, 0.0, 1.0, 0.0, 0.0, -0.000198, -0.008362, -0.031186, 0.000248, 0.006623, -0.015254, -0.032103, 0.031448, -0.061531, 0.022221, -0.00036, 0.00083, 0.021647, 0.023557, 0.043665, 0.145652, 0.077097, -0.014657, -0.183513, -0.068, 0.073902, -0.073945, 0.039, -0.138489, 0.00862, 0.002869, 0.164777, 0.083173, -2e-06, -0.000158, -0.004981, 4e-06, 0.000284, -0.000258, -0.005504, 0.013723, -0.010615, 0.00065, -1.6e-05, 1.4e-05, -0.000103, 0.001015, 7.7e-05, 0.003259, 0.012156, -9.7e-05, -0.006623, -0.000843, 0.012509, -0.03145, 0.006892, -0.008661, 0.000363, 4.6e-05, 0.013825, 0.003321, 0.0, 0.0, 0.0, -2e-05, -0.0, 0.0, -0.003952, -1e-06, 0.0, -0.0, 0.00011, -3.5e-05, 0.0, -0.0, -0.0, -0.0, 0.0, -2e-06, 0.0, 0.0, -0.000116, 0.0, 0.0, 0.0, 9e-06, 7.8e-05, 0.0, 0.0, 0.02954, 0.037891, -0.007119, 0.022012, 0.044096, -0.167479, -0.032519, 0.067861, -0.205927, -0.094039, -0.000359, -0.014159, 6.8e-05, 2.6e-05, -0.000209, 0.050686, 0.073433, -0.041924, -0.017246, -0.062983, -1e-06, -0.001047, 0.0, 0.0, -0.0, 7.9e-05, 0.005361, -1.2e-05, -3.4e-05, -1.7e-05, 0.0, 0.000217, -0.0, -0.0, 0.0, -0.0, -0.000173, 0.0, 0.0, -0.0], [-0.100461, -0.255469, -0.123194, -4e-05, -0.004861, -0.251087, -1.3e-05, -0.00245, 0.05515, -0.040941, -1e-06, -3.4e-05, 0.100149, -0.006364, -0.0, -0.0, -0.0, 0.0, 0.0, 0.0, 0.0, 0.0, -0.0, 0.0, 0.0, 0.0, 1.0, -0.0, -0.000256, -0.010833, -0.040404, 0.007206, 0.010653, -0.016702, 0.034211, 0.063549, -0.046022, 0.01328, -0.013825, 0.021647, 0.014841, 0.034011, 0.000639, 0.002131, 0.001128, -0.002207, 0.135165, -0.138854, -0.000889, 0.135237, -0.135758, 0.002074, -0.16076, 0.164777, -0.264675, 0.003612, -0.0, -6e-06, -0.000181, 3e-06, 9.9e-05, 8e-05, 0.000164, 0.010412, 0.00953, 1.6e-05, -0.000129, -0.000103, -0.000669, 4.1e-05, 0.000256, 0.010832, 0.040402, -0.007206, -0.0167, -0.010651, -0.034214, -0.046019, -0.063545, -0.013276, 0.021646, 0.013825, 0.014839, 0.034006, 2e-06, 0.000141, 0.007523, 0.0, -0.000301, 0.000173, 1e-06, -0.020562, 0.016932, -0.00054, -0.0, 0.0, 0.000484, -0.000837, 1.4e-05, 0.000981, 0.020724, 0.0, -0.002252, 1.7e-05, 0.0, -0.059813, 0.00059, -0.003175, 0.0, 0.0, 0.005576, -8.4e-05, -0.040083, -0.051414, -0.020614, -0.039541, -0.046582, 0.104647, 0.020319, 0.090384, -0.196686, -0.296557, -0.000416, -0.016421, 0.000108, 3.3e-05, -0.000229, -0.031257, -0.045284, 0.035544, 0.014246, 0.030568, -0.0, -0.000244, 0.0, 0.0, -0.0, 8.9e-05, 0.006044, -1.8e-05, -3.1e-05, -2.8e-05, 0.0, 0.001211, 0.0, -0.0, 0.0, 1e-05, 0.00483, 0.0, -2e-06, -0.0], [0.001199, 0.003049, 0.00147, 0.0, -0.281726, 0.004678, 0.0, -0.232892, 0.000732, 0.000489, -4.5e-05, 1e-06, -0.006364, -0.433003, 0.0, 0.0, 0.0, 0.0, 0.0, 0.0, 0.0, 0.0, 0.0, -0.0, 0.0, 0.0, -0.0, 1.0, -0.000236, -0.009958, -0.03714, 0.006623, 0.002575, -0.018166, 0.031448, -0.021056, -0.073281, 0.012207, -0.003321, 0.023557, 0.034011, 0.009105, 0.053117, 0.177179, 0.093786, -0.183513, -0.087035, -0.082719, -0.073945, 0.044738, 0.047442, 0.172458, 0.088118, 0.083173, 0.003612, 0.035673, -7e-06, -0.00048, -0.015089, 0.000284, 0.000771, -0.000782, 0.013723, 0.031539, -0.032159, 0.001357, -0.001, 0.001015, 4.1e-05, 0.002755, 0.000236, 0.009957, 0.037138, -0.006623, -0.018164, -0.002574, -0.03145, -0.073276, 0.021054, -0.012204, 0.023557, 0.003321, 0.034006, 0.009104, -2e-06, -0.000154, -0.008184, -0.0, 0.000358, -0.00012, -1e-06, 0.028208, -0.00512, 0.000587, 0.0, -0.0, -0.000837, 0.000625, -0.0, -1.2e-05, -0.000248, 0.0, 2.9e-05, 0.000267, 0.0, 0.000833, 0.019352, 3.8e-05, 0.0, 0.0, -8.4e-05, -0.001395, 0.0428, 0.0549, 0.022012, 0.009582, 0.063891, -0.238424, -0.046294, -0.205927, -0.080645, -0.133874, -0.0001, -0.003927, 2.6e-05, -1.8e-05, -5.8e-05, 0.015166, 0.021972, -0.017246, 0.010554, -0.018845, -1e-06, -0.002218, 0.0, 0.0, -0.0, 0.000169, 0.01147, -3.4e-05, -6.9e-05, -3.7e-05, -1e-06, -0.001523, -0.0, 0.0, -0.0, 2e-06, 0.001221, 0.0, -1e-06, 0.0], [0.000402, 0.015418, 0.06141, 0.016419, 0.019732, -0.019968, 0.063909, 0.076803, -0.077723, -0.009686, 0.043674, -0.044197, -0.000633, -0.053114, 1e-06, 6.4e-05, 0.006533, 4.2e-05, 5.1e-05, -0.00013, 0.007485, 0.008914, -0.02287, -0.000164, 7.7e-05, -0.000198, -0.000256, -0.000236, 1.0, -0.2157, 0.19014, -0.0, 0.0, 0.0, 0.0, 0.0, 0.0, -0.0, 0.0, 0.0, -0.0, 0.0, 0.0, 2e-06, 0.001074, -0.0, -0.0, -5e-06, 0.0, -3.4e-05, -0.005635, -8e-06, -0.0, -0.0, -1.4e-05, 0.0, 0.000644, 0.024119, 0.071776, -4e-06, -0.048825, 0.000291, -1e-05, -0.136402, 0.000814, -0.058023, 1.5e-05, -0.0, 0.100492, -0.001199, 0.0, 0.0, 0.000415, -0.0, -0.0, -1e-06, -0.0, -0.000989, -0.002253, -2e-06, 0.0, 0.0, -2e-06, 2e-06, 1e-06, 6.4e-05, 0.006533, 4.2e-05, -0.00013, -5.1e-05, 0.007486, -0.022868, -0.008914, -0.000164, -0.000198, -7.7e-05, 0.000256, 0.000236, 0.0, 1e-06, 0.000713, 1e-06, -2e-06, -2e-06, 0.000892, -0.002736, -0.002703, -4e-06, -2e-06, -2e-06, 0.0, 7e-06, 0.000655, 0.0234, 0.000254, 0.00033, -7.6e-05, 0.0, 0.00112, 0.0, 0.0, -0.0, 0.057273, 0.096289, -0.053529, 0.04