{"coordinates": [[[10.0, 10.0, 10.0], [10.0, 10.0, 11.08], [10.0, 11.0248334281997, 9.63766666666666], [9.11246821653156, 9.48758328590014, 9.63766666666666], [10.88753178346843, 9.48758328590014, 9.63766666666666]]], "HF": [-40.50956066736], "elements": [["C", "H", "H", "H", "H"]], "S": [[[1.0, -0.2157, 0.19014, -0.0, -0.0, -0.0, 0.0, 0.0, 0.0, -0.0, 0.0, 0.0, -0.0, 0.0, 0.057501, 0.096401, -0.106085, 0.0, 0.0, 0.057501, 0.096401, 0.035362, 0.0, -0.100018, 0.057501, 0.096401, 0.035362, 0.086618, 0.050009, 0.057501, 0.096401, 0.035362, -0.086618, 0.050009], [-0.2157, 1.0, 0.718332, 0.0, 0.0, 0.0, -0.0, -0.0, -0.0, 0.0, 0.0, 0.0, -0.0, 0.0, 0.315985, 0.432566, -0.359208, 0.0, 0.0, 0.315985, 0.432566, 0.119736, 0.0, -0.338664, 0.315985, 0.432566, 0.119736, 0.293292, 0.169332, 0.315985, 0.432566, 0.119736, -0.293292, 0.169332], [0.19014, 0.718332, 1.0, 0.0, 0.0, 0.0, -0.0, -0.0, -0.0, 0.0, 0.0, 0.0, -0.0, 0.0, 0.460483, 0.736942, -0.244508, 0.0, 0.0, 0.460483, 0.736942, 0.081503, 0.0, -0.230524, 0.460483, 0.736942, 0.081503, 0.19964, 0.115262, 0.460483, 0.736942, 0.081503, -0.19964, 0.115262], [-0.0, 0.0, 0.0, 1.0, 0.0, 0.0, 0.530759, 0.0, 0.0, -0.0, -0.0, -0.0, 0.0, -0.0, 0.395707, 0.209152, -0.412204, -0.0, -0.0, -0.131902, -0.069717, 0.153157, 0.0, 0.199885, -0.131902, -0.069717, 0.153157, -0.173106, -0.099943, -0.131902, -0.069717, 0.153157, 0.173106, -0.099943], [-0.0, 0.0, 0.0, 0.0, 1.0, 0.0, 0.0, 0.530759, 0.0, 0.0, -0.0, -0.0, -0.0, -0.0, 0.0, 0.0, 0.0, 0.223827, 0.0, 0.0, 0.0, -0.0, 0.223827, 0.0, -0.323093, -0.170772, -0.173106, -0.200193, -0.244808, 0.323093, 0.170772, 0.173106, -0.200193, 0.244808], [-0.0, 0.0, 0.0, 0.0, 0.0, 1.0, 0.0, 0.0, 0.530759, 0.0, -0.0, -0.0, 0.0, -0.0, 0.0, 0.0, 0.0, 0.0, 0.223827, 0.373076, 0.19719, 0.199885, -0.0, -0.341534, -0.186538, -0.098595, -0.099943, -0.244808, 0.082487, -0.186538, -0.098595, -0.099943, 0.244808, 0.082487], [0.0, -0.0, -0.0, 0.530759, 0.0, 0.0, 1.0, 0.0, 0.0, 0.0, 0.0, 0.0, 0.0, 0.0, 0.563853, 0.531455, -0.017308, 0.0, 0.0, -0.187951, -0.177152, 0.258078, 0.0, 0.097363, -0.187951, -0.177152, 0.258078, -0.084319, -0.048682, -0.187951, -0.177152, 0.258078, 0.084319, -0.048682], [0.0, -0.0, -0.0, 0.0, 0.530759, 0.0, 0.0, 1.0, 0.0, 0.0, 0.0, 0.0, 0.0, 0.0, -0.0, 0.0, 0.0, 0.292501, 0.0, -0.0, 0.0, 0.0, 0.292501, 0.0, -0.460384, -0.433931, -0.084319, 0.085962, -0.119245, 0.460384, 0.433931, 0.084319, 0.085962, 0.119245], [0.0, -0.0, -0.0, 0.0, 0.0, 0.530759, 0.0, 0.0, 1.0, 0.0, 0.0, 0.0, 0.0, 0.0, -0.0, 0.0, 0.0, 0.0, 0.292501, 0.531605, 0.501061, 0.097363, 0.0, 0.017116, -0.265803, -0.25053, -0.048682, -0.119245, 0.223655, -0.265803, -0.25053, -0.048682, 0.119245, 0.223655], [-0.0, 0.0, 0.0, -0.0, 0.0, 0.0, 0.0, 0.0, 0.0, 1.0, 0.0, 0.0, 0.0, 0.0, 0.404872, 0.078462, -0.16753, 0.0, 0.0, -0.134957, -0.026154, -0.250438, 0.0, -0.029312, -0.134957, -0.026154, -0.250438, 0.025385, 0.014656, -0.134957, -0.026154, -0.250438, -0.025385, 0.014656], [0.0, 0.0, 0.0, -0.0, -0.0, -0.0, 0.0, 0.0, 0.0, 0.0, 1.0, 0.0, 0.0, 0.0, 0.0, 0.0, 0.0, 0.451721, 0.0, -0.0, 0.0, 0.0, -0.150574, 0.0, 0.190859, 0.036987, -0.260542, 0.114673, 0.15314, -0.190859, -0.036987, 0.260542, 0.114673, -0.15314], [0.0, 0.0, 0.0, -0.0, -0.0, -0.0, 0.0, 0.0, 0.0, 0.0, 0.0, 1.0, 0.0, 0.0, 0.0, 0.0, 0.0, 0.0, 0.451721, -0.220385, -0.042709, 0.300848, 0.0, 0.203089, 0.110192, 0.021355, -0.150424, 0.15314, -0.062158, 0.110192, 0.021355, -0.150424, -0.15314, -0.062158], [-0.0, -0.0, -0.0, 0.0, -0.0, 0.0, 0.0, 0.0, 0.0, 0.0, 0.0, 0.0, 1.0, 0.0, -0.0, -0.0, 0.0, 0.0, 0.0, -0.311671, -0.0604, -0.176831, 0.0, 0.074268, 0.155835, 0.0302, 0.088416, -0.152255, 0.337982, 0.155835, 0.0302, 0.088416, 0.152255, 0.337982], [0.0, 0.0, 0.0, -0.0, -0.0, -0.0, 0.0, 0.0, 0.0, 0.0, 0.0, 0.0, 0.0, 1.0, 0.0, 0.0, 0.0, 0.0, 0.0, 0.0, 0.0, 0.0, 0.425886, 0.0, 0.269915, 0.052308, 0.15314, 0.162173, -0.152255, -0.269915, -0.052308, -0.15314, 0.162173, 0.152255], [0.057501, 0.315985, 0.460483, 0.395707, 0.0, 0.0, 0.563853, -0.0, -0.0, 0.404872, 0.0, 0.0, -0.0, 0.0, 1.0, 0.68486, -0.0, -0.0, -0.0, 0.058795, 0.22802, 0.063588, -0.0, -0.044963, 0.058795, 0.22802, 0.063588, 0.038939, 0.022482, 0.058795, 0.22802, 0.063588, -0.038939, 0.022482], [0.096401, 0.432566, 0.736942, 0.209152, 0.0, 0.0, 0.531455, 0.0, 0.0, 0.078462, 0.0, 0.0, -0.0, 0.0, 0.68486, 1.0, 0.0, -0.0, -0.0, 0.22802, 0.503402, 0.121736, -0.0, -0.086081, 0.22802, 0.503402, 0.121736, 0.074548, 0.04304, 0.22802, 0.503402, 0.121736, -0.074548, 0.04304], [-0.106085, -0.359208, -0.244508, -0.412204, 0.0, 0.0, -0.017308, 0.0, 0.0, -0.16753, 0.0, 0.0, 0.0, 0.0, -0.0, 0.0, 1.0, 0.0, 0.0, -0.063588, -0.121736, -0.074542, 0.0, 0.064545, -0.063588, -0.121736, -0.074542, -0.055898, -0.032272, -0.063588, -0.121736, -0.074542, 0.055898, -0.032272], [0.0, 0.0, 0.0, -0.0, 0.223827, 0.0, 0.0, 0.292501, 0.0, 0.0, 0.451721, 0.0, 0.0, 0.0, -0.0, -0.0, 0.0, 1.0, 0.0, -0.0, -0.0, 0.0, 0.016738, 0.0, -0.038939, -0.074548, -0.055898, -0.017492, -0.019763, 0.038939, 0.074548, 0.055898, -0.017492, 0.019763], [0.0, 0.0, 0.0, -0.0, 0.0, 0.223827, 0.0, 0.0, 0.292501, 0.0, 0.0, 0.451721, 0.0, 0.0, -0.0, -0.0, 0.0, 0.0, 1.0, 0.044963, 0.086081, 0.064545, 0.0, -0.028902, -0.022482, -0.04304, -0.032272, -0.019763, 0.005328, -0.022482, -0.04304, -0.032272, 0.019763, 0.005328], [0.057501, 0.315985, 0.460483, -0.131902, 0.0, 0.373076, -0.187951, -0.0, 0.531605, -0.134957, -0.0, -0.220385, -0.311671, 0.0, 0.058795, 0.22802, -0.063588, -0.0, 0.044963, 1.0, 0.68486, -0.0, -0.0, -0.0, 0.058795, 0.22802, -0.0, 0.038939, 0.067445, 0.058795, 0.22802, -0.0, -0.038939, 0.067445], [0.096401, 0.432566, 0.736942, -0.069717, 0.0, 0.19719, -0.177152, 0.0, 0.501061, -0.026154, 0.0, -0.042709, -0.0604, 0.0, 0.22802, 0.503402, -0.121736, -0.0, 0.086081, 0.68486, 1.0, 0.0, -0.0, 0.0, 0.22802, 0.503402, 0.0, 0.074548, 0.129121, 0.22802, 0.503402, 0.0, -0.074548, 0.129121], [0.035362, 0.119736, 0.081503, 0.153157, -0.0, 0.199885, 0.258078, 0.0, 0.097363, -0.250438, 0.0, 0.300848, -0.176831, 0.0, 0.063588, 0.121736, -0.074542, 0.0, 0.064545, -0.0, 0.0, 1.0, 0.0, 0.0, -0.0, 0.0, 0.016738, 0.0, 0.0, -0.0, 0.0, 0.016738, 0.0, 0.0], [0.0, 0.0, 0.0, 0.0, 0.223827, -0.0, 0.0, 0.292501, 0.0, 0.0, -0.150574, 0.0, 0.0, 0.425886, -0.0, -0.0, 0.0, 0.016738, 0.0, -0.0, -0.0, 0.0, 1.0, 0.0, -0.038939, -0.074548, 0.0, -0.017492, -0.059288, 0.038939, 0.074548, 0.0, -0.017492, 0.059288], [-0.100018, -0.338664, -0.230524, 0.199885, 0.0, -0.341534, 0.097363, 0.0, 0.017116, -0.029312, 0.0, 0.203089, 0.074268, 0.0, -0.044963, -0.086081, 0.064545, 0.0, -0.028902, -0.0, 0.0, 0.0, 0.0, 1.0, -0.067445, -0.129121, 0.0, -0.059288, -0.085952, -0.067445, -0.129121, 0.0, 0.059288, -0.085952], [0.057501, 0.315985, 0.460483, -0.131902, -0.323093, -0.186538, -0.187951, -0.460384, -0.265803, -0.134957, 0.190859, 0.110192, 0.155835, 0.269915, 0.058795, 0.22802, -0.063588, -0.038939, -0.022482, 0.058795, 0.22802, -0.0, -0.038939, -0.067445, 1.0, 0.68486, -0.0, 0.0, 0.0, 0.058795, 0.22802, -0.0, -0.077879, 0.0], [0.096401, 0.432566, 0.736942, -0.069717, -0.170772, -0.098595, -0.177152, -0.433931, -0.25053, -0.026154, 0.036987, 0.021355, 0.0302, 0.052308, 0.22802, 0.503402, -0.121736, -0.074548, -0.04304, 0.22802, 0.503402, 0.0, -0.074548, -0.129121, 0.68486, 1.0, 0.0, 0.0, 0.0, 0.22802, 0.503402, 0.0, -0.149096, 0.0], [0.035362, 0.119736, 0.081503, 0.153157, -0.173106, -0.099943, 0.258078, -0.084319, -0.048682, -0.250438, -0.260542, -0.150424, 0.088416, 0.15314, 0.063588, 0.121736, -0.074542, -0.055898, -0.032272, -0.0, 0.0, 0.016738, 0.0, 0.0, -0.0, 0.0, 1.0, 0.0, 0.0, -0.0, 0.0, 0.016738, 0.0, 0.0], [0.086618, 0.293292, 0.19964, -0.173106, -0.200193, -0.244808, -0.084319, 0.085962, -0.119245, 0.025385, 0.114673, 0.15314, -0.152255, 0.162173, 0.038939, 0.074548, -0.055898, -0.017492, -0.019763, 0.038939, 0.074548, 0.0, -0.017492, -0.059288, 0.0, 0.0, 0.0, 1.0, 0.0, 0.077879, 0.149096, 0.0, -0.120182, 0.0], [0.050009, 0.169332, 0.115262, -0.099943, -0.244808, 0.082487, -0.048682, -0.119245, 0.223655, 0.014656, 0.15314, -0.062158, 0.337982, -0.152255, 0.022482, 0.04304, -0.032272, -0.019763, 0.005328, 0.067445, 0.129121, 0.0, -0.059288, -0.085952, 0.0, 0.0, 0.0, 0.0, 1.0, 0.0, 0.0, 0.0, -0.0, 0.016738], [0.057501, 0.315985, 0.460483, -0.131902, 0.323093, -0.186538, -0.187951, 0.460384, -0.265803, -0.134957, -0.190859, 0.110192, 0.155835, -0.269915, 0.058795, 0.22802, -0.063588, 0.038939, -0.022482, 0.058795, 0.22802, -0.0, 0.038939, -0.067445, 0.058795, 0.22802, -0.0, 0.077879, 0.0, 1.0, 0.68486, -0.0, -0.0, 0.0], [0.096401, 0.432566, 0.736942, -0.069717, 0.170772, -0.098595, -0.177152, 0.433931, -0.25053, -0.026154, -0.036987, 0.021355, 0.0302, -0.052308, 0.22802, 0.503402, -0.121736, 0.074548, -0.04304, 0.22802, 0.503402, 0.0, 0.074548, -0.129121, 0.22802, 0.503402, 0.0, 0.149096, 0.0, 0.68486, 1.0, 0.0, -0.0, 0.0], [0.035362, 0.119736, 0.081503, 0.153157, 0.173106, -0.099943, 0.258078, 0.084319, -0.048682, -0.250438, 0.260542, -0.150424, 0.088416, -0.15314, 0.063588, 0.121736, -0.074542, 0.055898, -0.032272, -0.0, 0.0, 0.016738, 0.0, 0.0, -0.0, 0.0, 0.016738, 0.0, 0.0, -0.0, 0.0, 1.0, 0.0, 0.0], [-0.086618, -0.293292, -0.19964, 0.173106, -0.200193, 0.244808, 0.084319, 0.085962, 0.119245, -0.025385, 0.114673, -0.15314, 0.152255, 0.162173, -0.038939, -0.074548, 0.055898, -0.017492, 0.019763, -0.038939, -0.074548, 0.0, -0.017492, 0.059288, -0.077879, -0.149096, 0.0, -0.120182, -0.0, -0.0, -0.0, 0.0, 1.0, 0.0], [0.050009, 0.169332, 0.115262, -0.099943, 0.244808, 0.082487, -0.048682, 0.119245, 0.223655, 0.014656, -0.15314, -0.062158, 0.337982, 0.152255, 0.022482, 0.04304, -0.032272, 0.019763, 0.005328, 0.067445, 0.129121, 0.0, 0.059288, -0.085952, 0.0, 0.0, 0.0, 0.0, 0.016738, 0.0, 0.0, 0.0, 0.0, 1.0]]], "h": [[[-12.979650457619853, 2.7515763495086025, -2.4734956051718386, 0.0, 0.0, 0.0, 0.0, -0.0, -0.0, 0.0, -0.0, -0.0, 0.0, -0.0, -0.7432836431575992, -1.2494638925590114, 1.3903908942866021, -0.0, -0.0, -0.7432836431575992, -1.2494638925590114, -0.4634649937103532, -0.0, 1.3108740089622226, -0.7432836431575992, -1.2494638925590114, -0.4634649937103532, -1.1352492932301164, -0.6554370044811113, -0.7432836431575992, -1.2494638925590114, -0.4634649937103532, 1.1352492932301164, -0.6554370044811113], [2.7515763495086025, -3.899430457619853, -2.3478161529309842, 0.0, 0.0, -0.0, 0.0, 0.0, 0.0, 0.0, -0.0, 0.0, 0.0, -0.0, -1.1619655459410092, -1.5030989596547892, 1.022382223932712, 0.0, 0.0, -1.1619655459410092, -1.5030989596547892, -0.34079440797757066, -0.0, 0.9639090913953698, -1.1619655459410092, -1.5030989596547892, -0.34079440797757066, -0.8347707846642419, -0.4819545456976849, -1.1619655459410092, -1.5030989596547892, -0.34079440797757066, 0.8347707846642419, -0.4819545456976849], [-2.4734956051718386, -2.3478161529309842, -3.950502457619853, 0.0, 0.0, -0.0, 0.0, 0.0, 0.0, 0.0, -0.0, -0.0, 0.0, -0.0, -1.8296603963781626, -2.8096493282872896, 1.1147381646437151, 0.0, 0.0, -1.8296603963781626, -2.8096493282872896, -0.37158108382939087, -0.0, 1.050984731748359, -1.8296603963781626, -2.8096493282872896, -0.3715800838293909, -0.9101806275192275, -0.5254918658741795, -1.8296603963781626, -2.8096493282872896, -0.3715800838293909, 0.9101806275192275, -0.5254918658741795], [0.0, 0.0, 0.0, -3.171162457619853, -0.0, -0.0, -1.9369384774818554, -0.0, -0.0, -0.10604, 0.0, 0.0, 0.0, 0.0, -1.508002959791379, -0.7941196920001075, 1.2742136328087337, 0.0, 0.0, 0.5026669576489738, 0.26470553505188327, -0.5562768365956838, -0.0, -0.6471749044113443, 0.5026669576489738, 0.26470553505188327, -0.5562768365956838, 0.5604712966807424, 0.32358949562790096, 0.5026669576489738, 0.26470553505188327, -0.5562768365956838, -0.5604712966807424, 0.32358949562790096], [0.0, 0.0, 0.0, -0.0, -3.171162457619853, -0.0, -0.0, -1.9369394774818556, -0.0, 0.0, 0.061223, 0.0, 0.0, 0.086581, -0.0, -0.0, -0.0, -0.7850881344156788, -0.0, -0.0, -0.0, 0.0, -0.7850881344156788, -0.0, 1.2312788363457712, 0.6483966017166575, 0.5604712966807424, 0.5877776525042913, 0.7926242179810009, -1.2312788363457712, -0.6483966017166575, -0.5604712966807424, 0.5877776525042913, -0.7926242179810009], [0.0, -0.0, -0.0, -0.0, -0.0, -3.171162457619853, -0.0, -0.0, -1.9369394774818556, 0.0, 0.0, 0.061222, 0.086582, 0.0, 0.0, -0.0, -0.0, -0.0, -0.7850881344156788, -1.4217585828709844, -0.7487028585980589, -0.6471749044113443, 0.0, 1.0454023349887387, 0.7108797914354922, 0.3743514292990294, 0.32358949562790096, 0.7926242179810009, -0.3274665387756888, 0.7108797914354922, 0.3743514292990294, 0.32358949562790096, -0.7926242179810009, -0.3274665387756888], [0.0, 0.0, 0.0, -1.9369384774818554, -0.0, -0.0, -3.207715457619853, -0.0, -0.0, -0.121322, -0.0, 0.0, 1e-06, -0.0, -1.9614705079623271, -1.7195489212243589, 0.12092810387248443, -0.0, 0.0, 0.653822502654109, 0.5731836693562722, -0.8187706439336163, 0.0, -0.3322314369272418, 0.653823502654109, 0.5731836693562722, -0.8187706439336163, 0.2877216378220484, 0.16611776188584967, 0.653823502654109, 0.5731836693562722, -0.8187706439336163, -0.2877216378220484, 0.16611776188584967], [-0.0, 0.0, 0.0, -0.0, -1.9369394774818556, -0.0, -0.0, -3.207717457619853, -0.0, 0.0, 0.070046, -0.0, -0.0, 0.099059, 0.0, -0.0, -0.0, -0.9362320906982646, -0.0, 0.0, -0.0, 0.0, -0.9362320906982646, 0.0, 1.6015337987768583, 1.4040055023394402, 0.2877216378220484, -0.23145932326591775, 0.40689876734887936, -1.6015337987768583, -1.4040055023394402, -0.2877216378220484, -0.23145932326591775, -0.40689876734887936], [-0.0, 0.0, 0.0, -0.0, -0.0, -1.9369394774818556, -0.0, -0.0, -3.2077164576198527, 1e-06, -0.0, 0.070045, 0.09906, -0.0, 0.0, -1e-06, -0.0, -0.0, -0.9362310906982646, -1.8492899478930018, -1.621207370779461, -0.3322314369272418, -0.0, 0.003463570263378603, 0.9246465173687297, 0.8106011419675017, 0.16611776188584967, 0.40689976734887934, -0.7013091971689681, 0.9246465173687297, 0.8106011419675017, 0.16611776188584967, -0.40689976734887934, -0.7013091971689681], [0.0, 0.0, 0.0, -0.10604, 0.0, 0.0, -0.121322, 0.0, 1e-06, -2.204370457619853, -0.0, -0.0, -1e-06, 0.0, -1.273164889245465, -0.3031449898337689, 0.12537205198505397, 0.0, 0.0, 0.4243872674670025, 0.10104932994458964, 0.5909861522774007, 0.0, 0.16461758474175314, 0.4243872674670025, 0.10104832994458963, 0.5909861522774007, -0.14256354655667997, -0.08230979237087657, 0.4243872674670025, 0.10104832994458963, 0.5909861522774007, 0.14256354655667997, -0.08230979237087657], [-0.0, -0.0, -0.0, 0.0, 0.061223, 0.0, -0.0, 0.070046, -0.0, -0.0, -2.104875457619853, -0.0, 0.0, -0.070354, 0.0, -0.0, -0.0, -1.1286424652404976, -0.0, 0.0, -0.0, -0.0, 0.37902651736165177, 0.0, -0.6001770463368674, -0.1429031159539855, 0.6978126286771917, -0.17319071448864135, -0.31882136023990426, 0.6001770463368674, 0.1429031159539855, -0.6978126286771917, -0.17319071448864135, 0.31882136023990426], [-0.0, 0.0, -0.0, 0.0, 0.0, 0.061222, 0.0, -0.0, 0.070045, -0.0, -0.0, -2.1048734576198527, -0.070354, 0.0, 0.0, -0.0, -0.0, -0.0, -1.1286414652404975, 0.6930252157925513, 0.1650100399404863, -0.8057649813860175, 0.0, -0.35726315405355824, -0.3465105644740468, -0.08250656339247196, 0.40288249069300874, -0.31882136023990426, 0.19495307779673482, -0.3465105644740468, -0.08250656339247196, 0.40288249069300874, 0.31882136023990426, 0.19495307779673482], [0.0, 0.0, 0.0, 0.0, 0.0, 0.086582, 1e-06, -0.0, 0.09906, -1e-06, 0.0, -0.070354, -2.154622457619853, 0.0, 0.0, 0.0, 0.0, -0.0, 0.002982, 0.9800838989508371, 0.23336140524023913, 0.3681437922853761, 0.0, 0.027794235821488766, -0.49004040605318977, -0.11668070262011956, -0.1840734395649169, 0.4723695028949107, -0.7903758634752732, -0.49004040605318977, -0.11668070262011956, -0.1840734395649169, -0.4723695028949107, -0.7903758634752732], [-0.0, -0.0, -0.0, 0.0, 0.086581, 0.0, -0.0, 0.099059, -0.0, 0.0, -0.070354, 0.0, 0.0, -2.154623457619853, 0.0, -0.0, -0.0, 0.002982, -0.0, 0.0, -0.0, -0.0, -1.0630978386778887, 0.0, -0.8487776217784627, -0.20209665988917927, -0.31882136023990426, -0.24493082622558437, 0.4723695028949107, 0.8487776217784627, 0.20209665988917927, 0.31882136023990426, -0.24493082622558437, -0.4723695028949107], [-0.7432836431575992, -1.1619655459410092, -1.8296603963781626, -1.508002959791379, -0.0, 0.0, -1.9614705079623271, 0.0, 0.0, -1.273164889245465, 0.0, 0.0, 0.0, 0.0, -3.330722457619853, -2.5104782952455325, 0.260247, 0.0, 0.0, -0.2948370198857593, -0.9293492732264789, -0.2971732653711312, 0.0, 0.25139478734796145, -0.2948370198857593, -0.9293492732264789, -0.2971732653711312, -0.21771363633525948, -0.12569843709620954, -0.2948370198857593, -0.9293492732264789, -0.2971732653711312, 0.21771363633525948, -0.12569843709620954], [-1.2494638925590114, -1.5030989596547892, -2.8096493282872896, -0.7941196920001075, -0.0, -0.0, -1.7195489212243589, -0.0, -1e-06, -0.3031449898337689, -0.0, -0.0, 0.0, -0.0, -2.5104782952455325, -3.4533954576198527, 0.259707, 0.0, 0.0, -0.9293492732264789, -1.8761216736547492, -0.4684510968928104, 0.0, 0.44501065775637455, -0.9293492732264789, -1.8761216736547492, -0.4684510968928104, -0.3853900806266448, -0.22250378545595847, -0.9293492732264789, -1.8761216736547492, -0.4684510968928104, 0.3853900806266448, -0.22250378545595847], [1.3903908942866021, 1.022382223932712, 1.1147381646437151, 1.2742136328087337, -0.0, -0.0, 0.12092810387248443, -0.0, -0.0, 0.12537205198505397, -0.0, -0.0, 0.0, -0.0, 0.260247, 0.259707, -2.300238457619853, 0.0, 0.0, 0.3360762653711312, 0.5757090968928104, 0.359805559559899, 0.0, -0.37795037551707344, 0.3360762653711312, 0.5757090968928104, 0.35980455955989904, 0.32731643149203454, 0.1889736443363079, 0.3360762653711312, 0.5757090968928104, 0.35980455955989904, -0.32731643149203454, 0.1889736443363079], [-0.0, 0.0, 0.0, 0.0, -0.7850881344156788, -0.0, -0.0, -0.9362320906982646, -0.0, 0.0, -1.1286424652404976, -0.0, -0.0, 0.002982, 0.0, 0.0, 0.0, -1.9566904576198527, 0.0, 0.0, 0.0, 0.0, -0.0863036025316411, 0.0, 0.17006763633525945, 0.2540260806266448, 0.24312643149203456, 0.07361708325268647, 0.09233130701594114, -0.17006763633525945, -0.2540260806266448, -0.24312643149203456, 0.07361708325268647, -0.09233130701594114], [-0.0, 0.0, 0.0, 0.0, -0.0, -0.7850881344156788, 0.0, -0.0, -0.9362310906982646, 0.0, -0.0, -1.1286414652404975, 0.002982, -0.0, 0.0, 0.0, 0.0, 0.0, -1.9566904576198527, -0.19637778734796144, -0.29332465775637456, -0.2807373755170734, 0.0, 0.12692397851412898, 0.09819043709620952, 0.14666078545595848, 0.14036664433630788, 0.09233130701594114, -0.03299670727019857, 0.09819043709620952, 0.14666078545595848, 0.14036664433630788, -0.09233130701594114, -0.03299670727019857], [-0.7432836431575992, -1.1619655459410092, -1.8296603963781626, 0.5026669576489738, -0.0, -1.4217585828709844, 0.653822502654109, 0.0, -1.8492899478930018, 0.4243872674670025, 0.0, 0.6930252157925513, 0.9800838989508371, 0.0, -0.2948370198857593, -0.9293492732264789, 0.3360762653711312, 0.0, -0.19637778734796144, -3.330722457619853, -2.5104782952455325, -0.086749, 0.0, 0.245363, -0.2948370198857593, -0.9293492732264789, -0.019451, -0.21771363633525948, -0.322076224444171, -0.2948370198857593, -0.9293492732264789, -0.019451, 0.21771363633525948, -0.322076224444171], [-1.2494638925590114, -1.5030989596547892, -2.8096493282872896, 0.26470553505188327, -0.0, -0.7487028585980589, 0.5731836693562722, -0.0, -1.621207370779461, 0.10104932994458964, -0.0, 0.1650100399404863, 0.23336140524023913, -0.0, -0.9293492732264789, -1.8761216736547492, 0.5757090968928104, 0.0, -0.29332465775637456, -2.5104782952455325, -3.4533954576198527, -0.086569, 0.0, 0.244854, -0.9293492732264789, -1.8761216736547492, -0.053629, -0.3853900806266448, -0.515829443212333, -0.9293492732264789, -1.8761216736547492, -0.053629, 0.3853900806266448, -0.515829443212333], [-0.4634649937103532, -0.34079440797757066, -0.37158108382939087, -0.5562768365956838, 0.0, -0.6471749044113443, -0.8187706439336163, 0.0, -0.3322314369272418, 0.5909861522774007, -0.0, -0.8057649813860175, 0.3681437922853761, -0.0, -0.2971732653711312, -0.4684510968928104, 0.359805559559899, 0.0, -0.2807373755170734, -0.086749, -0.086569, -1.9948624576198528, -0.0, 0.107967, -0.019452, -0.053629, -0.0928546025316411, -0.022055, -0.019671, -0.019452, -0.053629, -0.0928546025316411, 0.022055, -0.019671], [-0.0, -0.0, -0.0, -0.0, -0.7850881344156788, 0.0, 0.0, -0.9362320906982646, -0.0, 0.0, 0.37902651736165177, 0.0, 0.0, -1.0630978386778887, 0.0, 0.0, 0.0, -0.0863036025316411, 0.0, 0.0, 0.0, -0.0, -1.9566904576198527, -0.0, 0.17006763633525945, 0.2540260806266448, 0.006008, 0.07361708325268647, 0.25999683420336583, -0.17006763633525945, -0.2540260806266448, -0.006008, 0.07361708325268647, -0.25999683420336583], [1.3108740089622226, 0.9639090913953698, 1.050984731748359, -0.6471749044113443, -0.0, 1.0454023349887387, -0.3322314369272418, 0.0, 0.003463570263378603, 0.16461758474175314, 0.0, -0.35726315405355824, 0.027794235821488766, 0.0, 0.25139478734796145, 0.44501065775637455, -0.37795037551707344, 0.0, 0.12692397851412898, 0.245363, 0.244854, 0.107967, -0.0, -2.262066457619853, 0.34958522444417095, 0.591672443212333, 0.028936, 0.33937083420336583, 0.4196634548213416, 0.34958522444417095, 0.591672443212333, 0.028936, -0.33937083420336583, 0.4196634548213416], [-0.7432836431575992, -1.1619655459410092, -1.8296603963781626, 0.5026669576489738, 1.2312788363457712, 0.7108797914354922, 0.653823502654109, 1.6015337987768583, 0.9246465173687297, 0.4243872674670025, -0.6001770463368674, -0.3465105644740468, -0.49004040605318977, -0.8487776217784627, -0.2948370198857593, -0.9293492732264789, 0.3360762653711312, 0.17006763633525945, 0.09819043709620952, -0.2948370198857593, -0.9293492732264789, -0.019452, 0.17006763633525945, 0.34958522444417095, -3.330722457619853, -2.5104782952455325, -0.086749, -0.212491, -0.122681, -0.2948370198857593, -0.9293492732264789, -0.019451, 0.38778435951497653, -0.027509], [-1.2494638925590114, -1.5030989596547892, -2.8096493282872896, 0.26470553505188327, 0.6483966017166575, 0.3743514292990294, 0.5731836693562722, 1.4040055023394402, 0.8106011419675017, 0.10104832994458963, -0.1429031159539855, -0.08250656339247196, -0.11668070262011956, -0.20209665988917927, -0.9293492732264789, -1.8761216736547492, 0.5757090968928104, 0.2540260806266448, 0.14666078545595848, -0.9293492732264789, -1.8761216736547492, -0.053629, 0.2540260806266448, 0.591672443212333, -2.5104782952455325, -3.453394457619853, -0.086569, -0.21205, -0.122427, -0.9293492732264789, -1.8761206736547493, -0.053629, 0.6394161612532896, -0.075843], [-0.4634649937103532, -0.34079440797757066, -0.3715800838293909, -0.5562768365956838, 0.5604712966807424, 0.32358949562790096, -0.8187706439336163, 0.2877216378220484, 0.16611776188584967, 0.5909861522774007, 0.6978126286771917, 0.40288249069300874, -0.1840734395649169, -0.31882136023990426, -0.2971732653711312, -0.4684510968928104, 0.35980455955989904, 0.24312643149203456, 0.14036664433630788, -0.019451, -0.053629, -0.0928546025316411, 0.006008, 0.028936, -0.086749, -0.086569, -1.9948624576198528, -0.093502, -0.053984, -0.019451, -0.053629, -0.0928546025316411, 0.028063, -0.009265], [-1.1352492932301164, -0.8347707846642419, -0.9101806275192275, 0.5604712966807424, 0.5877776525042913, 0.7926242179810009, 0.2877216378220484, -0.23145932326591775, 0.40689976734887934, -0.14256354655667997, -0.17319071448864135, -0.31882136023990426, 0.4723695028949107, -0.24493082622558437, -0.21771363633525948, -0.3853900806266448, 0.32731643149203454, 0.07361708325268647, 0.09233130701594114, -0.21771363633525948, -0.3853900806266448, -0.022055, 0.07361708325268647, 0.33937083420336583, -0.212491, -0.21205, -0.093502, -2.185722457619853, -0.132232, -0.38778435951497653, -0.6394161612532896, -0.028063, 0.5926861406056692, -0.039687], [-0.6554370044811113, -0.4819545456976849, -0.5254918658741795, 0.32358949562790096, 0.7926242179810009, -0.3274665387756888, 0.16611776188584967, 0.40689876734887936, -0.7013091971689681, -0.08230979237087657, -0.31882136023990426, 0.19495307779673482, -0.7903758634752732, 0.4723695028949107, -0.12569843709620954, -0.22250378545595847, 0.1889736443363079, 0.09233130701594114, -0.03299670727019857, -0.322076224444171, -0.515829443212333, -0.019671, 0.25999683420336583, 0.4196634548213416, -0.122681, -0.122427, -0.053984, -0.132232, -2.033034457619853, -0.027509, -0.075843, -0.009265, 0.039687, -0.0994056025316411], [-0.7432836431575992, -1.1619655459410092, -1.8296603963781626, 0.5026669576489738, -1.2312788363457712, 0.7108797914354922, 0.653823502654109, -1.6015337987768583, 0.9246465173687297, 0.4243872674670025, 0.6001770463368674, -0.3465105644740468, -0.49004040605318977, 0.8487776217784627, -0.2948370198857593, -0.9293492732264789, 0.3360762653711312, -0.17006763633525945, 0.09819043709620952, -0.2948370198857593, -0.9293492732264789, -0.019452, -0.17006763633525945, 0.34958522444417095, -0.2948370198857593, -0.9293492732264789, -0.019451, -0.38778435951497653, -0.027509, -3.330722457619853, -2.5104782952455325, -0.086749, 0.212491, -0.122681], [-1.2494638925590114, -1.5030989596547892, -2.8096493282872896, 0.26470553505188327, -0.6483966017166575, 0.3743514292990294, 0.5731836693562722, -1.4040055023394402, 0.8106011419675017, 0.10104832994458963, 0.1429031159539855, -0.08250656339247196, -0.11668070262011956, 0.20209665988917927, -0.9293492732264789, -1.8761216736547492, 0.5757090968928104, -0.2540260806266448, 0.14666078545595848, -0.9293492732264789, -1.8761216736547492, -0.053629, -0.2540260806266448, 0.591672443212333, -0.9293492732264789, -1.8761206736547493, -0.053629, -0.6394161612532896, -0.075843, -2.5104782952455325, -3.453394457619853, -0.086569, 0.21205, -0.122427], [-0.4634649937103532, -0.34079440797757066, -0.3715800838293909, -0.5562768365956838, -0.5604712966807424, 0.32358949562790096, -0.8187706439336163, -0.2877216378220484, 0.16611776188584967, 0.5909861522774007, -0.6978126286771917, 0.40288249069300874, -0.1840734395649169, 0.31882136023990426, -0.2971732653711312, -0.4684510968928104, 0.35980455955989904, -0.24312643149203456, 0.14036664433630788, -0.019451, -0.053629, -0.0928546025316411, -0.006008, 0.028936, -0.019451, -0.053629, -0.0928546025316411, -0.028063, -0.009265, -0.086749, -0.086569, -1.9948624576198528, 0.093502, -0.053984], [1.1352492932301164, 0.8347707846642419, 0.9101806275192275, -0.5604712966807424, 0.5877776525042913, -0.7926242179810009, -0.2877216378220484, -0.23145932326591775, -0.40689976734887934, 0.14256354655667997, -0.17319071448864135, 0.31882136023990426, -0.4723695028949107, -0.24493082622558437, 0.21771363633525948, 0.3853900806266448, -0.32731643149203454, 0.07361708325268647, -0.09233130701594114, 0.21771363633525948, 0.3853900806266448, 0.022055, 0.07361708325268647, -0.33937083420336583, 0.38778435951497653, 0.6394161612532896, 0.028063, 0.5926861406056692, 0.039687, 0.212491, 0.21205, 0.093502, -2.185722457619853, 0.132232], [-0.6554370044811113, -0.4819545456976849, -0.5254918658741795, 0.32358949562790096, -0.7926242179810009, -0.3274665387756888, 0.16611776188584967, -0.40689876734887936, -0.7013091971689681, -0.08230979237087657, 0.31882136023990426, 0.19495307779673482, -0.7903758634752732, -0.4723695028949107, -0.12569843709620954, -0.22250378545595847, 0.1889736443363079, -0.09233130701594114, -0.03299670727019857, -0.322076224444171, -0.515829443212333, -0.019671, -0.25999683420336583, 0.4196634548213416, -0.027509, -0.075843, -0.009265, -0.039687, -0.0994056025316411, -0.122681, -0.122427, -0.053984, 0.132232, -2.033034457619853]]], "energy": [-40.43808838], "Enn": [13.472469379], "x": [0.0], "y": [0.0], "z": [0.0], "xx": [11.872635], "yy": [11.872635], "zz": [11.872635], "xy": [-0.0], "yz": [-0.0], "xz": [-0.0], "atomic_charge": [[-0.485188, 0.121297, 0.121297, 0.121297, 0.121297]], "bond_order": [[[0, 1, 0.9173], [0, 2, 0.9173], [0, 3, 0.9173], [0, 4, 0.9173]]], "Ee": [[99268.9, 99269.4, 99270.1]], "T": [[[0.92656, 0.0, 0.0], [0.0, 0.91699, 0.16435], [0.0, 0.1625, 0.92734]]], "alpha": [[[12.8397, 0.00709, 0.00023], [0.00709, 12.8397, 0.00709], [0.00023, 0.00709, 12.8397]]]}